time (s)	pitch (rads)
0	-0.575222039
0.1	-0.574731703
0.2	-0.572918322
0.3	-0.56916444
0.4	-0.56289947
0.5	-0.553790436
0.6	-0.541848739
0.7	-0.527441171
0.8	-0.511215818
0.9	-0.493970958
1	-0.476504651
1.1	-0.459482593
1.2	-0.443352084
1.3	-0.428314125
1.4	-0.414348999
1.5	-0.401278146
1.6	-0.388839675
1.7	-0.376756793
1.8	-0.364785651
1.9	-0.352738087
2	-0.340482464
2.1	-0.327930519
2.2	-0.315019457
2.3	-0.30169693
2.4	-0.287913241
2.5	-0.273621495
2.6	-0.258783468
2.7	-0.243377585
2.8	-0.227405433
2.9	-0.210894461
3	-0.193896094
3.1	-0.176480076
3.2	-0.158726766
3.3	-0.140719304
3.4	-0.122537104
3.5	-0.104251499
3.6	-0.085923588
3.7	-0.067603881
3.8	-0.04933308
3.9	-0.031143362
4	-0.013059716
4.1	0.004898865
4.2	0.022718379
4.3	0.040388968
4.4	0.057904108
4.5	0.075259636
4.6	0.092452586
4.7	0.109479921
4.8	0.126337328
4.9	0.143018186
5	0.159512816
5.1	0.175808073
5.2	0.191887255
5.3	0.207730262
5.4	0.223313883
5.5	0.2386122
5.6	0.253597128
5.7	0.26823907
5.8	0.282507606
5.9	0.296372163
6	0.309802607
6.1	0.322769733
6.2	0.335245627
6.3	0.347203952
6.4	0.3586202
6.5	0.369471894
6.6	0.379738662
6.7	0.389402181
6.8	0.398445987
6.9	0.406855218
7	0.41461635
7.1	0.421716981
7.2	0.428145651
7.3	0.433891715
7.4	0.438945229
7.5	0.443296836
7.6	0.446937709
7.7	0.449859618
7.8	0.452055127
7.9	0.453517897
8	0.454243002
8.1	0.454227216
8.2	0.453469253
8.3	0.451970006
8.4	0.449732789
8.5	0.446763561
8.6	0.443071094
8.7	0.438667061
8.8	0.433565981
8.9	0.427785007
9	0.421343634
9.1	0.414263402
9.2	0.406567616
9.3	0.39828102
9.4	0.389429386
9.5	0.380039055
9.6	0.370136493
9.7	0.359747871
9.8	0.348898733
9.9	0.337613762
10	0.325916635
10.1	0.3138299
10.2	0.301374845
10.3	0.288571415
10.4	0.27543823
10.5	0.261992729
10.6	0.248251385
10.7	0.234229947
10.8	0.21994367
10.9	0.205407513
11	0.190636312
11.1	0.175644996
11.2	0.160448829
11.3	0.145063634
11.4	0.129505959
11.5	0.113793155
11.6	0.09794337
11.7	0.081975466
11.8	0.065908935
11.9	0.049763814
12	0.03356061
12.1	0.017320166
12.2	0.001063466
12.3	-0.015188588
12.4	-0.031415388
12.5	-0.047596757
12.6	-0.063713023
12.7	-0.079745032
12.8	-0.095674129
12.9	-0.111482152
13	-0.127151404
13.1	-0.142664582
13.2	-0.15800466
13.3	-0.173154705
13.4	-0.188097668
13.5	-0.202816197
13.6	-0.21729252
13.7	-0.23150839
13.8	-0.245445063
13.9	-0.259083271
14	-0.272403199
14.1	-0.285384488
14.2	-0.298006294
14.3	-0.310247434
14.4	-0.322086567
14.5	-0.333502397
14.6	-0.344473835
14.7	-0.354980127
14.8	-0.365000951
14.9	-0.374516538
15	-0.383507826
15.1	-0.391956621
15.2	-0.399845755
15.3	-0.407159197
15.4	-0.413882109
15.5	-0.420000881
15.6	-0.425503206
15.7	-0.43037821
15.8	-0.434616595
15.9	-0.438210755
16	-0.441154824
16.1	-0.443444675
16.2	-0.445077912
16.3	-0.446053853
16.4	-0.446373531
16.5	-0.44603971
16.6	-0.445056852
16.7	-0.443431014
16.8	-0.441169699
16.9	-0.438281713
17	-0.43477707
17.1	-0.430666932
17.2	-0.425963568
17.3	-0.420680294
17.4	-0.414831346
17.5	-0.408431733
17.6	-0.401497101
17.7	-0.394043655
17.8	-0.386088104
17.9	-0.377647611
18	-0.368739703
18.1	-0.35938215
18.2	-0.349592838
18.3	-0.339389673
18.4	-0.32879056
18.5	-0.317813417
18.6	-0.306476204
18.7	-0.294796907
18.8	-0.282793491
18.9	-0.270483842
19	-0.257885745
19.1	-0.245016895
19.2	-0.231894943
19.3	-0.218537513
19.4	-0.204962182
19.5	-0.191186422
19.6	-0.177227547
19.7	-0.163102715
19.8	-0.148828952
19.9	-0.134423211
20	-0.1199024
20.1	-0.105283378
20.2	-0.090582916
20.3	-0.075817665
20.4	-0.06100415
20.5	-0.046158812
20.6	-0.031298057
20.7	-0.016438292
20.8	-0.00159592
20.9	0.013212677
21	0.027971143
21.1	0.042663126
21.2	0.05727221
21.3	0.071781844
21.4	0.086175295
21.5	0.100435651
21.6	0.114545835
21.7	0.128488624
21.8	0.142246646
21.9	0.15580234
22	0.169137919
22.1	0.182235366
22.2	0.195076458
22.3	0.207642837
22.4	0.21991607
22.5	0.231877685
22.6	0.243509195
22.7	0.254792115
22.8	0.26570801
22.9	0.276238589
23	0.286365835
23.1	0.296072116
23.2	0.305340269
23.3	0.314153648
23.4	0.322496176
23.5	0.330352426
23.6	0.337707733
23.7	0.344548324
23.8	0.350861436
23.9	0.356635387
24	0.361859614
24.1	0.366524699
24.2	0.370622423
24.3	0.374145844
24.4	0.377089387
24.5	0.37944889
24.6	0.381221612
24.7	0.382406191
24.8	0.383002603
24.9	0.383012142
25	0.382437433
25.1	0.381282441
25.2	0.379552435
25.3	0.377253906
25.4	0.374394462
25.5	0.370982732
25.6	0.367028295
25.7	0.362541648
25.8	0.357534169
25.9	0.352018051
26	0.3460062
26.1	0.339512108
26.2	0.332549763
26.3	0.325133601
26.4	0.317278481
26.5	0.308999669
26.6	0.300312775
26.7	0.291233667
26.8	0.281778379
26.9	0.271963055
27	0.261803932
27.1	0.251317351
27.2	0.240519751
27.3	0.229427622
27.4	0.218057451
27.5	0.206425656
27.6	0.194548565
27.7	0.182442421
27.8	0.170123414
27.9	0.157607692
28	0.144911338
28.1	0.132050323
28.2	0.119040479
28.3	0.105897494
28.4	0.092636949
28.5	0.079274363
28.6	0.065825214
28.7	0.052304925
28.8	0.038728845
28.9	0.025112229
29	0.011470266
29.1	-0.002181883
29.2	-0.015829037
29.3	-0.029455968
29.4	-0.043047399
29.5	-0.056588028
29.6	-0.070062537
29.7	-0.083455573
29.8	-0.096751707
29.9	-0.109935394
30	-0.122990957
30.1	-0.135902601
30.2	-0.148654447
30.3	-0.161230565
30.4	-0.173615022
30.5	-0.185791902
30.6	-0.197745307
30.7	-0.209459338
30.8	-0.220918048
30.9	-0.232105409
31	-0.243005291
31.1	-0.253601483
31.2	-0.263877743
31.3	-0.273817898
31.4	-0.283405951
31.5	-0.292626207
31.6	-0.30146339
31.7	-0.309902735
31.8	-0.317930069
31.9	-0.325531865
32	-0.332695281
32.1	-0.339408192
32.2	-0.345659227
32.3	-0.351437801
32.4	-0.356734166
32.5	-0.361539457
32.6	-0.365845751
32.7	-0.369646106
32.8	-0.372934614
32.9	-0.375706421
33	-0.377957756
33.1	-0.379685938
33.2	-0.380889386
33.3	-0.381567612
33.4	-0.381721218
33.5	-0.381351882
33.6	-0.380462342
33.7	-0.379056374
33.8	-0.377138765
33.9	-0.374715276
34	-0.371792608
34.1	-0.368378348
34.2	-0.364480923
34.3	-0.360109538
34.4	-0.355274122
34.5	-0.349985264
34.6	-0.344254155
34.7	-0.338092535
34.8	-0.331512628
34.9	-0.324527095
35	-0.317148974
35.1	-0.309391635
35.2	-0.301268734
35.3	-0.292794163
35.4	-0.283982021
35.5	-0.274846569
35.6	-0.265402199
35.7	-0.255663407
35.8	-0.24564476
35.9	-0.235360878
36	-0.224826411
36.1	-0.214056025
36.2	-0.203064384
36.3	-0.191866138
36.4	-0.180475913
36.5	-0.168908303
36.6	-0.15717786
36.7	-0.145299096
36.8	-0.133286478
36.9	-0.121154429
37	-0.108917328
37.1	-0.09658951
37.2	-0.084185274
37.3	-0.071718886
37.4	-0.059204587
37.5	-0.0466566
37.6	-0.034089139
37.7	-0.021516415
37.8	-0.008952648
37.9	0.003587929
38	0.016091058
38.1	0.028542447
38.2	0.040927761
38.3	0.053232622
38.4	0.065442598
38.5	0.077543204
38.6	0.089519899
38.7	0.101358087
38.8	0.113043121
38.9	0.12456031
39	0.135894925
39.1	0.147032217
39.2	0.157957429
39.3	0.168655822
39.4	0.179112691
39.5	0.189313396
39.6	0.199243393
39.7	0.208888266
39.8	0.218233768
39.9	0.227265862
40	0.235970764
40.1	0.244334992
40.2	0.252345409
40.3	0.259989283
40.4	0.26725433
40.5	0.274128774
40.6	0.280601396
40.7	0.286661588
40.8	0.292299403
40.9	0.297505603
41	0.302271703
41.1	0.306590019
41.2	0.3104537
41.3	0.31385677
41.4	0.316794149
41.5	0.319261682
41.6	0.32125615
41.7	0.32277529
41.8	0.323817791
41.9	0.324383304
42	0.324472424
42.1	0.324086688
42.2	0.323228551
42.3	0.321901361
42.4	0.320109337
42.5	0.317857534
42.6	0.315151809
42.7	0.31199878
42.8	0.308405789
42.9	0.304380859
43	0.299932645
43.1	0.295070395
43.2	0.289803902
43.3	0.28414346
43.4	0.278099822
43.5	0.271684156
43.6	0.264907998
43.7	0.25778322
43.8	0.250321983
43.9	0.242536709
44	0.234440041
44.1	0.226044813
44.2	0.217364019
44.3	0.208410789
44.4	0.199198357
44.5	0.189740046
44.6	0.180049242
44.7	0.170139381
44.8	0.16002393
44.9	0.149716372
45	0.139230198
45.1	0.128578896
45.2	0.117775941
45.3	0.106834792
45.4	0.095768887
45.5	0.08459164
45.6	0.073316441
45.7	0.061956653
45.8	0.050525615
45.9	0.039036645
46	0.02750304
46.1	0.015938084
46.2	0.004355051
46.3	-0.007232795
46.4	-0.018812189
46.5	-0.030369865
46.6	-0.04189255
46.7	-0.053366961
46.8	-0.064779801
46.9	-0.076117757
47	-0.087367501
47.1	-0.098515687
47.2	-0.109548958
47.3	-0.120453947
47.4	-0.131217281
47.5	-0.14182559
47.6	-0.15226552
47.7	-0.162523739
47.8	-0.17258696
47.9	-0.182441951
48	-0.19207556
48.1	-0.201474735
48.2	-0.210626549
48.3	-0.21951823
48.4	-0.228137189
48.5	-0.236471053
48.6	-0.2445077
48.7	-0.252235297
48.8	-0.259642333
48.9	-0.266717662
49	-0.273450542
49.1	-0.279830674
49.2	-0.285848244
49.3	-0.291493963
49.4	-0.296759103
49.5	-0.301635538
49.6	-0.306115775
49.7	-0.310192991
49.8	-0.313861061
49.9	-0.317114586
50	-0.319948918
50.1	-0.322360174
50.2	-0.324345257
50.3	-0.325901862
50.4	-0.327028487
50.5	-0.327724432
50.6	-0.327989797
50.7	-0.327825476
50.8	-0.327233145
50.9	-0.326215245
51	-0.324774967
51.1	-0.322916229
51.2	-0.320643649
51.3	-0.317962517
51.4	-0.314878769
51.5	-0.311398951
51.6	-0.30753019
51.7	-0.303280155
51.8	-0.298657027
51.9	-0.293669462
52	-0.288326555
52.1	-0.282637809
52.2	-0.276613099
52.3	-0.270262639
52.4	-0.263596949
52.5	-0.256626828
52.6	-0.249363322
52.7	-0.241817696
52.8	-0.234001411
52.9	-0.225926096
53	-0.217603525
53.1	-0.209045601
53.2	-0.200264331
53.3	-0.191271812
53.4	-0.182080214
53.5	-0.172701766
53.6	-0.163148743
53.7	-0.153433458
53.8	-0.14356825
53.9	-0.133565475
54	-0.123437505
54.1	-0.113196717
54.2	-0.102855495
54.3	-0.092426221
54.4	-0.081921279
54.5	-0.071353051
54.6	-0.060733916
54.7	-0.050076254
54.8	-0.039392444
54.9	-0.028694868
55	-0.017995907
55.1	-0.00730795
55.2	0.003356612
55.3	0.013985381
55.4	0.024565952
55.5	0.035085917
55.6	0.045532861
55.7	0.055894366
55.8	0.066158018
55.9	0.076311407
56	0.086342135
56.1	0.096237825
56.2	0.105986126
56.3	0.115574731
56.4	0.124991385
56.5	0.134223901
56.6	0.143260178
56.7	0.152088221
56.8	0.160696159
56.9	0.169072269
57	0.177205002
57.1	0.18508301
57.2	0.19269517
57.3	0.20003062
57.4	0.207078783
57.5	0.213829405
57.6	0.220272581
57.7	0.226398794
57.8	0.232198943
57.9	0.237664381
58	0.24278694
58.1	0.247558969
58.2	0.25197336
58.3	0.256023577
58.4	0.25970368
58.5	0.263008353
58.6	0.265932922
58.7	0.268473374
58.8	0.27062637
58.9	0.272389262
59	0.273760095
59.1	0.274737614
59.2	0.275321269
59.3	0.275511206
59.4	0.275308268
59.5	0.27471398
59.6	0.273730542
59.7	0.27236081
59.8	0.270608282
59.9	0.268477074
60	0.265971901
60.1	0.26309805
60.2	0.259861358
60.3	0.256268182
60.4	0.252325372
60.5	0.248040245
60.6	0.243420551
60.7	0.238474449
60.8	0.233210478
60.9	0.227637525
61	0.221764801
61.1	0.215601812
61.2	0.209158332
61.3	0.20244438
61.4	0.195470195
61.5	0.188246211
61.6	0.180783039
61.7	0.173091443
61.8	0.165182324
61.9	0.1570667
62	0.148755693
62.1	0.140260511
62.2	0.131592435
62.3	0.122762809
62.4	0.113783027
62.5	0.104664527
62.6	0.095418775
62.7	0.086057268
62.8	0.076591519
62.9	0.067033056
63	0.057393419
63.1	0.047684153
63.2	0.037916807
63.3	0.028102931
63.4	0.018254077
63.5	0.008381793
63.6	-0.001502374
63.7	-0.011386881
63.8	-0.021260191
63.9	-0.031110771
64	-0.040927098
64.1	-0.050697654
64.2	-0.060410938
64.3	-0.070055461
64.4	-0.079619753
64.5	-0.089092367
64.6	-0.098461887
64.7	-0.107716933
64.8	-0.116846167
64.9	-0.125838307
65	-0.134682135
65.1	-0.143366509
65.2	-0.151880378
65.3	-0.160212795
65.4	-0.168352937
65.5	-0.176290117
65.6	-0.18401381
65.7	-0.19151367
65.8	-0.19877955
65.9	-0.20580153
66	-0.212569938
66.1	-0.219075373
66.2	-0.225308734
66.3	-0.231261243
66.4	-0.236924474
66.5	-0.242290374
66.6	-0.247351294
66.7	-0.252100011
66.8	-0.256529754
66.9	-0.260634225
67	-0.264407624
67.1	-0.267844667
67.2	-0.270940606
67.3	-0.273691245
67.4	-0.276092955
67.5	-0.278142685
67.6	-0.279837975
67.7	-0.281176959
67.8	-0.282158371
67.9	-0.282781547
68	-0.283046425
68.1	-0.282953542
68.2	-0.282504024
68.3	-0.281699582
68.4	-0.280542501
68.5	-0.279035624
68.6	-0.27718234
68.7	-0.274986565
68.8	-0.272452728
68.9	-0.269585748
69	-0.266391014
69.1	-0.262874362
69.2	-0.259042058
69.3	-0.25490077
69.4	-0.250457546
69.5	-0.245719793
69.6	-0.240695253
69.7	-0.235391977
69.8	-0.229818309
69.9	-0.223982857
70	-0.217894479
70.1	-0.211562255
70.2	-0.204995472
70.3	-0.198203606
70.4	-0.1911963
70.5	-0.183983349
70.6	-0.176574685
70.7	-0.168980363
70.8	-0.161210544
70.9	-0.153275483
71	-0.145185522
71.1	-0.136951072
71.2	-0.128582609
71.3	-0.120090664
71.4	-0.111485811
71.5	-0.102778668
71.6	-0.093979884
71.7	-0.085100135
71.8	-0.076150122
71.9	-0.067140563
72	-0.058082193
72.1	-0.048985757
72.2	-0.03986201
72.3	-0.03072171
72.4	-0.021575622
72.5	-0.012434508
72.6	-0.003309129
72.7	0.005789762
72.8	0.014851419
72.9	0.023865109
73	0.032820118
73.1	0.041705751
73.2	0.050511344
73.3	0.059226266
73.4	0.067839926
73.5	0.076341784
73.6	0.084721358
73.7	0.092968234
73.8	0.101072079
73.9	0.109022652
74	0.116809818
74.1	0.124423563
74.2	0.131854008
74.3	0.139091427
74.4	0.146126266
74.5	0.15294916
74.6	0.159550952
74.7	0.165922715
74.8	0.172055772
74.9	0.177941719
75	0.183572443
75.1	0.188940148
75.2	0.194037373
75.3	0.198857019
75.4	0.203392363
75.5	0.207637086
75.6	0.211585286
75.7	0.215231503
75.8	0.21857073
75.9	0.221598436
76	0.224310576
76.1	0.226703604
76.2	0.228774488
76.3	0.230520714
76.4	0.231940296
76.5	0.233031782
76.6	0.233794253
76.7	0.234227328
76.8	0.234331158
76.9	0.234106429
77	0.233554347
77.1	0.232676641
77.2	0.231475546
77.3	0.229953793
77.4	0.228114601
77.5	0.225961655
77.6	0.2234991
77.7	0.220731517
77.8	0.217663907
77.9	0.214301676
78	0.210650614
78.1	0.206716875
78.2	0.202506959
78.3	0.198027691
78.4	0.193286203
78.5	0.188289913
78.6	0.183046507
78.7	0.177563919
78.8	0.171850313
78.9	0.165914066
79	0.159763751
79.1	0.153408116
79.2	0.146856075
79.3	0.140116689
79.4	0.133199152
79.5	0.126112778
79.6	0.118866989
79.7	0.111471304
79.8	0.103935324
79.9	0.096268726
80	0.088481255
80.1	0.080582708
80.2	0.072582936
80.3	0.064491827
80.4	0.056319309
80.5	0.048075335
80.6	0.039769885
80.7	0.031412955
80.8	0.023014557
80.9	0.014584711
81	0.006133443
81.1	-0.00232922
81.2	-0.010793253
81.3	-0.01924864
81.4	-0.027685372
81.5	-0.03609346
81.6	-0.044462929
81.7	-0.052783835
81.8	-0.061046258
81.9	-0.069240317
82	-0.077356172
82.1	-0.085384032
82.2	-0.093314162
82.3	-0.101136892
82.4	-0.108842626
82.5	-0.116421853
82.6	-0.123865153
82.7	-0.131163214
82.8	-0.138306843
82.9	-0.145286976
83	-0.152094696
83.1	-0.158721244
83.2	-0.165158038
83.3	-0.171396686
83.4	-0.177429003
83.5	-0.18324703
83.6	-0.188843049
83.7	-0.194209601
83.8	-0.199339506
83.9	-0.204225877
84	-0.208862142
84.1	-0.213242056
84.2	-0.217359724
84.3	-0.221209611
84.4	-0.224786563
84.5	-0.228085819
84.6	-0.231103025
84.7	-0.233834247
84.8	-0.236275982
84.9	-0.238425168
85	-0.240279194
85.1	-0.241835903
85.2	-0.243093604
85.3	-0.244051067
85.4	-0.244707535
85.5	-0.245062716
85.6	-0.245116785
85.7	-0.244870384
85.8	-0.244324611
85.9	-0.243481019
86	-0.24234161
86.1	-0.24090882
86.2	-0.239185512
86.3	-0.237174967
86.4	-0.23488087
86.5	-0.232307295
86.6	-0.229458693
86.7	-0.226339876
86.8	-0.222956005
86.9	-0.219312571
87	-0.215415379
87.1	-0.211270535
87.2	-0.206884426
87.3	-0.202263708
87.4	-0.197415286
87.5	-0.192346302
87.6	-0.187064115
87.7	-0.181576291
87.8	-0.175890585
87.9	-0.170014927
88	-0.163957411
88.1	-0.157726277
88.2	-0.151329904
88.3	-0.144776793
88.4	-0.138075561
88.5	-0.131234926
88.6	-0.124263698
88.7	-0.117170771
88.8	-0.109965113
88.9	-0.102655758
89	-0.095251798
89.1	-0.087762376
89.2	-0.080196679
89.3	-0.072563934
89.4	-0.064873397
89.5	-0.057134352
89.6	-0.049356106
89.7	-0.041547977
89.8	-0.0337193
89.9	-0.025879411
90	-0.018037651
90.1	-0.010203357
90.2	-0.002385855
90.3	0.00540554
90.4	0.013161533
90.5	0.020872852
90.6	0.028530257
90.7	0.036124545
90.8	0.043646555
90.9	0.051087178
91	0.058437363
91.1	0.065688126
91.2	0.07283056
91.3	0.079855841
91.4	0.086755244
91.5	0.093520147
91.6	0.10014205
91.7	0.106612579
91.8	0.112923507
91.9	0.119066759
92	0.125034432
92.1	0.130818808
92.2	0.136412363
92.3	0.141807792
92.4	0.146998015
92.5	0.151976197
92.6	0.156735762
92.7	0.161270408
92.8	0.165574124
92.9	0.1696412
93	0.173466249
93.1	0.177044213
93.2	0.180370382
93.3	0.183440404
93.4	0.186250295
93.5	0.188796453
93.6	0.191075668
93.7	0.193085126
93.8	0.194822419
93.9	0.196285553
94	0.197472949
94.1	0.198383449
94.2	0.199016315
94.3	0.199371234
94.4	0.199448313
94.5	0.199248078
94.6	0.19877147
94.7	0.198019844
94.8	0.196994956
94.9	0.195698963
95	0.194134408
95.1	0.192304215
95.2	0.19021168
95.3	0.187860453
95.4	0.185254535
95.5	0.182398259
95.6	0.17929628
95.7	0.175953563
95.8	0.172375363
95.9	0.168567221
96	0.164534942
96.1	0.160284582
96.2	0.15582244
96.3	0.151155036
96.4	0.146289102
96.5	0.141231568
96.6	0.135989549
96.7	0.13057033
96.8	0.124981356
96.9	0.119230219
97	0.113324646
97.1	0.107272489
97.2	0.101081714
97.3	0.094760389
97.4	0.088316677
97.5	0.081758826
97.6	0.075095159
97.7	0.068334068
97.8	0.061484003
97.9	0.054553469
98	0.047551015
98.1	0.040485228
98.2	0.03336473
98.3	0.026198167
98.4	0.018994206
98.5	0.01176153
98.6	0.004508832
98.7	-0.002755195
98.8	-0.010021854
98.9	-0.017282459
99	-0.024528334
99.1	-0.031750822
99.2	-0.038941288
99.3	-0.046091129
99.4	-0.053191774
99.5	-0.060234696
99.6	-0.067211417
99.7	-0.074113514
99.8	-0.080932627
99.9	-0.087660469
100	-0.094288829
100.1	-0.100809588
100.2	-0.107214722
100.3	-0.113496316
100.4	-0.119646571
100.5	-0.125657818
100.6	-0.131522524
100.7	-0.137233309
100.8	-0.142782954
100.9	-0.148164415
101	-0.153370835
101.1	-0.158395554
101.2	-0.163232126
101.3	-0.167874329
101.4	-0.172316178
101.5	-0.176551938
101.6	-0.180576137
101.7	-0.184383578
101.8	-0.187969348
101.9	-0.191328836
102	-0.194457738
102.1	-0.197352067
102.2	-0.20000817
102.3	-0.202422727
102.4	-0.204592767
102.5	-0.206515671
102.6	-0.208189178
102.7	-0.209611392
102.8	-0.210780788
102.9	-0.211696208
103	-0.212356871
103.1	-0.212762367
103.2	-0.212912664
103.3	-0.212808098
103.4	-0.212449379
103.5	-0.21183758
103.6	-0.210974138
103.7	-0.209860848
103.8	-0.208499851
103.9	-0.206893634
104	-0.205045019
104.1	-0.202957151
104.2	-0.200633494
104.3	-0.19807782
104.4	-0.195294193
104.5	-0.192286967
104.6	-0.189060767
104.7	-0.185620483
104.8	-0.181971254
104.9	-0.178118461
105	-0.17406771
105.1	-0.169824824
105.2	-0.165395832
105.3	-0.160786951
105.4	-0.156004584
105.5	-0.1510553
105.6	-0.14594583
105.7	-0.140683051
105.8	-0.135273978
105.9	-0.129725756
106	-0.124045645
106.1	-0.118241015
106.2	-0.112319337
106.3	-0.106288171
106.4	-0.100155161
106.5	-0.093928024
106.6	-0.087614548
106.7	-0.081222577
106.8	-0.074760009
106.9	-0.06823479
107	-0.061654903
107.1	-0.055028366
107.2	-0.048363224
107.3	-0.041667543
107.4	-0.034949406
107.5	-0.028216903
107.6	-0.021478131
107.7	-0.014741184
107.8	-0.008014149
107.9	-0.001305099
108	0.00537791
108.1	0.01202685
108.2	0.018633722
108.3	0.025190567
108.4	0.031689469
108.5	0.038122565
108.6	0.04448205
108.7	0.050760187
108.8	0.056949311
108.9	0.063041844
109	0.069030296
109.1	0.07490728
109.2	0.080665516
109.3	0.086297848
109.4	0.091797246
109.5	0.097156822
109.6	0.102369836
109.7	0.107429714
109.8	0.11233005
109.9	0.117064622
110	0.121627406
110.1	0.126012579
110.2	0.13021454
110.3	0.134227913
110.4	0.138047563
110.5	0.141668603
110.6	0.145086408
110.7	0.148296625
110.8	0.151295179
110.9	0.154078284
111	0.156642453
111.1	0.158984507
111.2	0.161101575
111.3	0.162991111
111.4	0.16465089
111.5	0.16607902
111.6	0.167273941
111.7	0.168234432
111.8	0.168959609
111.9	0.16944893
112	0.169702193
112.1	0.169719536
112.2	0.169501436
112.3	0.169048703
112.4	0.168362483
112.5	0.167444248
112.6	0.166295792
112.7	0.164919228
112.8	0.163316979
112.9	0.161491771
113	0.159446625
113.1	0.157184849
113.2	0.154710032
113.3	0.152026029
113.4	0.149136956
113.5	0.146047178
113.6	0.1427613
113.7	0.139284157
113.8	0.1356208
113.9	0.131776491
114	0.12775669
114.1	0.123567042
114.2	0.119213373
114.3	0.114701672
114.4	0.110038087
114.5	0.105228912
114.6	0.10028058
114.7	0.09519965
114.8	0.089992799
114.9	0.084666816
115	0.079228589
115.1	0.0736851
115.2	0.068043416
115.3	0.062310677
115.4	0.056494097
115.5	0.050600949
115.6	0.044638562
115.7	0.03861431
115.8	0.032535613
115.9	0.026409921
116	0.020244717
116.1	0.014047503
116.2	0.007825799
116.3	0.001587135
116.4	-0.004660955
116.5	-0.010910937
116.6	-0.017155284
116.7	-0.023386485
116.8	-0.029597045
116.9	-0.035779495
117	-0.041926397
117.1	-0.048030353
117.2	-0.054084005
117.3	-0.060080049
117.4	-0.066011237
117.5	-0.071870387
117.6	-0.077650388
117.7	-0.083344208
117.8	-0.088944905
117.9	-0.09444563
118	-0.099839639
118.1	-0.1051203
118.2	-0.110281103
118.3	-0.115315666
118.4	-0.120217749
118.5	-0.124981259
118.6	-0.129600261
118.7	-0.134068988
118.8	-0.138381851
118.9	-0.142533445
119	-0.146518565
119.1	-0.150332209
119.2	-0.153969591
119.3	-0.15742615
119.4	-0.160697557
119.5	-0.163779725
119.6	-0.166668818
119.7	-0.169361257
119.8	-0.17185373
119.9	-0.174143193
120	-0.176226886
120.1	-0.17810233
120.2	-0.179767335
120.3	-0.181220007
120.4	-0.182458747
120.5	-0.183482259
120.6	-0.184289549
120.7	-0.184879925
120.8	-0.185253004
120.9	-0.185408704
121	-0.185347249
121.1	-0.185069165
121.2	-0.184575279
121.3	-0.183866714
121.4	-0.182944887
121.5	-0.181811504
121.6	-0.180468554
121.7	-0.178918307
121.8	-0.177163302
121.9	-0.175206346
122	-0.173050505
122.1	-0.170699093
122.2	-0.168155671
122.3	-0.165424033
122.4	-0.162508201
122.5	-0.159412415
122.6	-0.156141123
122.7	-0.152698975
122.8	-0.149090813
122.9	-0.14532166
123	-0.141396714
123.1	-0.137321338
123.2	-0.133101049
123.3	-0.128741513
123.4	-0.124248533
123.5	-0.119628042
123.6	-0.114886095
123.7	-0.11002886
123.8	-0.105062611
123.9	-0.099993717
124	-0.094828639
124.1	-0.089573919
124.2	-0.084236176
124.3	-0.078822095
124.4	-0.073338423
124.5	-0.067791961
124.6	-0.062189559
124.7	-0.056538108
124.8	-0.050844533
124.9	-0.045115791
125	-0.039358861
125.1	-0.033580736
125.2	-0.027788425
125.3	-0.02198894
125.4	-0.016189292
125.5	-0.010396487
125.6	-0.004617516
125.7	0.001140647
125.8	0.006871051
125.9	0.012566778
126	0.018220947
126.1	0.023826721
126.2	0.02937731
126.3	0.034865986
126.4	0.040286081
126.5	0.045630999
126.6	0.050894225
126.7	0.056069326
126.8	0.061149966
126.9	0.066129908
127	0.071003027
127.1	0.075763313
127.2	0.080404884
127.3	0.084921993
127.4	0.089309034
127.5	0.093560553
127.6	0.097671259
127.7	0.101636027
127.8	0.105449911
127.9	0.10910815
128	0.112606178
128.1	0.115939633
128.2	0.119104362
128.3	0.12209643
128.4	0.124912131
128.5	0.127547989
128.6	0.130000771
128.7	0.132267487
128.8	0.134345402
128.9	0.136232038
129	0.137925179
129.1	0.139422876
129.2	0.14072345
129.3	0.141825497
129.4	0.142727889
129.5	0.143429774
129.6	0.143930581
129.7	0.144230017
129.8	0.14432807
129.9	0.144225004
130	0.143921362
130.1	0.143417962
130.2	0.142715892
130.3	0.14181651
130.4	0.140721439
130.5	0.139432562
130.6	0.137952017
130.7	0.136282192
130.8	0.134425719
130.9	0.132385468
131	0.130164539
131.1	0.127766259
131.2	0.125194167
131.3	0.122452017
131.4	0.119543761
131.5	0.116473545
131.6	0.113245703
131.7	0.109864745
131.8	0.106335351
131.9	0.102662365
132	0.098850781
132.1	0.094905741
132.2	0.090832524
132.3	0.086636536
132.4	0.082323309
132.5	0.077898485
132.6	0.073367815
132.7	0.068737146
132.8	0.06401242
132.9	0.059199658
133	0.054304964
133.1	0.049334509
133.2	0.044294527
133.3	0.03919131
133.4	0.034031201
133.5	0.028820587
133.6	0.02356589
133.7	0.018273568
133.8	0.012950101
133.9	0.007601991
134	0.002235753
134.1	-0.003142091
134.2	-0.008525015
134.3	-0.0139065
134.4	-0.019280033
134.5	-0.02463912
134.6	-0.029977285
134.7	-0.035288082
134.8	-0.040565098
134.9	-0.045801958
135	-0.050992336
135.1	-0.056129954
135.2	-0.061208597
135.3	-0.066222111
135.4	-0.071164418
135.5	-0.076029514
135.6	-0.080811485
135.7	-0.085504506
135.8	-0.090102854
135.9	-0.094600912
136	-0.098993179
136.1	-0.103274273
136.2	-0.107438943
136.3	-0.111482076
136.4	-0.115398701
136.5	-0.119184001
136.6	-0.122833315
136.7	-0.126342154
136.8	-0.129706198
136.9	-0.132921313
137	-0.135983548
137.1	-0.138889153
137.2	-0.141634575
137.3	-0.144216471
137.4	-0.146631714
137.5	-0.148877393
137.6	-0.150950824
137.7	-0.152849554
137.8	-0.154571363
137.9	-0.15611427
138	-0.157476536
138.1	-0.158656667
138.2	-0.159653416
138.3	-0.160465788
138.4	-0.161093037
138.5	-0.161534668
138.6	-0.161790441
138.7	-0.161860366
138.8	-0.161744705
138.9	-0.161443972
139	-0.160958925
139.1	-0.160290572
139.2	-0.159440161
139.3	-0.158409183
139.4	-0.157199361
139.5	-0.155812652
139.6	-0.154251241
139.7	-0.152517533
139.8	-0.15061415
139.9	-0.148543928
140	-0.146309904
140.1	-0.143915317
140.2	-0.141363597
140.3	-0.138658361
140.4	-0.135803406
140.5	-0.132802699
140.6	-0.129660374
140.7	-0.126380723
140.8	-0.12296819
140.9	-0.119427362
141	-0.115762963
141.1	-0.111979848
141.2	-0.108082994
141.3	-0.104077493
141.4	-0.099968547
141.5	-0.095761459
141.6	-0.091461629
141.7	-0.087074543
141.8	-0.08260577
141.9	-0.078060954
142	-0.073445809
142.1	-0.068766109
142.2	-0.064027686
142.3	-0.059236422
142.4	-0.054398244
142.5	-0.049519116
142.6	-0.044605034
142.7	-0.039662022
142.8	-0.034696122
142.9	-0.029713394
143	-0.024719905
143.1	-0.019721726
143.2	-0.014724927
143.3	-0.009735567
143.4	-0.004759695
143.5	0.000196663
143.6	0.005127505
143.7	0.010026859
143.8	0.014888792
143.9	0.019707414
144	0.024476884
144.1	0.029191418
144.2	0.033845291
144.3	0.03843285
144.4	0.042948514
144.5	0.047386785
144.6	0.051742252
144.7	0.0560096
144.8	0.060183613
144.9	0.064259186
145	0.068231329
145.1	0.072095173
145.2	0.075845978
145.3	0.079479141
145.4	0.082990202
145.5	0.086374849
145.6	0.089628927
145.7	0.092748446
145.8	0.095729582
145.9	0.09856869
146	0.101262303
146.1	0.103807146
146.2	0.106200135
146.3	0.108438384
146.4	0.110519211
146.5	0.112440145
146.6	0.114198925
146.7	0.115793506
146.8	0.117222066
146.9	0.118483005
147	0.119574948
147.1	0.120496749
147.2	0.121247493
147.3	0.121826496
147.4	0.122233303
147.5	0.122467695
147.6	0.122529685
147.7	0.122419515
147.8	0.122137658
147.9	0.121684818
148	0.121061923
148.1	0.120270127
148.2	0.119310804
148.3	0.118185547
148.4	0.116896161
148.5	0.115444663
148.6	0.113833276
148.7	0.112064423
148.8	0.110140722
148.9	0.108064983
149	0.105840201
149.1	0.10346955
149.2	0.100956376
149.3	0.098304194
149.4	0.09551668
149.5	0.092597664
149.6	0.089551124
149.7	0.086381182
149.8	0.083092092
149.9	0.07968824
150	0.076174132
150.1	0.072554391
150.2	0.068833748
150.3	0.065017037
150.4	0.06110919
150.5	0.057115226
150.6	0.053040249
150.7	0.048889441
150.8	0.044668054
150.9	0.040381405
151	0.03603487
151.1	0.031633879
151.2	0.027183909
151.3	0.022690476
151.4	0.018159134
151.5	0.013595466
151.6	0.009005079
151.7	0.004393599
151.8	-0.000233337
151.9	-0.004870081
152	-0.009510987
152.1	-0.01415041
152.2	-0.018782715
152.3	-0.023402283
152.4	-0.028003515
152.5	-0.032580836
152.6	-0.037128705
152.7	-0.041641617
152.8	-0.046114111
152.9	-0.050540773
153	-0.054916246
153.1	-0.059235233
153.2	-0.063492501
153.3	-0.067682891
153.4	-0.071801325
153.5	-0.075842804
153.6	-0.079802425
153.7	-0.083675378
153.8	-0.087456957
153.9	-0.091142567
154	-0.094727724
154.1	-0.09820807
154.2	-0.101579372
154.3	-0.10483753
154.4	-0.107978584
154.5	-0.110998721
154.6	-0.113894278
154.7	-0.116661747
154.8	-0.119297785
154.9	-0.121799214
155	-0.124163032
155.1	-0.12638641
155.2	-0.128466704
155.3	-0.130401456
155.4	-0.132188398
155.5	-0.133825456
155.6	-0.135310753
155.7	-0.136642614
155.8	-0.137819566
155.9	-0.138840342
156	-0.139703881
156.1	-0.140409334
156.2	-0.140956059
156.3	-0.141343627
156.4	-0.141571819
156.5	-0.141640626
156.6	-0.141550251
156.7	-0.141301107
156.8	-0.140893812
156.9	-0.140329195
157	-0.139608285
157.1	-0.138732315
157.2	-0.137702718
157.3	-0.13652112
157.4	-0.135189343
157.5	-0.133709395
157.6	-0.132083469
157.7	-0.130313939
157.8	-0.128403356
157.9	-0.126354439
158	-0.124170075
158.1	-0.121853313
158.2	-0.119407356
158.3	-0.116835557
158.4	-0.114141415
158.5	-0.111328567
158.6	-0.108400785
158.7	-0.105361965
158.8	-0.102216129
158.9	-0.098967413
159	-0.095620062
159.1	-0.092178427
159.2	-0.088646957
159.3	-0.085030193
159.4	-0.081332762
159.5	-0.077559374
159.6	-0.073714811
159.7	-0.069803927
159.8	-0.065831639
159.9	-0.061802921
160	-0.057722801
160.1	-0.053596353
160.2	-0.049428693
160.3	-0.045224973
160.4	-0.040990374
160.5	-0.036730103
160.6	-0.032449389
160.7	-0.028153472
160.8	-0.023847602
160.9	-0.019537035
161	-0.015227021
161.1	-0.010922808
161.2	-0.006629627
161.3	-0.002352694
161.4	0.001902798
161.5	0.006131686
161.6	0.01032884
161.7	0.014489169
161.8	0.018607628
161.9	0.022679223
162	0.026699014
162.1	0.030662125
162.2	0.034563746
162.3	0.03839914
162.4	0.04216365
162.5	0.045852702
162.6	0.049461814
162.7	0.052986598
162.8	0.05642277
162.9	0.059766151
163	0.063012676
163.1	0.066158401
163.2	0.069199502
163.3	0.072132288
163.4	0.074953203
163.5	0.077658829
163.6	0.080245897
163.7	0.082711285
163.8	0.085052028
163.9	0.087265322
164	0.089348526
164.1	0.091299166
164.2	0.093114944
164.3	0.094793735
164.4	0.096333594
164.5	0.097732761
164.6	0.098989657
164.7	0.100102895
164.8	0.101071274
164.9	0.101893787
165	0.10256962
165.1	0.103098151
165.2	0.103478955
165.3	0.103711801
165.4	0.103796652
165.5	0.103733668
165.6	0.103523199
165.7	0.103165792
165.8	0.102662182
165.9	0.102013294
166	0.101220242
166.1	0.100284322
166.2	0.099207014
166.3	0.097989975
166.4	0.09663504
166.5	0.095144213
166.6	0.093519669
166.7	0.091763746
166.8	0.08987894
166.9	0.087867905
167	0.085733444
167.1	0.083478506
167.2	0.081106183
167.3	0.0786197
167.4	0.076022414
167.5	0.073317809
167.6	0.070509488
167.7	0.067601167
167.8	0.064596676
167.9	0.061499945
168	0.058315004
168.1	0.055045978
168.2	0.051697076
168.3	0.048272593
168.4	0.044776898
168.5	0.041214433
168.6	0.037589706
168.7	0.033907283
168.8	0.030171788
168.9	0.026387895
169	0.022560321
169.1	0.018693823
169.2	0.014793192
169.3	0.010863248
169.4	0.006908834
169.5	0.002934814
169.6	-0.001053938
169.7	-0.005052537
169.8	-0.009056097
169.9	-0.013059732
170	-0.017058563
170.1	-0.021047726
170.2	-0.02502237
170.3	-0.028977671
170.4	-0.032908827
170.5	-0.036811075
170.6	-0.040679684
170.7	-0.044509969
170.8	-0.048297293
170.9	-0.052037072
171	-0.05572478
171.1	-0.059355954
171.2	-0.062926203
171.3	-0.066431208
171.4	-0.069866729
171.5	-0.073228612
171.6	-0.076512793
171.7	-0.0797153
171.8	-0.082832267
171.9	-0.085859927
172	-0.088794627
172.1	-0.091632829
172.2	-0.094371114
172.3	-0.097006189
172.4	-0.099534889
172.5	-0.101954184
172.6	-0.104261185
172.7	-0.106453141
172.8	-0.10852745
172.9	-0.110481663
173	-0.112313482
173.1	-0.114020767
173.2	-0.115601542
173.3	-0.117053992
173.4	-0.118376469
173.5	-0.119567495
173.6	-0.120625764
173.7	-0.121550142
173.8	-0.122339669
173.9	-0.122993563
174	-0.123511218
174.1	-0.123892205
174.2	-0.124136274
174.3	-0.124243353
174.4	-0.124213547
174.5	-0.124047139
174.6	-0.123744587
174.7	-0.123306525
174.8	-0.122733761
174.9	-0.122027273
175	-0.121188211
175.1	-0.120217889
175.2	-0.11911779
175.3	-0.117889555
175.4	-0.116534986
175.5	-0.11505604
175.6	-0.113454825
175.7	-0.1117336
175.8	-0.109894765
175.9	-0.107940863
176	-0.105874573
176.1	-0.103698704
176.2	-0.101416195
176.3	-0.099030106
176.4	-0.096543617
176.5	-0.09396002
176.6	-0.091282717
176.7	-0.088515214
176.8	-0.085661116
176.9	-0.08272412
177	-0.079708016
177.1	-0.076616676
177.2	-0.073454052
177.3	-0.070224169
177.4	-0.066931124
177.5	-0.063579074
177.6	-0.06017224
177.7	-0.056714894
177.8	-0.053211359
177.9	-0.049666001
178	-0.046083228
178.1	-0.042467479
178.2	-0.038823226
178.3	-0.035154964
178.4	-0.031467207
178.5	-0.027764486
178.6	-0.024051341
178.7	-0.020332316
178.8	-0.016611958
178.9	-0.012894808
179	-0.009185397
179.1	-0.005488242
179.2	-0.001807842
179.3	0.001851329
179.4	0.005484826
179.5	0.009088238
179.6	0.012657192
179.7	0.016187359
179.8	0.019674459
179.9	0.023114265
180	0.026502609
180.1	0.029835385
180.2	0.033108558
180.3	0.036318164
180.4	0.039460317
180.5	0.042531216
180.6	0.045527146
180.7	0.048444484
180.8	0.051279706
180.9	0.054029391
181	0.056690221
181.1	0.059258991
181.2	0.061732613
181.3	0.064108117
181.4	0.066382657
181.5	0.068553517
181.6	0.070618109
181.7	0.072573985
181.8	0.074418834
181.9	0.076150489
182	0.077766926
182.1	0.079266274
182.2	0.08064681
182.3	0.081906967
182.4	0.083045333
182.5	0.084060656
182.6	0.084951843
182.7	0.085717962
182.8	0.086358245
182.9	0.086872088
183	0.087259051
183.1	0.087518857
183.2	0.087651398
183.3	0.087656726
183.4	0.087535061
183.5	0.087286785
183.6	0.086912441
183.7	0.086412737
183.8	0.085788538
183.9	0.085040866
184	0.084170902
184.1	0.083179978
184.2	0.082069577
184.3	0.080841332
184.4	0.079497021
184.5	0.078038562
184.6	0.076468015
184.7	0.074787573
184.8	0.072999563
184.9	0.071106438
185	0.069110776
185.1	0.067015275
185.2	0.06482275
185.3	0.062536125
185.4	0.060158434
185.5	0.057692812
185.6	0.055142494
185.7	0.052510808
185.8	0.049801172
185.9	0.047017088
186	0.044162139
186.1	0.041239982
186.2	0.038254347
186.3	0.035209027
186.4	0.03210788
186.5	0.028954817
186.6	0.025753804
186.7	0.022508853
186.8	0.019224018
186.9	0.015903391
187	0.012551099
187.1	0.009171295
187.2	0.005768158
187.3	0.002345885
187.4	-0.001091313
187.5	-0.004539214
187.6	-0.00799359
187.7	-0.011450214
187.8	-0.014904861
187.9	-0.018353317
188	-0.02179138
188.1	-0.025214864
188.2	-0.028619608
188.3	-0.032001477
188.4	-0.035356367
188.5	-0.03868021
188.6	-0.041968979
188.7	-0.045218694
188.8	-0.048425423
188.9	-0.051585288
189	-0.054694471
189.1	-0.057749217
189.2	-0.060745841
189.3	-0.063680727
189.4	-0.066550339
189.5	-0.069351221
189.6	-0.072080002
189.7	-0.074733403
189.8	-0.077308236
189.9	-0.079801416
190	-0.082209955
190.1	-0.084530976
190.2	-0.08676171
190.3	-0.088899503
190.4	-0.090941816
190.5	-0.092886236
190.6	-0.09473047
190.7	-0.096472354
190.8	-0.098109857
190.9	-0.099641078
191	-0.101064256
191.1	-0.102377764
191.2	-0.103580121
191.3	-0.104669986
191.4	-0.105646163
191.5	-0.106507603
191.6	-0.107253406
191.7	-0.107882819
191.8	-0.10839524
191.9	-0.108790217
192	-0.109067449
192.1	-0.109226788
192.2	-0.109268234
192.3	-0.10919194
192.4	-0.108998207
192.5	-0.108687488
192.6	-0.108260383
192.7	-0.107717638
192.8	-0.107060146
192.9	-0.106288943
193	-0.105405207
193.1	-0.104410256
193.2	-0.103305546
193.3	-0.102092666
193.4	-0.100773339
193.5	-0.099349416
193.6	-0.097822875
193.7	-0.096195817
193.8	-0.094470462
193.9	-0.092649147
194	-0.090734322
194.1	-0.088728546
194.2	-0.086634483
194.3	-0.084454898
194.4	-0.082192655
194.5	-0.07985071
194.6	-0.077432108
194.7	-0.074939982
194.8	-0.072377543
194.9	-0.06974808
195	-0.067054957
195.1	-0.064301602
195.2	-0.06149151
195.3	-0.058628235
195.4	-0.055715387
195.5	-0.052756625
195.6	-0.049755656
195.7	-0.04671623
195.8	-0.043642134
195.9	-0.040537188
196	-0.037405242
196.1	-0.034250171
196.2	-0.031075869
196.3	-0.027886247
196.4	-0.024685227
196.5	-0.021476739
196.6	-0.018264717
196.7	-0.015053089
196.8	-0.011845783
196.9	-0.008646712
197	-0.005459777
197.1	-0.00228886
197.2	0.000862183
197.3	0.003989519
197.4	0.007089351
197.5	0.010157918
197.6	0.013191497
197.7	0.016186413
197.8	0.019139039
197.9	0.022045801
198	0.024903184
198.1	0.027707734
198.2	0.030456066
198.3	0.033144861
198.4	0.035770878
198.5	0.038330955
198.6	0.040822009
198.7	0.043241049
198.8	0.045585169
198.9	0.047851561
199	0.050037514
199.1	0.052140419
199.2	0.05415777
199.3	0.056087173
199.4	0.057926343
199.5	0.059673111
199.6	0.061325426
199.7	0.062881356
199.8	0.064339096
199.9	0.065696962
200	0.066953403
200.1	0.068106995
200.2	0.069156448
200.3	0.070100604
200.4	0.070938442
200.5	0.071669079
200.6	0.072291767
200.7	0.072805899
200.8	0.073211008
200.9	0.073506764
201	0.07369298
201.1	0.073769608
201.2	0.073736741
201.3	0.07359461
201.4	0.073343586
201.5	0.072984178
201.6	0.072517031
201.7	0.071942927
201.8	0.071262781
201.9	0.070477641
202	0.069588686
202.1	0.068597221
202.2	0.067504681
202.3	0.066312621
202.4	0.065022721
202.5	0.063636777
202.6	0.062156701
202.7	0.060584519
202.8	0.058922364
202.9	0.057172478
203	0.055337204
203.1	0.053418985
203.2	0.05142036
203.3	0.049343962
203.4	0.047192509
203.5	0.044968807
203.6	0.042675741
203.7	0.040316275
203.8	0.037893445
203.9	0.035410355
204	0.032870177
204.1	0.030276143
204.2	0.027631541
204.3	0.024939713
204.4	0.02220405
204.5	0.019427989
204.6	0.016615005
204.7	0.013768612
204.8	0.010892355
204.9	0.007989808
205	0.00506457
205.1	0.002120258
205.2	-0.000839494
205.3	-0.003811039
205.4	-0.006790724
205.5	-0.009774893
205.6	-0.012759888
205.7	-0.015742058
205.8	-0.018717761
205.9	-0.021683365
206	-0.024635259
206.1	-0.02756985
206.2	-0.030483573
206.3	-0.033372888
206.4	-0.036234294
206.5	-0.039064323
206.6	-0.041859549
206.7	-0.044616593
206.8	-0.047332124
206.9	-0.050002865
207	-0.052625596
207.1	-0.055197157
207.2	-0.057714455
207.3	-0.060174464
207.4	-0.06257423
207.5	-0.064910877
207.6	-0.067181607
207.7	-0.069383705
207.8	-0.071514545
207.9	-0.073571589
208	-0.075552392
208.1	-0.077454606
208.2	-0.079275985
208.3	-0.081014381
208.4	-0.082667755
208.5	-0.084234174
208.6	-0.085711817
208.7	-0.087098975
208.8	-0.088394055
208.9	-0.089595582
209	-0.090702198
209.1	-0.091712669
209.2	-0.092625882
209.3	-0.093440849
209.4	-0.094156707
209.5	-0.094772721
209.6	-0.095288281
209.7	-0.095702906
209.8	-0.096016244
209.9	-0.096228073
210	-0.096338296
210.1	-0.096346949
210.2	-0.096254193
210.3	-0.096060321
210.4	-0.095765748
210.5	-0.09537102
210.6	-0.094876807
210.7	-0.094283901
210.8	-0.093593219
210.9	-0.092805798
211	-0.091922794
211.1	-0.090945482
211.2	-0.089875249
211.3	-0.088713599
211.4	-0.087462144
211.5	-0.086122603
211.6	-0.084696805
211.7	-0.083186676
211.8	-0.081594247
211.9	-0.079921643
212	-0.078171082
212.1	-0.076344875
212.2	-0.074445421
212.3	-0.072475199
212.4	-0.070436772
212.5	-0.06833278
212.6	-0.066165936
212.7	-0.063939023
212.8	-0.061654891
212.9	-0.059316452
213	-0.056926678
213.1	-0.054488597
213.2	-0.052005288
213.3	-0.049479876
213.4	-0.046915534
213.5	-0.044315473
213.6	-0.041682939
213.7	-0.039021213
213.8	-0.036333604
213.9	-0.033623446
214	-0.030894094
214.1	-0.028148919
214.2	-0.025391307
214.3	-0.022624652
214.4	-0.019852353
214.5	-0.017077813
214.6	-0.01430443
214.7	-0.011535597
214.8	-0.008774697
214.9	-0.0060251
215	-0.003290155
215.1	-0.000573193
215.2	0.002122483
215.3	0.004793597
215.4	0.007436909
215.5	0.010049213
215.6	0.012627347
215.7	0.015168189
215.8	0.017668669
215.9	0.020125767
216	0.022536518
216.1	0.024898019
216.2	0.027207426
216.3	0.029461962
216.4	0.031658922
216.5	0.033795671
216.6	0.035869651
216.7	0.037878384
216.8	0.039819476
216.9	0.041690615
217	0.043489582
217.1	0.045214247
217.2	0.046862574
217.3	0.048432627
217.4	0.049922566
217.5	0.051330656
217.6	0.052655264
217.7	0.053894866
217.8	0.055048043
217.9	0.05611349
218	0.057090011
218.1	0.057976526
218.2	0.058772069
218.3	0.059475788
218.4	0.060086952
218.5	0.060604946
218.6	0.061029273
218.7	0.061359558
218.8	0.061595541
218.9	0.061737086
219	0.061784176
219.1	0.061736911
219.2	0.061595513
219.3	0.06136032
219.4	0.06103179
219.5	0.060610497
219.6	0.06009713
219.7	0.059492494
219.8	0.058797506
219.9	0.058013194
220	0.057140699
220.1	0.056181266
220.2	0.055136249
220.3	0.054007105
220.4	0.052795391
220.5	0.051502766
220.6	0.050130984
220.7	0.048681894
220.8	0.047157435
220.9	0.045559636
221	0.043890611
221.1	0.042152558
221.2	0.040347753
221.3	0.03847855
221.4	0.036547375
221.5	0.034556725
221.6	0.032509164
221.7	0.030407319
221.8	0.028253876
221.9	0.02605158
222	0.023803227
222.1	0.021511663
222.2	0.019179781
222.3	0.016810516
222.4	0.014406842
222.5	0.011971767
222.6	0.009508332
222.7	0.007019607
222.8	0.004508684
222.9	0.001978678
223	-0.00056728
223.1	-0.003126047
223.2	-0.005694466
223.3	-0.008269378
223.4	-0.01084762
223.5	-0.013426029
223.6	-0.016001449
223.7	-0.01857073
223.8	-0.021130736
223.9	-0.023678346
224	-0.026210458
224.1	-0.028723993
224.2	-0.031215898
224.3	-0.033683151
224.4	-0.036122762
224.5	-0.038531781
224.6	-0.040907294
224.7	-0.043246434
224.8	-0.045546381
224.9	-0.047804366
225	-0.050017672
225.1	-0.052183641
225.2	-0.054299676
225.3	-0.056363242
225.4	-0.058371873
225.5	-0.06032317
225.6	-0.062214809
225.7	-0.064044542
225.8	-0.065810198
225.9	-0.067509689
226	-0.06914101
226.1	-0.070702243
226.2	-0.072191558
226.3	-0.073607217
226.4	-0.074947576
226.5	-0.076211086
226.6	-0.077396295
226.7	-0.078501853
226.8	-0.079526508
226.9	-0.080469113
227	-0.081328623
227.1	-0.082104102
227.2	-0.082794717
227.3	-0.083399745
227.4	-0.08391857
227.5	-0.084350686
227.6	-0.084695697
227.7	-0.084953317
227.8	-0.085123368
227.9	-0.085205785
228	-0.085200613
228.1	-0.085108006
228.2	-0.084928227
228.3	-0.084661648
228.4	-0.084308751
228.5	-0.083870124
228.6	-0.08334646
228.7	-0.082738558
228.8	-0.082047323
228.9	-0.081273758
229	-0.080418969
229.1	-0.07948416
229.2	-0.078470635
229.3	-0.077379788
229.4	-0.076213109
229.5	-0.074972179
229.6	-0.073658666
229.7	-0.072274326
229.8	-0.070820995
229.9	-0.069300595
230	-0.067715121
230.1	-0.066066648
230.2	-0.06435732
230.3	-0.062589354
230.4	-0.060765032
230.5	-0.0588867
230.6	-0.056956766
230.7	-0.054977694
230.8	-0.052952003
230.9	-0.050882266
231	-0.0487711
231.1	-0.046621169
231.2	-0.04443518
231.3	-0.042215875
231.4	-0.039966033
231.5	-0.037688466
231.6	-0.03538601
231.7	-0.03306153
231.8	-0.030717911
231.9	-0.028358054
232	-0.025984879
232.1	-0.023601312
232.2	-0.021210292
232.3	-0.018814758
232.4	-0.016417652
232.5	-0.014021913
232.6	-0.011630475
232.7	-0.009246261
232.8	-0.006872183
232.9	-0.004511135
233	-0.002165994
233.1	0.000160389
233.2	0.002465187
233.3	0.004745602
233.4	0.006998872
233.5	0.009222267
233.6	0.0114131
233.7	0.013568725
233.8	0.015686541
233.9	0.017763997
234	0.019798594
234.1	0.021787888
234.2	0.023729492
234.3	0.02562108
234.4	0.027460392
234.5	0.029245233
234.6	0.030973477
234.7	0.03264307
234.8	0.034252034
234.9	0.035798467
235	0.037280548
235.1	0.038696534
235.2	0.040044772
235.3	0.041323689
235.4	0.042531804
235.5	0.043667725
235.6	0.044730152
235.7	0.045717878
235.8	0.046629792
235.9	0.047464877
236	0.048222216
236.1	0.04890099
236.2	0.049500479
236.3	0.050020065
236.4	0.050459229
236.5	0.050817556
236.6	0.051094732
236.7	0.051290546
236.8	0.051404888
236.9	0.051437754
237	0.051389237
237.1	0.051259538
237.2	0.051048955
237.3	0.050757889
237.4	0.05038684
237.5	0.049936408
237.6	0.049407291
237.7	0.048800285
237.8	0.04811628
237.9	0.047356261
238	0.046521306
238.1	0.045612584
238.2	0.044631354
238.3	0.043578962
238.4	0.042456837
238.5	0.041266496
238.6	0.040009535
238.7	0.038687626
238.8	0.037302523
238.9	0.03585605
239	0.034350105
239.1	0.032786652
239.2	0.031167725
239.3	0.029495419
239.4	0.02777189
239.5	0.025999354
239.6	0.02418008
239.7	0.02231639
239.8	0.020410655
239.9	0.018465293
240	0.016482763
240.1	0.014465567
240.2	0.012416243
240.3	0.01033736
240.4	0.008231523
240.5	0.00610136
240.6	0.003949527
240.7	0.001778697
240.8	-0.000408434
240.9	-0.002609159
241	-0.004820757
241.1	-0.007040501
241.2	-0.009265657
241.3	-0.011493489
241.4	-0.013721262
241.5	-0.015946247
241.6	-0.018165722
241.7	-0.020376975
241.8	-0.022577308
241.9	-0.024764042
242	-0.026934515
242.1	-0.029086091
242.2	-0.031216161
242.3	-0.033322142
242.4	-0.035401488
242.5	-0.037451685
242.6	-0.03947026
242.7	-0.041454781
242.8	-0.043402861
242.9	-0.045312157
243	-0.047180382
243.1	-0.049005296
243.2	-0.05078472
243.3	-0.052516528
243.4	-0.05419866
243.5	-0.055829116
243.6	-0.057405963
243.7	-0.058927337
243.8	-0.060391443
243.9	-0.06179656
244	-0.063141042
244.1	-0.064423319
244.2	-0.065641902
244.3	-0.06679538
244.4	-0.067882427
244.5	-0.0689018
244.6	-0.069852341
244.7	-0.070732982
244.8	-0.071542741
244.9	-0.072280726
245	-0.072946136
245.1	-0.073538261
245.2	-0.074056486
245.3	-0.074500286
245.4	-0.074869232
245.5	-0.075162987
245.6	-0.075381311
245.7	-0.075524056
245.8	-0.075591171
245.9	-0.075582698
246	-0.075498774
246.1	-0.075339629
246.2	-0.075105588
246.3	-0.074797067
246.4	-0.074414576
246.5	-0.073958715
246.6	-0.073430175
246.7	-0.072829734
246.8	-0.072158262
246.9	-0.07141671
247	-0.07060612
247.1	-0.069727613
247.2	-0.068782393
247.3	-0.067771747
247.4	-0.066697036
247.5	-0.065559701
247.6	-0.064361254
247.7	-0.063103282
247.8	-0.06178744
247.9	-0.060415453
248	-0.058989108
248.1	-0.057510259
248.2	-0.055980818
248.3	-0.054402756
248.4	-0.052778099
248.5	-0.051108925
248.6	-0.049397365
248.7	-0.047645594
248.8	-0.045855835
248.9	-0.044030351
249	-0.042171443
249.1	-0.040281451
249.2	-0.038362747
249.3	-0.036417732
249.4	-0.034448838
249.5	-0.032458519
249.6	-0.03044925
249.7	-0.028423527
249.8	-0.026383861
249.9	-0.024332774
250	-0.0222728
250.1	-0.020206477
250.2	-0.01813635
250.3	-0.016064962
250.4	-0.013994855
250.5	-0.011928564
250.6	-0.009868619
250.7	-0.007817535
250.8	-0.005777814
250.9	-0.003751942
251	-0.001742384
251.1	0.000248418
251.2	0.00221805
251.3	0.004164123
251.4	0.006084282
251.5	0.007976208
251.6	0.009837615
251.7	0.011666262
251.8	0.013459946
251.9	0.015216513
252	0.016933856
252.1	0.018609917
252.2	0.020242694
252.3	0.021830238
252.4	0.023370658
252.5	0.024862126
252.6	0.026302873
252.7	0.027691197
252.8	0.029025462
252.9	0.0303041
253	0.031525616
253.1	0.032688586
253.2	0.03379166
253.3	0.034833566
253.4	0.035813107
253.5	0.036729167
253.6	0.037580711
253.7	0.038366783
253.8	0.039086513
253.9	0.039739113
254	0.040323881
254.1	0.0408402
254.2	0.041287539
254.3	0.041665455
254.4	0.041973591
254.5	0.04221168
254.6	0.042379541
254.7	0.042477081
254.8	0.042504296
254.9	0.042461269
255	0.042348172
255.1	0.042165263
255.2	0.041912886
255.3	0.041591472
255.4	0.041201538
255.5	0.040743684
255.6	0.040218594
255.7	0.039627035
255.8	0.038969854
255.9	0.038247978
256	0.037462414
256.1	0.036614245
256.2	0.035704628
256.3	0.034734797
256.4	0.033706055
256.5	0.032619777
256.6	0.031477405
256.7	0.030280448
256.8	0.029030479
256.9	0.027729133
257	0.026378104
257.1	0.024979146
257.2	0.023534066
257.3	0.022044724
257.4	0.020513031
257.5	0.018940946
257.6	0.017330473
257.7	0.015683659
257.8	0.014002592
257.9	0.012289397
258	0.010546234
258.1	0.008775295
258.2	0.006978802
258.3	0.005159005
258.4	0.003318175
258.5	0.001458609
258.6	-0.000417382
258.7	-0.002307468
258.8	-0.004209308
258.9	-0.006120551
259	-0.008038835
259.1	-0.009961798
259.2	-0.011887075
259.3	-0.013812299
259.4	-0.015735111
259.5	-0.017653157
259.6	-0.019564092
259.7	-0.021465583
259.8	-0.023355313
259.9	-0.025230983
260	-0.027090312
260.1	-0.028931046
260.2	-0.030750952
260.3	-0.032547831
260.4	-0.03431951
260.5	-0.036063853
260.6	-0.037778758
260.7	-0.039462165
260.8	-0.041112051
260.9	-0.042726439
261	-0.044303399
261.1	-0.045841047
261.2	-0.047337552
261.3	-0.048791133
261.4	-0.050200067
261.5	-0.051562686
261.6	-0.052877382
261.7	-0.054142608
261.8	-0.05535688
261.9	-0.05651878
262	-0.057626954
262.1	-0.058680118
262.2	-0.059677058
262.3	-0.060616629
262.4	-0.061497761
262.5	-0.062319458
262.6	-0.063080797
262.7	-0.063780933
262.8	-0.064419098
262.9	-0.0649946
263	-0.065506829
263.1	-0.065955252
263.2	-0.066339418
263.3	-0.066658956
263.4	-0.066913575
263.5	-0.067103067
263.6	-0.067227303
263.7	-0.067286237
263.8	-0.067279904
263.9	-0.067208421
264	-0.067071983
264.1	-0.066870869
264.2	-0.066605435
264.3	-0.066276117
264.4	-0.065883431
264.5	-0.065427968
264.6	-0.064910398
264.7	-0.064331467
264.8	-0.063691993
264.9	-0.06299287
265	-0.062235062
265.1	-0.061419606
265.2	-0.060547607
265.3	-0.059620237
265.4	-0.058638735
265.5	-0.057604405
265.6	-0.056518611
265.7	-0.05538278
265.8	-0.054198397
265.9	-0.052967004
266	-0.051690196
266.1	-0.050369624
266.2	-0.049006987
266.3	-0.047604032
266.4	-0.046162553
266.5	-0.044684387
266.6	-0.043171414
266.7	-0.041625551
266.8	-0.040048752
266.9	-0.038443006
267	-0.036810333
267.1	-0.035152782
267.2	-0.033472429
267.3	-0.031771373
267.4	-0.030051737
267.5	-0.028315661
267.6	-0.0265653
267.7	-0.024802827
267.8	-0.023030422
267.9	-0.021250275
268	-0.019464583
268.1	-0.017675544
268.2	-0.015885359
268.3	-0.014096225
268.4	-0.012310336
268.5	-0.010529877
268.6	-0.008757024
268.7	-0.006993942
268.8	-0.00524278
268.9	-0.003505667
269	-0.001784716
269.1	-8.20E-05
269.2	0.001600372
269.3	0.003260411
269.4	0.004896094
269.5	0.006505449
269.6	0.008086538
269.7	0.009637458
269.8	0.011156347
269.9	0.012641386
270	0.014090797
270.1	0.015502851
270.2	0.016875865
270.3	0.018208206
270.4	0.019498295
270.5	0.020744606
270.6	0.021945668
270.7	0.02310007
270.8	0.024206459
270.9	0.025263543
271	0.026270092
271.1	0.027224943
271.2	0.028126996
271.3	0.028975219
271.4	0.029768647
271.5	0.030506386
271.6	0.031187612
271.7	0.031811571
271.8	0.032377582
271.9	0.032885039
272	0.033333406
272.1	0.033722225
272.2	0.03405111
272.3	0.034319751
272.4	0.034527915
272.5	0.034675442
272.6	0.034762249
272.7	0.034788329
272.8	0.034753751
272.9	0.034658657
273	0.034503267
273.1	0.034287873
273.2	0.034012844
273.3	0.033678619
273.4	0.033285711
273.5	0.032834708
273.6	0.032326263
273.7	0.031761105
273.8	0.031140027
273.9	0.030463894
274	0.029733634
274.1	0.028950243
274.2	0.028114778
274.3	0.027228361
274.4	0.026292174
274.5	0.025307455
274.6	0.024275504
274.7	0.023197675
274.8	0.022075374
274.9	0.02091006
275	0.019703244
275.1	0.018456483
275.2	0.01717138
275.3	0.015849582
275.4	0.014492778
275.5	0.013102698
275.6	0.011681106
275.7	0.010229805
275.8	0.008750628
275.9	0.00724544
276	0.005716135
276.1	0.00416463
276.2	0.00259287
276.3	0.001002817
276.4	-0.000603547
276.5	-0.002224222
276.6	-0.003857195
276.7	-0.005500442
276.8	-0.007151931
276.9	-0.008809621
277	-0.010471469
277.1	-0.012135428
277.2	-0.013799454
277.3	-0.015461505
277.4	-0.017119545
277.5	-0.018771547
277.6	-0.020415493
277.7	-0.022049378
277.8	-0.023671214
277.9	-0.025279029
278	-0.026870871
278.1	-0.028444812
278.2	-0.029998946
278.3	-0.031531397
278.4	-0.033040316
278.5	-0.034523886
278.6	-0.035980324
278.7	-0.037407883
278.8	-0.038804851
278.9	-0.04016956
279	-0.041500381
279.1	-0.042795729
279.2	-0.044054067
279.3	-0.045273902
279.4	-0.046453794
279.5	-0.047592352
279.6	-0.048688238
279.7	-0.049740168
279.8	-0.050746916
279.9	-0.051707311
280	-0.052620242
280.1	-0.053484659
280.2	-0.054299571
280.3	-0.055064051
280.4	-0.055777237
280.5	-0.05643833
280.6	-0.057046597
280.7	-0.057601371
280.8	-0.058102054
280.9	-0.058548114
281	-0.058939088
281.1	-0.059274582
281.2	-0.059554272
281.3	-0.059777903
281.4	-0.059945291
281.5	-0.060056321
281.6	-0.060110947
281.7	-0.060109195
281.8	-0.06005116
281.9	-0.059937007
282	-0.05976697
282.1	-0.059541351
282.2	-0.059260522
282.3	-0.058924921
282.4	-0.058535053
282.5	-0.058091492
282.6	-0.057594874
282.7	-0.0570459
282.8	-0.056445337
282.9	-0.055794012
283	-0.055092813
283.1	-0.054342689
283.2	-0.053544648
283.3	-0.052699752
283.4	-0.051809122
283.5	-0.050873933
283.6	-0.049895411
283.7	-0.048874835
283.8	-0.04781353
283.9	-0.046712872
284	-0.045574281
284.1	-0.044399221
284.2	-0.043189199
284.3	-0.04194576
284.4	-0.04067049
284.5	-0.039365008
284.6	-0.038030969
284.7	-0.03667006
284.8	-0.035283996
284.9	-0.033874521
285	-0.032443406
285.1	-0.030992442
285.2	-0.029523443
285.3	-0.028038242
285.4	-0.026538689
285.5	-0.025026647
285.6	-0.023503993
285.7	-0.021972611
285.8	-0.020434395
285.9	-0.018891244
286	-0.017345059
286.1	-0.015797742
286.2	-0.014251195
286.3	-0.012707313
286.4	-0.011167989
286.5	-0.009635103
286.6	-0.008110528
286.7	-0.006596122
286.8	-0.005093728
286.9	-0.003605174
287	-0.002132265
287.1	-0.000676787
287.2	0.000759499
287.3	0.002174858
287.4	0.003567583
287.5	0.004935997
287.6	0.006278454
287.7	0.007593345
287.8	0.008879093
287.9	0.010134162
288	0.011357055
288.1	0.012546317
288.2	0.013700534
288.3	0.01481834
288.4	0.015898414
288.5	0.016939484
288.6	0.017940328
288.7	0.018899774
288.8	0.019816704
288.9	0.020690054
289	0.021518815
289.1	0.022302034
289.2	0.023038817
289.3	0.023728327
289.4	0.024369789
289.5	0.024962487
289.6	0.025505766
289.7	0.025999034
289.8	0.026441763
289.9	0.026833486
290	0.027173803
290.1	0.027462375
290.2	0.02769893
290.3	0.027883261
290.4	0.028015225
290.5	0.028094745
290.6	0.028121808
290.7	0.028096467
290.8	0.028018841
290.9	0.027889112
291	0.027707527
291.1	0.027474395
291.2	0.027190092
291.3	0.026855054
291.4	0.026469779
291.5	0.026034828
291.6	0.025550821
291.7	0.025018439
291.8	0.024438419
291.9	0.023811557
292	0.023138708
292.1	0.022420777
292.2	0.021658727
292.3	0.020853572
292.4	0.020006378
292.5	0.01911826
292.6	0.01819038
292.7	0.017223951
292.8	0.016220226
292.9	0.015180506
293	0.014106131
293.1	0.012998481
293.2	0.011858975
293.3	0.01068907
293.4	0.009490254
293.5	0.008264051
293.6	0.007012014
293.7	0.005735726
293.8	0.004436794
293.9	0.003116854
294	0.00177756
294.1	0.000420592
294.2	-0.000952356
294.3	-0.002339571
294.4	-0.003739327
294.5	-0.005149884
294.6	-0.006569492
294.7	-0.007996396
294.8	-0.00942883
294.9	-0.010865029
295	-0.012303223
295.1	-0.013741643
295.2	-0.015178525
295.3	-0.016612107
295.4	-0.018040635
295.5	-0.019462364
295.6	-0.020875559
295.7	-0.022278499
295.8	-0.023669479
295.9	-0.025046809
296	-0.02640882
296.1	-0.027753864
296.2	-0.029080316
296.3	-0.030386576
296.4	-0.031671071
296.5	-0.032932257
296.6	-0.034168621
296.7	-0.035378682
296.8	-0.036560996
296.9	-0.03771415
297	-0.038836775
297.1	-0.039927536
297.2	-0.040985142
297.3	-0.042008345
297.4	-0.042995939
297.5	-0.043946765
297.6	-0.044859711
297.7	-0.045733711
297.8	-0.046567753
297.9	-0.047360872
298	-0.048112155
298.1	-0.048820743
298.2	-0.049485833
298.3	-0.050106672
298.4	-0.050682567
298.5	-0.051212879
298.6	-0.051697029
298.7	-0.052134493
298.8	-0.052524806
298.9	-0.052867565
299	-0.053162422
299.1	-0.053409093
299.2	-0.05360735
299.3	-0.053757028
299.4	-0.053858023
299.5	-0.053910288
299.6	-0.053913839
299.7	-0.053868752
299.8	-0.053775162
299.9	-0.053633265
300	-0.053443315
300.1	-0.053205625
300.2	-0.052920569
300.3	-0.052588575
300.4	-0.052210132
300.5	-0.051785782
300.6	-0.051316125
300.7	-0.050801815
300.8	-0.05024356
300.9	-0.049642121
301	-0.048998312
301.1	-0.048312995
301.2	-0.047587084
301.3	-0.046821541
301.4	-0.046017373
301.5	-0.045175635
301.6	-0.044297425
301.7	-0.043383885
301.8	-0.042436198
301.9	-0.041455585
302	-0.040443307
302.1	-0.039400662
302.2	-0.038328981
302.3	-0.037229631
302.4	-0.036104007
302.5	-0.034953536
302.6	-0.033779673
302.7	-0.032583898
302.8	-0.031367716
302.9	-0.030132655
303	-0.02888026
303.1	-0.0276121
303.2	-0.026329756
303.3	-0.025034826
303.4	-0.02372892
303.5	-0.022413659
303.6	-0.021090673
303.7	-0.019761598
303.8	-0.018428076
303.9	-0.01709175
304	-0.015754265
304.1	-0.014417265
304.2	-0.013082391
304.3	-0.011751279
304.4	-0.010425555
304.5	-0.009106841
304.6	-0.007796743
304.7	-0.006496857
304.8	-0.005208765
304.9	-0.003934028
305	-0.002674193
305.1	-0.001430784
305.2	-0.000205303
305.3	0.001000773
305.4	0.002185989
305.5	0.003348924
305.6	0.00448818
305.7	0.005602395
305.8	0.006690237
305.9	0.007750408
306	0.008781648
306.1	0.009782733
306.2	0.010752478
306.3	0.011689739
306.4	0.012593411
306.5	0.013462435
306.6	0.014295795
306.7	0.015092521
306.8	0.015851689
306.9	0.016572421
307	0.017253892
307.1	0.017895324
307.2	0.018495988
307.3	0.019055209
307.4	0.019572365
307.5	0.020046883
307.6	0.020478248
307.7	0.020865997
307.8	0.021209721
307.9	0.021509067
308	0.021763739
308.1	0.021973493
308.2	0.022138145
308.3	0.022257565
308.4	0.022331679
308.5	0.022360469
308.6	0.022343976
308.7	0.022282293
308.8	0.022175571
308.9	0.022024016
309	0.021827889
309.1	0.021587507
309.2	0.021303238
309.3	0.020975507
309.4	0.02060479
309.5	0.020191615
309.6	0.019736564
309.7	0.019240267
309.8	0.018703405
309.9	0.018126708
310	0.017510952
310.1	0.016856962
310.2	0.016165609
310.3	0.015437805
310.4	0.014674508
310.5	0.013876719
310.6	0.013045476
310.7	0.012181859
310.8	0.011286986
310.9	0.010362009
311	0.009408117
311.1	0.008426532
311.2	0.007418507
311.3	0.006385326
311.4	0.0053283
311.5	0.00424877
311.6	0.003148099
311.7	0.002027675
311.8	0.000888907
311.9	-0.000266774
312	-0.001437923
312.1	-0.002623073
312.2	-0.003820748
312.3	-0.005029454
312.4	-0.006247691
312.5	-0.007473946
312.6	-0.008706701
312.7	-0.009944432
312.8	-0.011185611
312.9	-0.012428708
313	-0.013672195
313.1	-0.014914543
313.2	-0.016154231
313.3	-0.01738974
313.4	-0.01861956
313.5	-0.01984219
313.6	-0.021056141
313.7	-0.022259936
313.8	-0.023452114
313.9	-0.024631228
314	-0.025795851
314.1	-0.026944576
314.2	-0.028076018
314.3	-0.029188814
314.4	-0.030281626
314.5	-0.031353144
314.6	-0.032402084
314.7	-0.033427193
314.8	-0.034427249
314.9	-0.035401062
315	-0.036347476
315.1	-0.037265372
315.2	-0.038153665
315.3	-0.039011311
315.4	-0.039837302
315.5	-0.040630672
315.6	-0.041390499
315.7	-0.042115899
315.8	-0.042806035
315.9	-0.043460113
316	-0.044077387
316.1	-0.044657154
316.2	-0.045198761
316.3	-0.045701603
316.4	-0.046165122
316.5	-0.04658881
316.6	-0.046972211
316.7	-0.047314915
316.8	-0.047616568
316.9	-0.047876864
317	-0.048095549
317.1	-0.048272421
317.2	-0.04840733
317.3	-0.048500179
317.4	-0.048550922
317.5	-0.048559564
317.6	-0.048526164
317.7	-0.048450833
317.8	-0.048333731
317.9	-0.048175071
318	-0.047975118
318.1	-0.047734186
318.2	-0.047452638
318.3	-0.047130888
318.4	-0.0467694
318.5	-0.046368684
318.6	-0.045929298
318.7	-0.045451847
318.8	-0.044936982
318.9	-0.044385399
319	-0.043797836
319.1	-0.043175078
319.2	-0.042517949
319.3	-0.041827313
319.4	-0.041104077
319.5	-0.040349183
319.6	-0.039563612
319.7	-0.038748382
319.8	-0.037904543
319.9	-0.037033181
320	-0.036135411
320.1	-0.035212381
320.2	-0.034265267
320.3	-0.033295273
320.4	-0.032303627
320.5	-0.031291584
320.6	-0.03026042
320.7	-0.029211433
320.8	-0.028145941
320.9	-0.02706528
321	-0.0259708
321.1	-0.02486387
321.2	-0.023745868
321.3	-0.022618184
321.4	-0.021482221
321.5	-0.020339384
321.6	-0.01919109
321.7	-0.018038756
321.8	-0.016883803
321.9	-0.015727655
322	-0.014571733
322.1	-0.013417455
322.2	-0.012266236
322.3	-0.011119486
322.4	-0.009978605
322.5	-0.008844985
322.6	-0.007720007
322.7	-0.006605039
322.8	-0.005501436
322.9	-0.004410534
323	-0.003333654
323.1	-0.002272098
323.2	-0.001227145
323.3	-0.000200053
323.4	0.000807942
323.5	0.001795632
323.6	0.002761835
323.7	0.003705395
323.8	0.00462519
323.9	0.005520124
324	0.006389136
324.1	0.007231198
324.2	0.008045316
324.3	0.008830533
324.4	0.009585927
324.5	0.010310616
324.6	0.011003757
324.7	0.011664546
324.8	0.012292221
324.9	0.012886062
325	0.013445391
325.1	0.013969573
325.2	0.014458021
325.3	0.014910188
325.4	0.015325577
325.5	0.015703733
325.6	0.016044252
325.7	0.016346774
325.8	0.016610988
325.9	0.01683663
326	0.017023484
326.1	0.017171384
326.2	0.01728021
326.3	0.017349891
326.4	0.017380407
326.5	0.017371782
326.6	0.017324093
326.7	0.017237462
326.8	0.017112059
326.9	0.016948103
327	0.01674586
327.1	0.016505642
327.2	0.016227808
327.3	0.015912763
327.4	0.015560955
327.5	0.01517288
327.6	0.014749076
327.7	0.014290124
327.8	0.013796648
327.9	0.013269313
328	0.012708824
328.1	0.012115927
328.2	0.011491406
328.3	0.010836081
328.4	0.010150812
328.5	0.009436489
328.6	0.008694042
328.7	0.007924431
328.8	0.007128646
328.9	0.00630771
329	0.005462676
329.1	0.00459462
329.2	0.00370465
329.3	0.002793896
329.4	0.001863511
329.5	0.000914671
329.6	-5.14E-05
329.7	-0.001033568
329.8	-0.002030518
329.9	-0.003041028
330	-0.004063835
330.1	-0.005097661
330.2	-0.00614122
330.3	-0.007193214
330.4	-0.008252336
330.5	-0.009317275
330.6	-0.010386713
330.7	-0.01145933
330.8	-0.012533803
330.9	-0.013608811
331	-0.014683031
331.1	-0.015755147
331.2	-0.016823845
331.3	-0.017887819
331.4	-0.018945769
331.5	-0.019996407
331.6	-0.021038454
331.7	-0.022070643
331.8	-0.023091723
331.9	-0.024100458
332	-0.025095629
332.1	-0.026076034
332.2	-0.027040493
332.3	-0.027987846
332.4	-0.028916957
332.5	-0.029826714
332.6	-0.030716029
332.7	-0.031583842
332.8	-0.03242912
332.9	-0.033250861
333	-0.034048092
333.1	-0.034819871
333.2	-0.035565292
333.3	-0.036283478
333.4	-0.036973591
333.5	-0.037634826
333.6	-0.038266416
333.7	-0.038867632
333.8	-0.039437783
333.9	-0.039976217
334	-0.040482322
334.1	-0.040955529
334.2	-0.041395306
334.3	-0.041801167
334.4	-0.042172666
334.5	-0.042509403
334.6	-0.042811018
334.7	-0.043077198
334.8	-0.043307671
334.9	-0.043502212
335	-0.04366064
335.1	-0.043782818
335.2	-0.043868655
335.3	-0.043918104
335.4	-0.043931164
335.5	-0.043907878
335.6	-0.043848334
335.7	-0.043752665
335.8	-0.043621047
335.9	-0.043453702
336	-0.043250894
336.1	-0.04301293
336.2	-0.042740162
336.3	-0.042432982
336.4	-0.042091826
336.5	-0.041717167
336.6	-0.041309524
336.7	-0.040869451
336.8	-0.040397544
336.9	-0.039894435
337	-0.039360795
337.1	-0.03879733
337.2	-0.038204782
337.3	-0.037583929
337.4	-0.036935579
337.5	-0.036260576
337.6	-0.035559793
337.7	-0.034834134
337.8	-0.034084532
337.9	-0.033311948
338	-0.032517368
338.1	-0.031701806
338.2	-0.030866297
338.3	-0.030011902
338.4	-0.0291397
338.5	-0.028250793
338.6	-0.027346298
338.7	-0.026427354
338.8	-0.025495112
338.9	-0.024550739
339	-0.023595415
339.1	-0.022630329
339.2	-0.021656685
339.3	-0.02067569
339.4	-0.019688562
339.5	-0.018696522
339.6	-0.017700798
339.7	-0.016702617
339.8	-0.01570321
339.9	-0.014703806
340	-0.013705631
340.1	-0.012709911
340.2	-0.011717863
340.3	-0.010730701
340.4	-0.00974963
340.5	-0.008775844
340.6	-0.007810529
340.7	-0.006854856
340.8	-0.005909984
340.9	-0.004977058
341	-0.004057205
341.1	-0.003151534
341.2	-0.002261135
341.3	-0.00138708
341.4	-0.000530416
341.5	0.000307832
341.6	0.001126661
341.7	0.001925096
341.8	0.002702187
341.9	0.003457013
342	0.00418868
342.1	0.004896326
342.2	0.005579117
342.3	0.006236254
342.4	0.00686697
342.5	0.007470529
342.6	0.008046232
342.7	0.008593415
342.8	0.009111451
342.9	0.009599749
343	0.010057754
343.1	0.010484952
343.2	0.010880865
343.3	0.011245058
343.4	0.011577132
343.5	0.01187673
343.6	0.012143536
343.7	0.012377274
343.8	0.01257771
343.9	0.012744651
344	0.012877946
344.1	0.012977485
344.2	0.0130432
344.3	0.013075066
344.4	0.013073099
344.5	0.013037356
344.6	0.012967937
344.7	0.012864983
344.8	0.012728674
344.9	0.012559235
345	0.012356927
345.1	0.012122055
345.2	0.01185496
345.3	0.011556025
345.4	0.011225671
345.5	0.010864356
345.6	0.010472576
345.7	0.010050863
345.8	0.009599787
345.9	0.00911995
346	0.008611991
346.1	0.008076582
346.2	0.007514426
346.3	0.00692626
346.4	0.006312849
346.5	0.005674991
346.6	0.005013511
346.7	0.004329259
346.8	0.003623117
346.9	0.002895988
347	0.002148801
347.1	0.001382507
347.2	0.000598081
347.3	-0.000203485
347.4	-0.001021177
347.5	-0.001853963
347.6	-0.002700795
347.7	-0.003560609
347.8	-0.004432329
347.9	-0.005314863
348	-0.006207109
348.1	-0.007107957
348.2	-0.008016284
348.3	-0.008930964
348.4	-0.009850861
348.5	-0.010774839
348.6	-0.011701756
348.7	-0.012630468
348.8	-0.013559832
348.9	-0.014488706
349	-0.015415949
349.1	-0.016340426
349.2	-0.017261006
349.3	-0.018176564
349.4	-0.019085984
349.5	-0.019988159
349.6	-0.020881993
349.7	-0.021766401
349.8	-0.022640312
349.9	-0.023502669
350	-0.024352432
350.1	-0.025188578
350.2	-0.026010099
350.3	-0.026816012
350.4	-0.02760535
350.5	-0.02837717
350.6	-0.029130553
350.7	-0.0298646
350.8	-0.030578443
350.9	-0.031271234
351	-0.031942158
351.1	-0.032590423
351.2	-0.033215269
351.3	-0.033815966
351.4	-0.034391814
351.5	-0.034942145
351.6	-0.035466322
351.7	-0.035963744
351.8	-0.036433841
351.9	-0.036876079
352	-0.03728996
352.1	-0.03767502
352.2	-0.038030831
352.3	-0.038357004
352.4	-0.038653184
352.5	-0.038919056
352.6	-0.039154341
352.7	-0.039358801
352.8	-0.039532232
352.9	-0.039674473
353	-0.039785398
353.1	-0.039864923
353.2	-0.039913
353.3	-0.039929621
353.4	-0.039914817
353.5	-0.039868658
353.6	-0.039791251
353.7	-0.039682743
353.8	-0.039543318
353.9	-0.039373198
354	-0.039172643
354.1	-0.038941949
354.2	-0.038681449
354.3	-0.038391513
354.4	-0.038072545
354.5	-0.037724986
354.6	-0.037349309
354.7	-0.036946023
354.8	-0.036515668
354.9	-0.03605882
355	-0.035576082
355.1	-0.035068091
355.2	-0.034535513
355.3	-0.033979043
355.4	-0.033399403
355.5	-0.032797346
355.6	-0.032173646
355.7	-0.031529107
355.8	-0.030864554
355.9	-0.030180837
356	-0.029478827
356.1	-0.028759417
356.2	-0.028023519
356.3	-0.027272064
356.4	-0.026506002
356.5	-0.025726295
356.6	-0.024933925
356.7	-0.024129886
356.8	-0.023315184
356.9	-0.022490837
357	-0.021657873
357.1	-0.02081733
357.2	-0.019970251
357.3	-0.019117689
357.4	-0.018260698
357.5	-0.017400339
357.6	-0.016537674
357.7	-0.015673765
357.8	-0.014809677
357.9	-0.01394647
358	-0.013085204
358.1	-0.012226933
358.2	-0.011372707
358.3	-0.010523568
358.4	-0.009680552
358.5	-0.008844684
358.6	-0.00801698
358.7	-0.007198443
358.8	-0.006390066
358.9	-0.005592824
359	-0.00480768
359.1	-0.00403558
359.2	-0.00327745
359.3	-0.002534202
359.4	-0.001806725
359.5	-0.001095888
359.6	-0.000402538
359.7	0.000272501
359.8	0.000928426
359.9	0.001564464
360	0.002179862
360.1	0.002773897
360.2	0.003345873
360.3	0.003895121
360.4	0.004421003
360.5	0.004922908
360.6	0.005400257
360.7	0.005852504
360.8	0.00627913
360.9	0.006679654
361	0.007053623
361.1	0.007400621
361.2	0.007720263
361.3	0.0080122
361.4	0.008276119
361.5	0.008511738
361.6	0.008718815
361.7	0.00889714
361.8	0.00904654
361.9	0.009166878
362	0.009258055
362.1	0.009320004
362.2	0.009352696
362.3	0.009356141
362.4	0.00933038
362.5	0.009275493
362.6	0.009191596
362.7	0.00907884
362.8	0.008937409
362.9	0.008767525
363	0.008569445
363.1	0.008343457
363.2	0.008089887
363.3	0.007809091
363.4	0.007501459
363.5	0.007167415
363.6	0.006807412
363.7	0.006421937
363.8	0.006011506
363.9	0.005576664
364	0.005117986
364.1	0.004636077
364.2	0.004131567
364.3	0.003605113
364.4	0.0030574
364.5	0.002489136
364.6	0.001901053
364.7	0.001293907
364.8	0.000668476
364.9	2.56E-05
365	-0.000634027
365.1	-0.001309441
365.2	-0.001999828
365.3	-0.002704315
365.4	-0.003422013
365.5	-0.004152019
365.6	-0.004893415
365.7	-0.005645272
365.8	-0.006406649
365.9	-0.007176595
366	-0.007954151
366.1	-0.008738348
366.2	-0.009528213
366.3	-0.010322765
366.4	-0.011121022
366.5	-0.011921997
366.6	-0.012724701
366.7	-0.013528147
366.8	-0.014331345
366.9	-0.01513331
367	-0.015933059
367.1	-0.016729613
367.2	-0.017521999
367.3	-0.01830925
367.4	-0.019090408
367.5	-0.019864523
367.6	-0.020630655
367.7	-0.021387877
367.8	-0.022135272
367.9	-0.022871938
368	-0.023596988
368.1	-0.024309549
368.2	-0.025008767
368.3	-0.025693802
368.4	-0.026363838
368.5	-0.027018074
368.6	-0.027655731
368.7	-0.028276054
368.8	-0.028878307
368.9	-0.02946178
369	-0.030025785
369.1	-0.03056966
369.2	-0.03109277
369.3	-0.031594504
369.4	-0.032074281
369.5	-0.032531546
369.6	-0.032965773
369.7	-0.033376465
369.8	-0.033763156
369.9	-0.034125407
370	-0.034462815
370.1	-0.034775003
370.2	-0.035061628
370.3	-0.03532238
370.4	-0.035556979
370.5	-0.03576518
370.6	-0.035946769
370.7	-0.036101566
370.8	-0.036229423
370.9	-0.036330228
371	-0.0364039
371.1	-0.036450393
371.2	-0.036469694
371.3	-0.036461823
371.4	-0.036426835
371.5	-0.036364816
371.6	-0.036275886
371.7	-0.036160199
371.8	-0.036017942
371.9	-0.035849331
372	-0.035654618
372.1	-0.035434084
372.2	-0.035188044
372.3	-0.034916841
372.4	-0.034620849
372.5	-0.034300474
372.6	-0.033956149
372.7	-0.033588336
372.8	-0.033197526
372.9	-0.032784238
373	-0.032349015
373.1	-0.03189243
373.2	-0.031415077
373.3	-0.030917578
373.4	-0.030400576
373.5	-0.02986474
373.6	-0.029310759
373.7	-0.028739342
373.8	-0.028151221
373.9	-0.027547145
374	-0.026927883
374.1	-0.026294219
374.2	-0.025646957
374.3	-0.024986914
374.4	-0.024314921
374.5	-0.023631823
374.6	-0.022938477
374.7	-0.022235752
374.8	-0.021524526
374.9	-0.020805686
375	-0.020080129
375.1	-0.019348755
375.2	-0.018612473
375.3	-0.017872195
375.4	-0.017128837
375.5	-0.016383317
375.6	-0.015636553
375.7	-0.014889466
375.8	-0.014142974
375.9	-0.013397992
376	-0.012655434
376.1	-0.011916207
376.2	-0.011181214
376.3	-0.010451352
376.4	-0.009727509
376.5	-0.009010564
376.6	-0.008301388
376.7	-0.007600839
376.8	-0.006909764
376.9	-0.006228998
377	-0.00555936
377.1	-0.004901655
377.2	-0.004256673
377.3	-0.003625186
377.4	-0.003007948
377.5	-0.002405697
377.6	-0.001819146
377.7	-0.001248994
377.8	-0.000695914
377.9	-0.000160559
378	0.000356441
378.1	0.00085448
378.2	0.001332975
378.3	0.00179137
378.4	0.002229134
378.5	0.002645761
378.6	0.003040772
378.7	0.003413716
378.8	0.003764171
378.9	0.004091741
379	0.004396061
379.1	0.004676793
379.2	0.00493363
379.3	0.005166294
379.4	0.00537454
379.5	0.005558149
379.6	0.005716936
379.7	0.005850746
379.8	0.005959454
379.9	0.006042968
380	0.006101226
380.1	0.006134197
380.2	0.006141882
380.3	0.006124312
380.4	0.00608155
380.5	0.006013691
380.6	0.005920858
380.7	0.005803206
380.8	0.005660921
380.9	0.005494218
381	0.005303342
381.1	0.005088568
381.2	0.004850199
381.3	0.004588566
381.4	0.00430403
381.5	0.003996979
381.6	0.003667826
381.7	0.003317013
381.8	0.002945007
381.9	0.002552301
382	0.00213941
382.1	0.001706876
382.2	0.001255264
382.3	0.000785159
382.4	0.00029717
382.5	-0.000208074
382.6	-0.000729923
382.7	-0.001267709
382.8	-0.001820744
382.9	-0.002388325
383	-0.002969728
383.1	-0.003564218
383.2	-0.004171041
383.3	-0.004789433
383.4	-0.005418615
383.5	-0.006057795
383.6	-0.006706172
383.7	-0.007362935
383.8	-0.008027262
383.9	-0.008698325
384	-0.00937529
384.1	-0.010057314
384.2	-0.010743551
384.3	-0.011433153
384.4	-0.012125265
384.5	-0.012819034
384.6	-0.013513605
384.7	-0.014208124
384.8	-0.014901737
384.9	-0.015593594
385	-0.016282848
385.1	-0.016968657
385.2	-0.017650183
385.3	-0.018326597
385.4	-0.018997075
385.5	-0.019660804
385.6	-0.02031698
385.7	-0.020964808
385.8	-0.021603506
385.9	-0.022232305
386	-0.022850447
386.1	-0.023457191
386.2	-0.024051809
386.3	-0.02463359
386.4	-0.025201841
386.5	-0.025755884
386.6	-0.026295062
386.7	-0.026818737
386.8	-0.027326289
386.9	-0.027817121
387	-0.028290657
387.1	-0.028746343
387.2	-0.029183647
387.3	-0.029602061
387.4	-0.030001103
387.5	-0.030380312
387.6	-0.030739254
387.7	-0.031077521
387.8	-0.03139473
387.9	-0.031690526
388	-0.031964579
388.1	-0.032216589
388.2	-0.032446279
388.3	-0.032653405
388.4	-0.032837748
388.5	-0.032999119
388.6	-0.033137355
388.7	-0.033252326
388.8	-0.033343926
388.9	-0.033412082
389	-0.033456748
389.1	-0.033477907
389.2	-0.033475571
389.3	-0.033449781
389.4	-0.033400608
389.5	-0.033328148
389.6	-0.033232531
389.7	-0.03311391
389.8	-0.03297247
389.9	-0.032808421
390	-0.032622001
390.1	-0.032413478
390.2	-0.032183142
390.3	-0.031931312
390.4	-0.031658334
390.5	-0.031364577
390.6	-0.031050436
390.7	-0.030716331
390.8	-0.030362705
390.9	-0.029990024
391	-0.029598778
391.1	-0.029189477
391.2	-0.028762654
391.3	-0.028318863
391.4	-0.027858676
391.5	-0.027382685
391.6	-0.026891501
391.7	-0.026385753
391.8	-0.025866085
391.9	-0.025333159
392	-0.024787651
392.1	-0.024230251
392.2	-0.023661665
392.3	-0.023082608
392.4	-0.022493809
392.5	-0.021896007
392.6	-0.021289951
392.7	-0.020676399
392.8	-0.020056117
392.9	-0.019429878
393	-0.01879846
393.1	-0.018162648
393.2	-0.017523229
393.3	-0.016880996
393.4	-0.016236741
393.5	-0.01559126
393.6	-0.014945347
393.7	-0.014299796
393.8	-0.013655399
393.9	-0.013012948
394	-0.012373226
394.1	-0.011737017
394.2	-0.011105097
394.3	-0.010478233
394.4	-0.009857189
394.5	-0.009242719
394.6	-0.008635566
394.7	-0.008036466
394.8	-0.00744614
394.9	-0.006865302
395	-0.006294648
395.1	-0.005734864
395.2	-0.005186621
395.3	-0.004650574
395.4	-0.004127362
395.5	-0.003617608
395.6	-0.003121916
395.7	-0.002640873
395.8	-0.002175048
395.9	-0.001724987
396	-0.00129122
396.1	-0.000874254
396.2	-0.000474573
396.3	-9.26E-05
396.4	0.000271098
396.5	0.00061623
396.6	0.000942358
396.7	0.001249113
396.8	0.001536149
396.9	0.001803144
397	0.002049802
397.1	0.002275854
397.2	0.002481053
397.3	0.002665182
397.4	0.002828048
397.5	0.002969486
397.6	0.003089355
397.7	0.003187544
397.8	0.003263967
397.9	0.003318565
398	0.003351307
398.1	0.003362188
398.2	0.00335123
398.3	0.003318483
398.4	0.003264021
398.5	0.003187947
398.6	0.003090391
398.7	0.002971506
398.8	0.002831475
398.9	0.002670504
399	0.002488825
399.1	0.002286695
399.2	0.002064396
399.3	0.001822235
399.4	0.001560543
399.5	0.001279672
399.6	0.000979999
399.7	0.000661925
399.8	0.000325869
399.9	-2.77E-05
400	-0.000398394
