3.141589999999999900E+02
1.570800000000000100E+02
1.047200000000000000E+02
7.853980000000000000E+01
6.283189999999999700E+01
5.235990000000000300E+01
4.487989999999999900E+01
3.926990000000000000E+01
3.490659999999999700E+01
3.141590000000000100E+01
2.855989999999999900E+01
2.617990000000000000E+01
2.416610000000000000E+01
2.244000000000000100E+01
2.094399999999999900E+01
1.963500000000000200E+01
1.848000000000000000E+01
1.745329999999999900E+01
1.653470000000000100E+01
1.570800000000000000E+01
1.496000000000000100E+01
1.427999999999999900E+01
1.365910000000000000E+01
1.309000000000000000E+01
1.256640000000000000E+01
1.208300000000000000E+01
1.163550000000000000E+01
1.122000000000000100E+01
1.083310000000000000E+01
1.047200000000000000E+01
1.013420000000000000E+01
9.817479999999999800E+00
9.519980000000000300E+00
9.239979999999999200E+00
8.975979999999999800E+00
8.726649999999999400E+00
8.490790000000000500E+00
8.267350000000000400E+00
8.055369999999999900E+00
7.853980000000000000E+00
7.662420000000000000E+00
7.479989999999999900E+00
7.306029999999999800E+00
7.139990000000000100E+00
6.981320000000000200E+00
6.829550000000000200E+00
6.684240000000000000E+00
6.544990000000000300E+00
6.411419999999999700E+00
6.283190000000000300E+00
6.159989999999999600E+00
6.041529999999999800E+00
5.927539999999999600E+00
5.817770000000000300E+00
5.711990000000000100E+00
5.609989999999999800E+00
5.511569999999999900E+00
5.416540000000000400E+00
5.324740000000000300E+00
5.235990000000000100E+00
5.150150000000000000E+00
5.067090000000000300E+00
4.986659999999999600E+00
4.908739999999999900E+00
4.833219999999999800E+00
4.759990000000000200E+00
4.688950000000000200E+00
4.619989999999999600E+00
4.553040000000000200E+00
4.487989999999999900E+00
4.424780000000000200E+00
4.363330000000000400E+00
4.303550000000000400E+00
4.245400000000000100E+00
4.188790000000000000E+00
4.133680000000000000E+00
4.079989999999999600E+00
4.027689999999999800E+00
3.976700000000000100E+00
3.926990000000000000E+00
3.878509999999999900E+00
3.831210000000000000E+00
3.785050000000000000E+00
3.739990000000000100E+00
3.695990000000000100E+00
3.653020000000000200E+00
3.611030000000000000E+00
3.569990000000000200E+00
3.529879999999999900E+00
3.490660000000000100E+00
3.452300000000000100E+00
3.414779999999999900E+00
3.378060000000000100E+00
3.342120000000000000E+00
3.306940000000000000E+00
3.272489999999999900E+00
3.238760000000000100E+00
3.205709999999999800E+00
3.173330000000000000E+00
3.141589999999999900E+00
3.110490000000000000E+00
3.079990000000000000E+00
3.050090000000000000E+00
3.020760000000000100E+00
2.991989999999999900E+00
2.963769999999999800E+00
2.936070000000000000E+00
2.908879999999999900E+00
2.882200000000000100E+00
2.855999999999999900E+00
2.830270000000000100E+00
2.805000000000000200E+00
2.780170000000000000E+00
2.755780000000000100E+00
2.731819999999999900E+00
2.708270000000000200E+00
2.685120000000000000E+00
2.662370000000000100E+00
2.640000000000000100E+00
2.617999999999999900E+00
2.596359999999999800E+00
2.575079999999999800E+00
2.554139999999999900E+00
2.533539999999999900E+00
2.513280000000000000E+00
2.493329999999999800E+00
2.473700000000000000E+00
2.454369999999999900E+00
2.435340000000000100E+00
2.416609999999999900E+00
2.398159999999999800E+00
2.379999999999999900E+00
2.362099999999999900E+00
2.344469999999999800E+00
2.327109999999999800E+00
2.310000000000000100E+00
2.293130000000000100E+00
2.276520000000000100E+00
2.260139999999999800E+00
2.244000000000000200E+00
2.228079999999999800E+00
2.212390000000000100E+00
2.196920000000000000E+00
2.181659999999999900E+00
2.166620000000000000E+00
2.151780000000000000E+00
2.137140000000000000E+00
2.122700000000000000E+00
2.108449999999999900E+00
2.094399999999999800E+00
2.080530000000000000E+00
2.066840000000000000E+00
2.053329999999999900E+00
2.040000000000000000E+00
2.026840000000000000E+00
2.013840000000000100E+00
2.001020000000000000E+00
1.988350000000000100E+00
1.975850000000000100E+00
1.963500000000000000E+00
1.951300000000000000E+00
1.939260000000000000E+00
1.927360000000000000E+00
1.915610000000000000E+00
1.903999999999999900E+00
1.892530000000000000E+00
1.881189999999999900E+00
1.870000000000000100E+00
1.858930000000000000E+00
1.848000000000000100E+00
1.837190000000000100E+00
1.826510000000000100E+00
1.815950000000000000E+00
1.805509999999999900E+00
1.795199999999999900E+00
1.784999999999999900E+00
1.774910000000000000E+00
1.764940000000000000E+00
1.755080000000000000E+00
1.745330000000000000E+00
1.735690000000000000E+00
1.726150000000000100E+00
1.716720000000000000E+00
1.707390000000000000E+00
1.698159999999999900E+00
1.689030000000000000E+00
1.679999999999999900E+00
1.671060000000000000E+00
1.662220000000000000E+00
1.653470000000000000E+00
1.644810000000000100E+00
1.636250000000000000E+00
1.627769999999999900E+00
1.619380000000000000E+00
1.611070000000000000E+00
1.602850000000000100E+00
1.594719999999999900E+00
1.586660000000000000E+00
1.578689999999999900E+00
1.570800000000000000E+00
1.562980000000000000E+00
1.555250000000000000E+00
1.547580000000000000E+00
1.540000000000000000E+00
1.532489999999999900E+00
1.525050000000000000E+00
1.517679999999999900E+00
1.510380000000000100E+00
1.503160000000000100E+00
1.496000000000000000E+00
1.488910000000000000E+00
1.481880000000000100E+00
1.474930000000000100E+00
1.468040000000000000E+00
1.461209999999999900E+00
1.454440000000000000E+00
1.447740000000000000E+00
1.441100000000000000E+00
1.434520000000000000E+00
1.427999999999999900E+00
1.421540000000000000E+00
1.415130000000000000E+00
1.408790000000000000E+00
1.402500000000000100E+00
1.396260000000000100E+00
1.390090000000000000E+00
1.383960000000000100E+00
1.377890000000000100E+00
1.371880000000000000E+00
1.365910000000000000E+00
1.360000000000000100E+00
1.354139999999999900E+00
1.348320000000000000E+00
1.342560000000000000E+00
1.336850000000000100E+00
1.331180000000000000E+00
1.325569999999999900E+00
1.320000000000000100E+00
1.314470000000000000E+00
1.308999999999999900E+00
1.303569999999999900E+00
1.298179999999999900E+00
1.292840000000000000E+00
1.287539999999999900E+00
1.282280000000000100E+00
1.277069999999999900E+00
1.271900000000000000E+00
1.266770000000000000E+00
1.261679999999999900E+00
1.256640000000000000E+00
1.251630000000000000E+00
1.246660000000000100E+00
1.241740000000000100E+00
1.236850000000000000E+00
1.232000000000000000E+00
1.227190000000000000E+00
1.222410000000000000E+00
1.217670000000000000E+00
1.212970000000000100E+00
1.208310000000000000E+00
1.203680000000000100E+00
1.199079999999999900E+00
1.194520000000000000E+00
1.189999999999999900E+00
1.185510000000000100E+00
1.181049999999999900E+00
1.176630000000000100E+00
1.172239999999999900E+00
1.167880000000000000E+00
1.163550000000000100E+00
1.159260000000000000E+00
1.155000000000000000E+00
1.150770000000000100E+00
1.146570000000000100E+00
1.142400000000000100E+00
1.138260000000000000E+00
1.134150000000000000E+00
1.130069999999999900E+00
1.126020000000000000E+00
1.122000000000000100E+00
1.118009999999999900E+00
1.114039999999999900E+00
1.110100000000000100E+00
1.106200000000000100E+00
1.102309999999999900E+00
1.098460000000000000E+00
1.094630000000000000E+00
1.090830000000000000E+00
1.087059999999999900E+00
1.083310000000000000E+00
1.079590000000000000E+00
1.075890000000000000E+00
1.072220000000000000E+00
1.068570000000000000E+00
1.064950000000000100E+00
1.061350000000000000E+00
1.057779999999999900E+00
1.054230000000000000E+00
