1.003753699999999915e-01
7.375982999999999290e-01
2.537716899999999498e+00
6.298440000000000261e+00
1.323778699999999908e+01
2.490146999999999977e+01
4.400534000000000390e+01
7.475086000000000297e+01
1.221916300000000177e+02
1.964849000000000103e+02
3.141295999999999822e+02
4.940489000000000601e+02
7.745144000000000233e+02
1.203818500000000085e+03
1.863278000000000020e+03
2.838285000000000309e+03
4.237243999999999687e+03
6.249175000000000182e+03
9.048376000000000204e+03
1.282247699999999895e+04
1.778005999999999767e+04
2.427834999999999854e+04
3.255876999999999680e+04
4.302120999999999185e+04
5.607858999999999651e+04
7.203690999999998894e+04
9.158522000000000116e+04
1.148179899999999907e+05
1.420343200000000070e+05
1.732340999999999767e+05
2.083575999999999767e+05
2.504348999999999942e+05
2.966803000000000466e+05
3.464532999999999884e+05
3.977562999999999884e+05
4.513193999999999651e+05
5.126307999999999884e+05
5.734549479999999749e+05
6.297288000000000466e+05
6.808930000000000000e+05
7.387895999999999767e+05
7.949297999999999302e+05
8.345435000000000000e+05
8.654237999999999302e+05
9.012040000000000000e+05
9.302478000000000466e+05
9.396520000000000000e+05
9.454094999999998836e+05
9.501757000000000698e+05
9.287081999999999534e+05
9.054071999999999534e+05
8.877312999999999302e+05
8.625449000000001397e+05
8.231624000000000233e+05
7.943241999999999534e+05
7.736007999999999302e+05
7.491845000000001164e+05
7.568638000000000466e+05
8.283689000000000233e+05
9.956595999999999767e+05
1.411471600000000093e+06
2.351894200000000186e+06
4.483539799999999814e+06
9.151218000000000000e+06
1.613235700000000000e+07
1.849315200000000000e+07
1.485798000000000000e+07
1.096413200000000000e+07
8.342569000000000000e+06
6.636237000000000000e+06
5.502051000000000000e+06
4.694278900000000373e+06
4.103604299999999814e+06
3.648023200000000186e+06
3.289547600000000093e+06
2.994626899999999907e+06
2.746924000000000000e+06
2.535334700000000186e+06
2.350895399999999907e+06
2.192870399999999907e+06
2.050796699999999953e+06
1.926114899999999907e+06
1.816888500000000000e+06
1.723181899999999907e+06
1.642210359999999870e+06
1.570946530000000261e+06
1.504844299999999814e+06
1.444930600000000093e+06
1.387209800000000047e+06
1.334066300000000047e+06
1.282013600000000093e+06
1.233203500000000000e+06
1.189432100000000093e+06
1.147165100000000093e+06
1.114007000000000000e+06
1.096456000000000000e+06
1.102473500000000000e+06
1.175620399999999907e+06
1.388801200000000186e+06
2.168533000000000000e+06
5.707655000000000000e+06
1.527402400000000000e+07
6.693886099999999627e+06
3.325835700000000186e+06
2.226715000000000000e+06
1.735301699999999953e+06
1.469932120000000112e+06
1.304695800000000047e+06
1.203405699999999953e+06
1.149536000000000000e+06
1.118302200000000186e+06
1.078529600000000093e+06
1.021988769999999902e+06
9.580935999999999767e+05
8.926468999999999069e+05
8.303683000000000466e+05
7.752464000000000233e+05
7.221623999999999069e+05
6.721333000000000466e+05
6.254291999999999534e+05
5.817859000000000233e+05
5.390704000000000233e+05
4.996905000000000000e+05
4.643331999999999534e+05
4.357446999999999534e+05
4.260910000000000000e+05
4.669758800000000047e+05
6.765725000000000000e+05
1.623612750000000000e+06
4.530461000000000000e+06
3.509590000000000000e+06
2.004797099999999860e+06
1.477222200000000186e+06
1.264572600000000093e+06
9.959443000000000466e+05
7.688971299999998882e+05
6.320662799999999115e+05
5.500819000000000233e+05
4.990738999999999651e+05
4.655742519999999786e+05
4.412015999999999767e+05
4.201473000000000466e+05
3.955840000000000000e+05
3.643439000000000233e+05
3.375588000000000466e+05
3.154129000000000233e+05
2.938515999999999767e+05
2.730940999999999767e+05
2.550771000000000349e+05
2.592940699999999779e+05
3.547927700000000186e+05
8.489994000000000233e+05
2.298428900000000373e+06
2.107674099999999627e+06
1.351633199999999953e+06
9.810488000000000466e+05
7.671585100000000093e+05
6.056084500000000698e+05
4.812363999999999651e+05
3.873184000000000233e+05
3.303119300000000512e+05
2.989952000000000116e+05
2.738948999999999651e+05
2.475987000000000116e+05
2.190473999999999651e+05
1.888950999999999767e+05
1.648647000000000116e+05
1.516997000000000116e+05
1.552648000000000175e+05
1.838615000000000000e+05
2.759238000000000466e+05
5.769903000000000466e+05
1.249114000000000000e+06
1.298885200000000186e+06
9.070570000000000000e+05
6.562091300000001211e+05
5.158334600000000210e+05
4.283690700000000070e+05
3.656950999999999767e+05
3.123905000000000000e+05
2.601984000000000233e+05
2.071090999999999767e+05
1.558695000000000000e+05
1.124520000000000146e+05
8.365690000000002328e+04
7.986929999999998836e+04
1.231065499999999738e+05
2.363898790000000154e+05
3.993505200000000186e+05
5.351366999999999534e+05
5.948068000000000466e+05
5.912258999999999069e+05
5.501570999999999767e+05
4.864547399999999907e+05
4.062540299999999697e+05
3.142448000000000466e+05
2.146023300000000163e+05
1.234193999999999942e+05
6.717979999999998836e+04
5.058450000000000000e+04
6.137330000000000291e+04
9.095017999999999302e+04
1.330895000000000000e+05
1.805006390000000247e+05
2.286340339999999851e+05
2.731409699999999721e+05
3.131335000000000000e+05
3.450961699999999837e+05
3.624996300000000047e+05
3.495352000000000116e+05
2.896769500000000116e+05
1.890727999999999884e+05
1.011947700000000041e+05
5.792039999999999418e+04
4.921208000000000175e+04
5.950374999999999272e+04
7.671177999999999884e+04
9.418124000000000524e+04
1.102316539999999950e+05
1.243806489999999903e+05
1.372008118999999715e+05
1.487652509999999893e+05
1.580821999999999825e+05
1.621656900000000023e+05
1.508437900000000081e+05
1.082491899999999878e+05
5.651315000000000873e+04
3.228396999999999389e+04
2.845848999999999796e+04
3.013508600000000297e+04
3.093291650000000300e+04
2.823622499999999854e+04
2.397048199999999633e+04
1.980000699999999779e+04
1.482869900000000052e+04
7.368386000000000422e+03
-2.671350000000000364e+03
-1.353481680000000051e+04
-1.763745999999999913e+04
-6.952526999999998225e+03
6.283475999999999658e+03
9.679543199999998251e+03
5.588545000000001892e+03
-2.522115999999999985e+03
-1.402998800000000301e+04
-3.001773999999999796e+04
-5.008920000000000437e+04
-7.349797000000000116e+04
-9.624803999999999360e+04
-1.108147299999999959e+05
-1.010519299999999930e+05
-6.232144900000000780e+04
-2.185793699999999808e+04
-2.405503000000002430e+03
-1.605657000000002881e+03
-1.082816340000000309e+04
-2.436728900000000431e+04
-4.023735400000000664e+04
-5.849052999999999884e+04
-7.719573600000000442e+04
-9.137929999999998836e+04
-9.423294899999999325e+04
-7.632916200000001118e+04
-3.963702300000000105e+04
-8.111789999999999964e+03
7.861206000000001950e+03
1.157277799999999843e+04
1.003737329999999929e+04
4.639123900000000503e+03
-5.003786000000000058e+03
-1.669431109999999899e+04
-2.201516999999999825e+04
-1.589620000000000073e+04
-5.254410000000005311e+03
2.574974300000000312e+03
7.118344000000000051e+03
1.019046300000000156e+04
1.428255200000000332e+04
1.957887929999999687e+04
2.461184799999999814e+04
2.755248599999999715e+04
3.136121730000000389e+04
3.418074500000000262e+04
3.576042999999999302e+04
3.204349149999999645e+04
2.262954799999999886e+04
1.338702000000000044e+04
9.667120000000002619e+03
1.283315000000000327e+04
2.257430500000000029e+04
3.505229499999999825e+04
4.749847999999999593e+04
5.907206999999999971e+04
6.403474000000000524e+04
5.763355999999999767e+04
4.442546099999999569e+04
2.523585699999999997e+04
1.251802200000000084e+04
9.352026999999998225e+03
1.906769099999999889e+04
