3.331240000000000000e+07
3.319870000000000000e+07
3.317070000000000000e+07
3.323680000000000000e+07
3.326770000000000000e+07
3.333840000000000000e+07
3.332710000000000000e+07
3.338880000000000000e+07
3.338070000000000000e+07
3.339110000000000000e+07
3.339110000000000000e+07
3.344050000000000000e+07
3.335980000000000000e+07
3.346600000000000000e+07
3.345500000000000000e+07
3.351570000000000000e+07
3.356630000000000000e+07
3.347210000000000000e+07
3.361030000000000000e+07
3.368550000000000000e+07
3.358360000000000000e+07
3.372100000000000000e+07
3.374840000000000000e+07
3.366110000000000000e+07
3.384870000000000000e+07
3.386980000000000000e+07
3.385880000000000000e+07
3.379060000000000000e+07
3.392780000000000000e+07
3.396410000000000000e+07
3.401800000000000000e+07
3.389360000000000000e+07
3.395350000000000000e+07
3.403290000000000000e+07
3.403620000000000000e+07
3.400160000000000000e+07
3.387040000000000000e+07
3.392980000000000000e+07
3.403390000000000000e+07
3.403980000000000000e+07
3.404260000000000000e+07
3.392360000000000000e+07
3.387420000000000000e+07
3.402340000000000000e+07
3.418190000000000000e+07
3.423480000000000000e+07
3.432330000000000000e+07
3.434580000000000000e+07
3.430880000000000000e+07
3.438760000000000000e+07
3.471750000000000000e+07
3.503420000000000000e+07
3.528390000000000000e+07
3.558220000000000000e+07
3.589980000000000000e+07
3.618530000000000000e+07
3.660200000000000000e+07
3.729040000000000000e+07
3.821310000000000000e+07
3.931210000000000000e+07
4.062360000000000000e+07
4.225000000000000000e+07
4.402950000000000000e+07
4.456400000000000000e+07
3.987720000000000000e+07
3.054020000000000000e+07
2.560990000000000000e+07
2.504510000000000000e+07
2.581290000000000000e+07
2.682220000000000000e+07
2.780650000000000000e+07
2.868240000000000000e+07
2.946050000000000000e+07
3.019420000000000000e+07
3.085340000000000000e+07
3.146600000000000000e+07
3.195810000000000000e+07
3.237960000000000000e+07
3.273760000000000000e+07
3.303870000000000000e+07
3.329070000000000000e+07
3.344010000000000000e+07
3.343980000000000000e+07
3.330040000000000000e+07
3.301710000000000000e+07
3.263120000000000000e+07
3.215150000000000000e+07
3.161810000000000000e+07
3.108090000000000000e+07
3.061130000000000000e+07
3.025360000000000000e+07
3.003340000000000000e+07
2.995130000000000000e+07
2.996900000000000000e+07
3.006850000000000000e+07
3.023310000000000000e+07
3.046210000000000000e+07
3.076400000000000000e+07
3.114700000000000000e+07
3.161260000000000000e+07
3.197990000000000000e+07
2.999990000000000000e+07
3.044890000000000000e+07
3.162530000000000000e+07
3.252210000000000000e+07
3.334290000000000000e+07
3.412090000000000000e+07
3.472790000000000000e+07
3.485330000000000000e+07
3.397170000000000000e+07
3.195020000000000000e+07
2.959690000000000000e+07
2.802120000000000000e+07
2.745220000000000000e+07
2.753050000000000000e+07
2.787990000000000000e+07
2.828080000000000000e+07
2.863030000000000000e+07
2.890850000000000000e+07
2.912170000000000000e+07
2.928920000000000000e+07
2.943060000000000000e+07
2.955380000000000000e+07
2.968070000000000000e+07
2.982210000000000000e+07
2.999950000000000000e+07
3.024790000000000000e+07
3.063660000000000000e+07
3.130500000000000000e+07
3.168290000000000000e+07
3.070270000000000000e+07
3.069140000000000000e+07
3.040100000000000000e+07
2.871460000000000000e+07
2.751380000000000000e+07
2.782650000000000000e+07
2.832600000000000000e+07
2.865040000000000000e+07
2.883210000000000000e+07
2.892750000000000000e+07
2.900660000000000000e+07
2.906610000000000000e+07
2.901400000000000000e+07
2.873900000000000000e+07
2.836410000000000000e+07
2.811750000000000000e+07
2.807570000000000000e+07
2.812690000000000000e+07
2.833280000000000000e+07
2.862220000000000000e+07
2.900310000000000000e+07
2.949580000000000000e+07
2.986210000000000000e+07
2.953720000000000000e+07
2.935520000000000000e+07
2.915370000000000000e+07
2.878010000000000000e+07
2.860810000000000000e+07
2.868260000000000000e+07
2.865020000000000000e+07
2.839540000000000000e+07
2.818700000000000000e+07
2.806480000000000000e+07
2.797650000000000000e+07
2.792570000000000000e+07
2.794610000000000000e+07
2.808730000000000000e+07
2.835980000000000000e+07
2.871210000000000000e+07
2.905840000000000000e+07
2.934290000000000000e+07
2.951110000000000000e+07
2.936110000000000000e+07
2.895300000000000000e+07
2.875250000000000000e+07
2.866180000000000000e+07
2.861020000000000000e+07
2.854580000000000000e+07
2.842770000000000000e+07
2.825370000000000000e+07
2.810570000000000000e+07
2.809610000000000000e+07
2.823910000000000000e+07
2.845360000000000000e+07
2.863120000000000000e+07
2.871840000000000000e+07
2.873150000000000000e+07
2.872120000000000000e+07
2.873680000000000000e+07
2.878770000000000000e+07
2.884720000000000000e+07
2.887370000000000000e+07
2.884350000000000000e+07
2.878370000000000000e+07
2.873570000000000000e+07
2.869170000000000000e+07
2.864340000000000000e+07
2.857380000000000000e+07
2.850570000000000000e+07
2.846160000000000000e+07
2.846440000000000000e+07
2.851940000000000000e+07
2.860940000000000000e+07
2.870920000000000000e+07
2.880210000000000000e+07
2.887470000000000000e+07
2.892370000000000000e+07
2.895490000000000000e+07
2.895290000000000000e+07
2.891040000000000000e+07
2.880960000000000000e+07
2.865570000000000000e+07
2.853350000000000000e+07
2.851340000000000000e+07
2.859000000000000000e+07
2.868840000000000000e+07
2.876590000000000000e+07
2.881960000000000000e+07
2.886060000000000000e+07
2.889690000000000000e+07
2.892560000000000000e+07
2.893670000000000000e+07
2.892460000000000000e+07
2.889420000000000000e+07
2.886460000000000000e+07
2.885550000000000000e+07
2.886390000000000000e+07
2.887250000000000000e+07
2.887090000000000000e+07
2.887860000000000000e+07
2.888450000000000000e+07
2.889220000000000000e+07
2.891520000000000000e+07
2.894880000000000000e+07
2.897750000000000000e+07
2.899710000000000000e+07
2.901160000000000000e+07
2.902340000000000000e+07
2.903100000000000000e+07
2.904060000000000000e+07
2.905830000000000000e+07
2.908120000000000000e+07
2.910840000000000000e+07
2.913680000000000000e+07
2.916190000000000000e+07
2.918540000000000000e+07
2.920940000000000000e+07
2.923770000000000000e+07
2.927570000000000000e+07
2.932370000000000000e+07
2.937310000000000000e+07
2.941130000000000000e+07
2.944030000000000000e+07
2.946670000000000000e+07
2.949610000000000000e+07
2.952810000000000000e+07
2.954860000000000000e+07
2.957000000000000000e+07
2.959490000000000000e+07
2.962240000000000000e+07
2.964330000000000000e+07
2.965880000000000000e+07
2.968230000000000000e+07
2.968310000000000000e+07
2.967780000000000000e+07
2.967660000000000000e+07
2.968220000000000000e+07
2.969150000000000000e+07
2.970050000000000000e+07
2.971000000000000000e+07
2.971870000000000000e+07
2.970650000000000000e+07
2.966950000000000000e+07
2.963640000000000000e+07
2.962100000000000000e+07
2.962040000000000000e+07
2.963000000000000000e+07
2.964300000000000000e+07
2.965430000000000000e+07
2.966320000000000000e+07
2.966370000000000000e+07
2.964870000000000000e+07
2.962690000000000000e+07
2.961260000000000000e+07
2.960830000000000000e+07
2.960750000000000000e+07
2.960370000000000000e+07
2.959780000000000000e+07
2.959490000000000000e+07
2.960190000000000000e+07
2.961770000000000000e+07
2.962980000000000000e+07
2.963310000000000000e+07
2.962920000000000000e+07
2.961770000000000000e+07
2.960010000000000000e+07
2.958450000000000000e+07
2.958210000000000000e+07
2.959490000000000000e+07
2.961050000000000000e+07
