9.779190000000000105e-03
8.878080000000000693e-02
3.019479999999999942e-01
7.556640000000000024e-01
1.616589999999999971e+00
3.081249999999999822e+00
5.528260000000000396e+00
9.543749999999999289e+00
1.566740000000000066e+01
2.538980000000000103e+01
4.124929999999999808e+01
6.607590000000000430e+01
1.048209999999999980e+02
1.657359999999999900e+02
2.637730000000000246e+02
4.081469999999999914e+02
6.227720000000000482e+02
9.418029999999999973e+02
1.404849999999999909e+03
2.061320000000000164e+03
2.919670000000000073e+03
4.117869999999999891e+03
5.733100000000000364e+03
7.917039999999999964e+03
1.082850000000000000e+04
1.434720000000000073e+04
1.910940000000000146e+04
2.515059999999999854e+04
3.283980000000000291e+04
4.270209999999999854e+04
5.572240000000000146e+04
7.107469999999999709e+04
9.042089999999999418e+04
1.149140000000000000e+05
1.466650000000000000e+05
1.874460000000000000e+05
2.371000000000000000e+05
3.010900000000000000e+05
3.838290000000000000e+05
4.924690000000000000e+05
6.308310000000000000e+05
8.056910000000000000e+05
1.027670000000000000e+06
1.299670000000000000e+06
1.601900000000000000e+06
1.929890000000000000e+06
2.258610000000000000e+06
2.557370000000000000e+06
2.787290000000000000e+06
2.867720000000000000e+06
2.950910000000000000e+06
2.987600000000000000e+06
2.983320000000000000e+06
2.953660000000000000e+06
2.922090000000000000e+06
2.881470000000000000e+06
2.834520000000000000e+06
2.817110000000000000e+06
2.844940000000000000e+06
2.939440000000000000e+06
3.224800000000000000e+06
3.909040000000000000e+06
5.505570000000000000e+06
9.082490000000000000e+06
1.458260000000000000e+07
1.670280000000000000e+07
1.412500000000000000e+07
1.120330000000000000e+07
9.188230000000000000e+06
7.870010000000000000e+06
7.006190000000000000e+06
6.384770000000000000e+06
5.921580000000000000e+06
5.545920000000000000e+06
5.234800000000000000e+06
4.959800000000000000e+06
4.716340000000000000e+06
4.491600000000000000e+06
4.261470000000000000e+06
4.054040000000000000e+06
3.868200000000000000e+06
3.897350000000000000e+06
4.687370000000000000e+06
1.072450000000000000e+07
3.743060000000000000e+07
2.142500000000000000e+07
1.236040000000000000e+07
9.126500000000000000e+06
7.590400000000000000e+06
6.691910000000000000e+06
6.090890000000000000e+06
5.645650000000000000e+06
5.307000000000000000e+06
5.046030000000000000e+06
4.842740000000000000e+06
4.687120000000000000e+06
4.571450000000000000e+06
4.573970000000000000e+06
4.817530000000000000e+06
6.121280000000000000e+06
1.284580000000000000e+07
3.350560000000000000e+07
1.720130000000000000e+07
1.014270000000000000e+07
7.759350000000000000e+06
6.679600000000000000e+06
6.089650000000000000e+06
5.735060000000000000e+06
5.494350000000000000e+06
5.313040000000000000e+06
5.155020000000000000e+06
5.023860000000000000e+06
5.004790000000000000e+06
5.267200000000000000e+06
6.538420000000000000e+06
1.269770000000000000e+07
2.248040000000000000e+07
1.228030000000000000e+07
8.071550000000000000e+06
6.449130000000000000e+06
5.607510000000000000e+06
5.028530000000000000e+06
4.576030000000000000e+06
4.291300000000000000e+06
4.127300000000000000e+06
4.046410000000000000e+06
4.132460000000000000e+06
4.721220000000000000e+06
7.403730000000000000e+06
1.518760000000000000e+07
1.171140000000000000e+07
7.353270000000000000e+06
5.622600000000000000e+06
4.808630000000000000e+06
4.297530000000000000e+06
3.923730000000000000e+06
3.662390000000000000e+06
3.476520000000000000e+06
3.369890000000000000e+06
3.472570000000000000e+06
4.580300000000000000e+06
1.097730000000000000e+07
1.130890000000000000e+07
6.517330000000000000e+06
4.720430000000000000e+06
3.844080000000000000e+06
3.335830000000000000e+06
3.033100000000000000e+06
2.858370000000000000e+06
2.840750000000000000e+06
3.157410000000000000e+06
4.744060000000000000e+06
9.185700000000000000e+06
8.088490000000000000e+06
5.443490000000000000e+06
4.183310000000000000e+06
3.554730000000000000e+06
3.216170000000000000e+06
3.015420000000000000e+06
2.866590000000000000e+06
2.921360000000000000e+06
3.689220000000000000e+06
5.453720000000000000e+06
6.671360000000000000e+06
5.877990000000000000e+06
4.472640000000000000e+06
3.522730000000000000e+06
2.957000000000000000e+06
2.618960000000000000e+06
2.450800000000000000e+06
2.541410000000000000e+06
3.364600000000000000e+06
5.521720000000000000e+06
5.695810000000000000e+06
4.291140000000000000e+06
3.333920000000000000e+06
2.736420000000000000e+06
2.331520000000000000e+06
2.095480000000000000e+06
2.278230000000000000e+06
3.362810000000000000e+06
4.322200000000000000e+06
4.049200000000000000e+06
3.403600000000000000e+06
2.819340000000000000e+06
2.372090000000000000e+06
2.128650000000000000e+06
2.207340000000000000e+06
2.572450000000000000e+06
2.912410000000000000e+06
2.982180000000000000e+06
2.815130000000000000e+06
2.559630000000000000e+06
2.342260000000000000e+06
2.213610000000000000e+06
2.159950000000000000e+06
2.130580000000000000e+06
2.119440000000000000e+06
2.162910000000000000e+06
2.241380000000000000e+06
2.290390000000000000e+06
2.266710000000000000e+06
2.135920000000000000e+06
1.938910000000000000e+06
1.788150000000000000e+06
1.722060000000000000e+06
1.732400000000000000e+06
1.799860000000000000e+06
1.892460000000000000e+06
1.941190000000000000e+06
1.844560000000000000e+06
1.615790000000000000e+06
1.414640000000000000e+06
1.300930000000000000e+06
1.294020000000000000e+06
1.405430000000000000e+06
1.540900000000000000e+06
1.561310000000000000e+06
1.378640000000000000e+06
1.067590000000000000e+06
8.724310000000000000e+05
8.706340000000000000e+05
9.795280000000000000e+05
1.119810000000000000e+06
1.179270000000000000e+06
9.912120000000000000e+05
6.894830000000000000e+05
5.619260000000000000e+05
5.795680000000000000e+05
6.522930000000000000e+05
7.192530000000000000e+05
6.911480000000000000e+05
5.246460000000000000e+05
3.766730000000000000e+05
3.271050000000000000e+05
3.286810000000000000e+05
3.390440000000000000e+05
3.282760000000000000e+05
2.741040000000000000e+05
2.080800000000000000e+05
1.684440000000000000e+05
1.372500000000000000e+05
9.558980000000000291e+04
4.461950000000000000e+04
6.034020000000000437e+03
3.547090000000000146e+03
7.470119999999999891e+03
-2.570550000000000000e+04
-8.723500000000000000e+04
-1.539020000000000000e+05
-1.817270000000000000e+05
-1.493900000000000000e+05
-1.118940000000000000e+05
-1.263290000000000000e+05
-1.853040000000000000e+05
-2.471130000000000000e+05
-2.636130000000000000e+05
-2.226870000000000000e+05
-1.789670000000000000e+05
-1.863350000000000000e+05
-2.288720000000000000e+05
-2.659330000000000000e+05
-2.542290000000000000e+05
-1.952610000000000000e+05
-1.498910000000000000e+05
-1.420050000000000000e+05
-1.542000000000000000e+05
-1.488580000000000000e+05
-1.124390000000000000e+05
-7.638110000000000582e+04
-6.383769999999999709e+04
-6.767780000000000291e+04
-5.766300000000000000e+04
-3.012959999999999854e+04
-5.382689999999999600e+03
1.695200000000000045e+03
2.156429999999999836e+03
1.570610000000000036e+04
4.215130000000000291e+04
6.405119999999999709e+04
6.612839999999999418e+04
6.370719999999999709e+04
7.273700000000000000e+04
9.097060000000000582e+04
1.076510000000000000e+05
1.144800000000000000e+05
1.151020000000000000e+05
1.190320000000000000e+05
1.302620000000000000e+05
1.419030000000000000e+05
1.511230000000000000e+05
1.588200000000000000e+05
1.641670000000000000e+05
1.710390000000000000e+05
1.783840000000000000e+05
1.880920000000000000e+05
2.020320000000000000e+05
2.205980000000000000e+05
2.364350000000000000e+05
2.542160000000000000e+05
