7.740033000000000466e+05
7.671233000000000466e+05
7.604529699999999721e+05
7.587048899999998976e+05
7.564252500000001164e+05
7.583225699999998324e+05
7.563481400000001304e+05
7.559332600000000093e+05
7.556401099999998696e+05
7.555887300000000978e+05
7.543145899999999674e+05
7.555783499999999767e+05
7.511790199999999022e+05
7.533869300000000512e+05
7.495646100000001024e+05
7.485817899999999208e+05
7.479321999999999534e+05
7.395155100000000093e+05
7.400801899999999441e+05
7.367814200000001583e+05
7.277476000000000931e+05
7.280084899999997579e+05
7.249763599999998696e+05
7.146774000000000233e+05
7.148307299999999814e+05
7.135020599999998230e+05
7.082920299999999115e+05
7.008533900000000140e+05
7.033181300000001211e+05
7.031490159999999451e+05
7.007612440000000643e+05
6.927657099999999627e+05
6.964230799999998417e+05
7.005867999999998137e+05
7.031233099999998230e+05
7.014638900000000140e+05
6.968229000000000233e+05
7.038731199999998789e+05
7.123096800000000512e+05
7.177958800000001211e+05
7.223432400000001071e+05
7.205571699999999255e+05
7.215869100000001490e+05
7.292004799999998650e+05
7.344600600000000559e+05
7.349844500000000698e+05
7.326905500000000466e+05
7.256537500000000000e+05
7.170754299999999348e+05
7.113770399999999208e+05
7.069433000000000466e+05
7.021435799999998417e+05
6.979052399999998743e+05
6.943761199999999953e+05
6.919083499999998603e+05
6.915079799999999814e+05
6.920629499999999534e+05
6.913198999999999069e+05
6.898733700000001118e+05
6.886893300000000745e+05
6.885122329999998910e+05
6.885272929999999469e+05
6.890910520000000251e+05
6.921205429999998305e+05
6.963434399999999441e+05
6.988942199999999721e+05
6.981961700000001583e+05
6.965219399999998277e+05
6.954839699999999721e+05
6.956834799999998650e+05
6.961490100000001257e+05
6.968236399999998976e+05
6.983061700000001583e+05
7.005795770000000484e+05
7.028896720000000205e+05
7.041746689999998780e+05
7.037967980000000680e+05
7.028895010000000475e+05
7.022904110000000801e+05
7.022287659999999451e+05
7.027897890000001062e+05
7.034672280000000028e+05
7.044207569999999832e+05
7.056252160000001313e+05
7.015102610000000568e+05
7.005419769999999553e+05
7.028258170000001555e+05
7.039801030000000028e+05
7.042161670000001322e+05
7.040221869999999180e+05
7.038190330000000540e+05
7.037919689999999246e+05
7.041544860000000335e+05
7.045025430000000633e+05
7.048235740000001388e+05
7.051019249999998137e+05
7.054320300000001444e+05
7.058342179999998771e+05
7.062781109999999171e+05
7.066434600000000792e+05
7.068739120000000112e+05
7.068270509999999776e+05
7.067118669999999693e+05
7.065707580000000307e+05
7.064809190000001108e+05
7.064554889999999432e+05
7.065090210000000661e+05
7.065740659999999916e+05
7.066532080000001006e+05
7.067619619999999413e+05
7.069042540000000736e+05
7.071014000000000233e+05
7.073588139999998966e+05
7.077035619999999180e+05
7.081042310000000289e+05
7.084916970000000438e+05
7.086961689999999944e+05
7.086134889999999432e+05
7.084248789999999572e+05
7.081179700000000885e+05
7.077670949999999721e+05
7.075353510000000242e+05
7.073511359999999404e+05
7.074276320000000997e+05
7.075785119999999879e+05
7.077473510000000242e+05
7.079306610000001965e+05
7.081297399999999907e+05
7.083320300000001444e+05
7.085220399999999208e+05
7.087170400000002701e+05
7.089138199999999488e+05
7.091083699999998789e+05
7.091846099999999860e+05
7.093118300000000745e+05
7.093000500000000466e+05
7.092655599999999395e+05
7.092132800000000279e+05
7.091282800000000279e+05
7.089307700000000186e+05
7.084771400000000140e+05
7.075871400000001304e+05
7.073447199999999721e+05
7.074057000000000698e+05
7.074116799999999348e+05
7.070179000000000233e+05
7.070571100000001024e+05
7.043304100000000326e+05
7.039286799999999348e+05
7.029298299999999581e+05
7.029981900000000605e+05
7.032409899999999907e+05
7.049807700000000186e+05
7.054228099999999395e+05
7.055271800000000512e+05
7.092982299999998650e+05
7.094907899999999208e+05
7.095377399999999907e+05
7.095584599999999627e+05
7.096408000000000466e+05
7.097047399999999907e+05
7.096771500000001397e+05
7.097270800000000745e+05
7.097392199999998556e+05
7.097549599999999627e+05
7.097754099999999162e+05
7.097999900000001071e+05
7.098192700000000186e+05
7.098568599999999860e+05
7.098360000000001164e+05
7.098663599999999860e+05
7.099239799999997485e+05
7.099506500000000233e+05
7.099427799999999115e+05
7.099566400000001304e+05
7.099714899999999907e+05
7.099846400000001304e+05
7.100145599999998230e+05
7.100270999999999767e+05
7.100445099999998929e+05
7.100364999999998836e+05
7.100936800000000512e+05
7.101151099999998696e+05
7.101198399999999674e+05
7.101305300000000279e+05
7.101384000000000233e+05
7.101493599999999860e+05
7.101592000000000698e+05
7.101694600000000792e+05
7.101903900000001304e+05
7.102009899999999907e+05
7.102137799999999115e+05
7.102280500000000466e+05
7.102393099999999395e+05
7.102716999999999534e+05
7.102847299999999814e+05
7.102973499999998603e+05
7.103017399999999907e+05
7.103095500000000466e+05
7.103174199999999255e+05
7.103236599999999162e+05
7.103316600000000326e+05
7.103410199999999022e+05
7.103516500000000233e+05
7.103634499999998370e+05
7.103731199999999953e+05
7.103808899999998976e+05
7.103875700000000652e+05
7.103943699999999953e+05
7.104011899999999441e+05
7.104096199999999953e+05
7.104169700000000885e+05
7.104249799999999814e+05
7.104316799999999348e+05
7.104386699999999255e+05
7.104456400000001304e+05
7.104518799999998882e+05
7.104575899999998510e+05
7.104614899999999907e+05
7.104668799999998882e+05
7.104721899999998277e+05
7.104775700000000652e+05
7.104844300000000512e+05
7.104901900000000605e+05
7.104958900000000140e+05
7.105026500000001397e+05
7.105081699999999255e+05
7.105145899999999674e+05
7.105208500000000931e+05
7.105259699999998556e+05
7.105322599999997765e+05
7.105370400000001537e+05
7.105421800000000512e+05
7.105461599999999162e+05
7.105503400000000838e+05
7.105554799999999814e+05
7.105606200000001118e+05
7.105656199999999953e+05
7.105694900000001071e+05
7.105745300000001444e+05
7.105793699999999953e+05
7.105851099999999860e+05
7.105890500000000466e+05
7.105939499999997206e+05
7.105989499999999534e+05
7.106023299999998417e+05
7.106075299999999115e+05
7.106105299999997951e+05
7.106150099999998929e+05
7.106188800000000047e+05
7.106225200000001350e+05
7.106272300000000978e+05
7.106306299999998882e+05
7.106353200000001816e+05
7.106385999999999767e+05
7.106450999999999767e+05
7.106487599999997765e+05
7.106523199999999488e+05
7.106558800000000047e+05
7.106604199999998091e+05
7.106628699999999953e+05
7.106671900000000605e+05
7.106703099999999395e+05
7.106735100000001257e+05
7.106769000000001397e+05
7.106801800000001676e+05
7.106833499999999767e+05
7.106875200000000186e+05
7.106908700000001118e+05
7.106940299999999115e+05
7.106971699999999255e+05
7.107003100000000559e+05
7.107034499999999534e+05
7.107055600000001723e+05
7.107094699999998556e+05
7.107126699999999255e+05
7.107156699999998091e+05
7.107184499999999534e+05
7.107215299999999115e+05
7.107246099999999860e+05
7.107273800000000047e+05
7.107302399999999907e+05
7.107331800000000512e+05
7.107360300000000279e+05
7.107379599999998463e+05
7.107417900000001537e+05
7.107435200000000186e+05
7.107465400000000373e+05
7.107492600000000093e+05
7.107521800000000512e+05
7.107539800000000978e+05
7.107566800000001676e+05
7.107592600000001257e+05
7.107621300000000047e+05
7.107647000000000698e+05
7.107682800000000279e+05
7.107708399999999674e+05
7.107722999999999302e+05
7.107749599999999627e+05
7.107775100000000093e+05
