7.190920000000000000e+06
7.323190000000000000e+06
7.341520000000000000e+06
7.323680000000000000e+06
7.361510000000000000e+06
7.374040000000000000e+06
7.399600000000000000e+06
7.406910000000000000e+06
7.438870000000000000e+06
7.431620000000000000e+06
7.432390000000000000e+06
7.486890000000000000e+06
7.497710000000000000e+06
7.519500000000000000e+06
7.541450000000000000e+06
7.561430000000000000e+06
7.599040000000000000e+06
7.631170000000000000e+06
7.647510000000000000e+06
7.692010000000000000e+06
7.718480000000000000e+06
7.767010000000000000e+06
7.819610000000000000e+06
7.852090000000000000e+06
7.899920000000000000e+06
7.952880000000000000e+06
8.022710000000000000e+06
8.088640000000000000e+06
8.150670000000000000e+06
8.217720000000000000e+06
8.300810000000000000e+06
8.378520000000000000e+06
8.475510000000000000e+06
8.565760000000000000e+06
8.699580000000000000e+06
8.823850000000000000e+06
8.935470000000000000e+06
9.069980000000000000e+06
9.200590000000000000e+06
9.358990000000000000e+06
9.526410000000000000e+06
9.676130000000000000e+06
9.807310000000000000e+06
9.918900000000000000e+06
9.949060000000000000e+06
9.922940000000000000e+06
9.819570000000000000e+06
9.653050000000000000e+06
9.434020000000000000e+06
9.097860000000000000e+06
8.908350000000000000e+06
8.755940000000000000e+06
8.670880000000000000e+06
8.655960000000000000e+06
8.689100000000000000e+06
8.786890000000000000e+06
8.946950000000000000e+06
9.193320000000000000e+06
9.549360000000000000e+06
1.004110000000000000e+07
1.073280000000000000e+07
1.171680000000000000e+07
1.298420000000000000e+07
1.397890000000000000e+07
1.240170000000000000e+07
7.563640000000000000e+06
4.262980000000000000e+06
3.310920000000000000e+06
3.260180000000000000e+06
3.478820000000000000e+06
3.760310000000000000e+06
4.029690000000000000e+06
4.283210000000000000e+06
4.519150000000000000e+06
4.763880000000000000e+06
5.018310000000000000e+06
5.302140000000000000e+06
5.637860000000000000e+06
6.048360000000000000e+06
6.596640000000000000e+06
7.388490000000000000e+06
8.661940000000000000e+06
1.101710000000000000e+07
1.574310000000000000e+07
1.013180000000000000e+07
-2.469270000000000000e+06
-1.208000000000000000e+06
1.463450000000000000e+05
1.049700000000000000e+06
1.701830000000000000e+06
2.212460000000000000e+06
2.639190000000000000e+06
3.021400000000000000e+06
3.389380000000000000e+06
3.768350000000000000e+06
4.192220000000000000e+06
4.696320000000000000e+06
5.373000000000000000e+06
6.391480000000000000e+06
8.144590000000000000e+06
1.125360000000000000e+07
4.693710000000000000e+06
-2.307700000000000000e+06
-8.804260000000000000e+05
2.650070000000000000e+05
1.011920000000000000e+06
1.542280000000000000e+06
1.947090000000000000e+06
2.279170000000000000e+06
2.578410000000000000e+06
2.881620000000000000e+06
3.237350000000000000e+06
3.709330000000000000e+06
4.399850000000000000e+06
5.539770000000000000e+06
7.096670000000000000e+06
1.883620000000000000e+06
-6.937140000000000000e+05
6.744719999999999709e+04
6.998950000000000000e+05
1.143460000000000000e+06
1.483420000000000000e+06
1.802970000000000000e+06
2.121550000000000000e+06
2.428840000000000000e+06
2.770410000000000000e+06
3.216770000000000000e+06
3.880230000000000000e+06
4.842960000000000000e+06
3.774430000000000000e+06
5.675330000000000000e+05
6.547830000000000000e+05
1.090080000000000000e+06
1.432600000000000000e+06
1.698100000000000000e+06
1.940190000000000000e+06
2.178850000000000000e+06
2.434160000000000000e+06
2.748940000000000000e+06
3.210640000000000000e+06
4.010250000000000000e+06
4.470750000000000000e+06
1.110180000000000000e+06
9.772420000000000000e+05
1.336220000000000000e+06
1.645290000000000000e+06
1.914390000000000000e+06
2.166260000000000000e+06
2.425310000000000000e+06
2.723460000000000000e+06
3.129780000000000000e+06
3.684670000000000000e+06
3.294610000000000000e+06
1.718510000000000000e+06
1.589800000000000000e+06
1.789590000000000000e+06
1.997040000000000000e+06
2.179900000000000000e+06
2.347640000000000000e+06
2.530450000000000000e+06
2.796120000000000000e+06
3.099280000000000000e+06
3.136390000000000000e+06
2.604380000000000000e+06
2.065160000000000000e+06
1.944570000000000000e+06
2.044470000000000000e+06
2.195550000000000000e+06
2.361320000000000000e+06
2.551830000000000000e+06
2.793760000000000000e+06
3.082750000000000000e+06
2.997500000000000000e+06
2.294220000000000000e+06
2.079270000000000000e+06
2.132150000000000000e+06
2.242530000000000000e+06
2.379530000000000000e+06
2.559760000000000000e+06
2.802760000000000000e+06
2.945240000000000000e+06
2.704270000000000000e+06
2.435810000000000000e+06
2.339150000000000000e+06
2.352320000000000000e+06
2.430440000000000000e+06
2.555710000000000000e+06
2.688770000000000000e+06
2.756230000000000000e+06
2.724550000000000000e+06
2.648500000000000000e+06
2.591020000000000000e+06
2.577540000000000000e+06
2.594350000000000000e+06
2.630450000000000000e+06
2.664580000000000000e+06
2.692990000000000000e+06
2.718040000000000000e+06
2.738490000000000000e+06
2.741300000000000000e+06
2.722240000000000000e+06
2.692580000000000000e+06
2.670870000000000000e+06
2.675390000000000000e+06
2.704710000000000000e+06
2.741880000000000000e+06
2.775250000000000000e+06
2.795530000000000000e+06
2.788750000000000000e+06
2.761240000000000000e+06
2.722470000000000000e+06
2.710500000000000000e+06
2.734700000000000000e+06
2.773620000000000000e+06
2.820570000000000000e+06
2.850870000000000000e+06
2.843960000000000000e+06
2.805820000000000000e+06
2.769040000000000000e+06
2.776690000000000000e+06
2.830520000000000000e+06
2.886710000000000000e+06
2.919140000000000000e+06
2.920830000000000000e+06
2.887130000000000000e+06
2.847390000000000000e+06
2.865820000000000000e+06
2.917370000000000000e+06
2.956560000000000000e+06
2.976220000000000000e+06
2.973350000000000000e+06
2.952470000000000000e+06
2.944520000000000000e+06
2.969030000000000000e+06
3.000650000000000000e+06
3.022970000000000000e+06
3.035830000000000000e+06
3.041080000000000000e+06
3.046040000000000000e+06
3.058620000000000000e+06
3.073520000000000000e+06
3.085470000000000000e+06
3.095870000000000000e+06
3.108860000000000000e+06
3.126510000000000000e+06
3.143160000000000000e+06
3.150230000000000000e+06
3.154360000000000000e+06
3.164230000000000000e+06
3.182230000000000000e+06
3.207210000000000000e+06
3.228490000000000000e+06
3.236850000000000000e+06
3.239320000000000000e+06
3.247150000000000000e+06
3.274950000000000000e+06
3.299910000000000000e+06
3.320420000000000000e+06
3.329030000000000000e+06
3.333190000000000000e+06
3.343360000000000000e+06
3.362450000000000000e+06
3.383950000000000000e+06
3.396850000000000000e+06
3.400540000000000000e+06
3.402840000000000000e+06
3.409780000000000000e+06
3.421310000000000000e+06
3.430380000000000000e+06
3.434240000000000000e+06
3.437130000000000000e+06
3.442850000000000000e+06
3.451410000000000000e+06
3.458090000000000000e+06
3.461140000000000000e+06
3.463380000000000000e+06
3.468460000000000000e+06
3.475010000000000000e+06
3.479610000000000000e+06
3.480890000000000000e+06
3.481790000000000000e+06
3.485620000000000000e+06
3.490700000000000000e+06
3.494950000000000000e+06
3.497050000000000000e+06
3.499170000000000000e+06
3.502430000000000000e+06
3.506560000000000000e+06
3.510800000000000000e+06
3.514020000000000000e+06
3.517390000000000000e+06
3.520510000000000000e+06
3.524180000000000000e+06
3.528250000000000000e+06
3.532730000000000000e+06
3.564750000000000000e+06
3.571570000000000000e+06
3.578090000000000000e+06
3.584880000000000000e+06
3.594420000000000000e+06
