1.988600000000000090e-01
1.599380000000000024e+00
5.584810000000000052e+00
1.393750000000000000e+01
2.920070000000000121e+01
5.461719999999999686e+01
9.581319999999999482e+01
1.609530000000000030e+02
2.606200000000000045e+02
4.144060000000000059e+02
6.539410000000000309e+02
1.010159999999999968e+03
1.558920000000000073e+03
2.381570000000000164e+03
3.612380000000000109e+03
5.388630000000000109e+03
7.865310000000000400e+03
1.134100000000000000e+04
1.605010000000000036e+04
2.211770000000000073e+04
2.978609999999999854e+04
3.956969999999999709e+04
5.155369999999999709e+04
6.635050000000000000e+04
8.372119999999999709e+04
1.034810000000000000e+05
1.265540000000000000e+05
1.533140000000000000e+05
1.834990000000000000e+05
2.161960000000000000e+05
2.494100000000000000e+05
2.844270000000000000e+05
3.235720000000000000e+05
3.611100000000000000e+05
3.971390000000000000e+05
4.279460000000000000e+05
4.537380000000000000e+05
4.849660000000000000e+05
5.137880000000000000e+05
5.175720000000000000e+05
5.197560000000000000e+05
5.148560000000000000e+05
4.952650000000000000e+05
4.887680000000000000e+05
4.873580000000000000e+05
4.555440000000000000e+05
4.158190000000000000e+05
3.439070000000000000e+05
2.515100000000000000e+05
2.058350000000000000e+05
2.249720000000000000e+05
2.515420000000000000e+05
2.076830000000000000e+05
1.768950000000000000e+05
1.422150000000000000e+05
3.576440000000000146e+04
-2.488970000000000073e+04
1.902690000000000000e+05
6.568770000000000000e+05
1.317920000000000000e+06
2.277880000000000000e+06
4.115480000000000000e+06
7.792020000000000000e+06
1.469670000000000000e+07
2.348220000000000000e+07
2.423230000000000000e+07
1.748760000000000000e+07
1.165880000000000000e+07
8.061900000000000000e+06
5.821800000000000000e+06
4.402890000000000000e+06
3.469720000000000000e+06
2.843460000000000000e+06
2.362110000000000000e+06
2.035210000000000000e+06
1.924180000000000000e+06
2.103430000000000000e+06
2.497370000000000000e+06
3.045970000000000000e+06
3.697810000000000000e+06
4.417070000000000000e+06
5.269090000000000000e+06
6.193710000000000000e+06
7.133190000000000000e+06
7.969620000000000000e+06
8.607120000000000000e+06
8.987940000000000000e+06
9.106830000000000000e+06
8.963180000000000000e+06
8.618200000000000000e+06
8.099950000000000000e+06
7.502800000000000000e+06
6.866220000000000000e+06
6.266650000000000000e+06
5.726770000000000000e+06
5.248760000000000000e+06
4.863090000000000000e+06
4.595140000000000000e+06
4.502240000000000000e+06
4.826540000000000000e+06
6.446990000000000000e+06
7.610870000000000000e+06
3.173770000000000000e+06
2.654780000000000000e+06
3.070360000000000000e+06
4.025490000000000000e+06
5.688350000000000000e+06
8.284320000000000000e+06
1.202370000000000000e+07
1.629310000000000000e+07
1.917600000000000000e+07
1.892220000000000000e+07
1.618340000000000000e+07
1.293050000000000000e+07
1.030000000000000000e+07
8.533340000000000000e+06
7.448880000000000000e+06
6.831670000000000000e+06
6.484890000000000000e+06
6.303380000000000000e+06
6.214080000000000000e+06
6.162110000000000000e+06
6.131160000000000000e+06
6.090180000000000000e+06
6.030130000000000000e+06
5.949350000000000000e+06
5.875410000000000000e+06
5.909960000000000000e+06
6.604100000000000000e+06
1.007030000000000000e+07
1.122810000000000000e+07
1.163720000000000000e+07
1.412270000000000000e+07
1.558420000000000000e+07
1.186670000000000000e+07
8.785840000000000000e+06
7.719550000000000000e+06
7.506680000000000000e+06
7.558460000000000000e+06
7.650790000000000000e+06
7.802250000000000000e+06
8.158150000000000000e+06
8.776970000000000000e+06
9.241500000000000000e+06
8.957990000000000000e+06
8.043290000000000000e+06
6.952640000000000000e+06
5.952150000000000000e+06
5.156640000000000000e+06
4.619990000000000000e+06
4.399360000000000000e+06
4.768830000000000000e+06
6.714130000000000000e+06
8.066040000000000000e+06
8.622900000000000000e+06
9.263400000000000000e+06
9.201880000000000000e+06
8.426910000000000000e+06
8.087920000000000000e+06
8.498490000000000000e+06
8.577530000000000000e+06
8.066970000000000000e+06
7.453630000000000000e+06
6.799570000000000000e+06
6.012150000000000000e+06
5.066830000000000000e+06
4.075990000000000000e+06
3.309910000000000000e+06
3.022640000000000000e+06
3.277870000000000000e+06
4.030350000000000000e+06
5.302190000000000000e+06
6.932070000000000000e+06
7.311180000000000000e+06
6.974870000000000000e+06
6.698980000000000000e+06
6.560700000000000000e+06
6.561070000000000000e+06
6.588110000000000000e+06
6.348740000000000000e+06
5.641990000000000000e+06
4.639190000000000000e+06
3.792200000000000000e+06
3.429810000000000000e+06
3.530770000000000000e+06
3.828360000000000000e+06
4.051430000000000000e+06
4.078230000000000000e+06
3.989360000000000000e+06
3.946900000000000000e+06
4.063530000000000000e+06
4.329530000000000000e+06
4.583140000000000000e+06
4.675520000000000000e+06
4.651540000000000000e+06
4.629440000000000000e+06
4.589900000000000000e+06
4.468740000000000000e+06
4.200810000000000000e+06
3.795120000000000000e+06
3.304040000000000000e+06
2.844890000000000000e+06
2.529840000000000000e+06
2.390000000000000000e+06
2.406760000000000000e+06
2.549320000000000000e+06
2.775300000000000000e+06
3.052620000000000000e+06
3.368010000000000000e+06
3.702640000000000000e+06
3.972710000000000000e+06
3.923060000000000000e+06
3.409480000000000000e+06
2.660280000000000000e+06
2.094620000000000000e+06
1.843600000000000000e+06
1.778740000000000000e+06
1.778440000000000000e+06
1.790740000000000000e+06
1.821560000000000000e+06
1.898310000000000000e+06
2.015130000000000000e+06
2.118510000000000000e+06
2.130270000000000000e+06
2.020420000000000000e+06
1.830410000000000000e+06
1.669840000000000000e+06
1.572330000000000000e+06
1.477540000000000000e+06
1.333010000000000000e+06
1.187080000000000000e+06
1.027370000000000000e+06
8.464500000000000000e+05
7.283030000000000000e+05
6.724900000000000000e+05
6.285740000000000000e+05
5.765270000000000000e+05
5.179950000000000000e+05
4.432680000000000000e+05
3.343890000000000000e+05
2.076670000000000000e+05
8.846850000000000000e+04
-1.696140000000000146e+04
-9.763710000000000582e+04
-1.643430000000000000e+05
-2.398520000000000000e+05
-3.307950000000000000e+05
-4.366060000000000000e+05
-5.432600000000000000e+05
-6.068760000000000000e+05
-5.884350000000000000e+05
-5.194860000000000000e+05
-4.602870000000000000e+05
-4.228680000000000000e+05
-3.667920000000000000e+05
-2.936530000000000000e+05
-2.356160000000000000e+05
-1.876780000000000000e+05
-1.346920000000000000e+05
-5.652600000000000000e+04
4.428300000000000000e+04
1.521980000000000000e+05
2.760000000000000000e+05
4.078730000000000000e+05
4.903390000000000000e+05
5.254600000000000000e+05
5.502440000000000000e+05
5.873960000000000000e+05
6.429060000000000000e+05
7.283080000000000000e+05
8.723370000000000000e+05
1.079040000000000000e+06
1.186900000000000000e+06
1.139020000000000000e+06
1.030170000000000000e+06
9.270130000000000000e+05
8.630940000000000000e+05
8.501180000000000000e+05
8.770450000000000000e+05
9.408690000000000000e+05
1.049330000000000000e+06
1.146850000000000000e+06
1.159780000000000000e+06
1.105850000000000000e+06
1.046390000000000000e+06
1.018630000000000000e+06
1.002330000000000000e+06
9.655450000000000000e+05
8.948460000000000000e+05
8.133180000000000000e+05
7.860470000000000000e+05
8.267630000000000000e+05
8.934700000000000000e+05
9.599720000000000000e+05
1.011390000000000000e+06
1.009380000000000000e+06
9.217780000000000000e+05
7.782590000000000000e+05
6.812380000000000000e+05
6.597060000000000000e+05
