9.891230000000000855e-03
8.915779999999999539e-02
3.036139999999999950e-01
7.598179999999999934e-01
1.624679999999999902e+00
3.093890000000000029e+00
5.552019999999999733e+00
9.584770000000000678e+00
1.572109999999999985e+01
2.548730000000000118e+01
4.139099999999999824e+01
6.629670000000000130e+01
1.051479999999999961e+02
1.662350000000000136e+02
2.644599999999999795e+02
4.091519999999999868e+02
6.242240000000000464e+02
9.438569999999999709e+02
1.407579999999999927e+03
2.065019999999999982e+03
2.924750000000000000e+03
4.124689999999999600e+03
5.742000000000000000e+03
7.928220000000000255e+03
1.084270000000000073e+04
1.436600000000000000e+04
1.913359999999999854e+04
2.518159999999999854e+04
3.287919999999999709e+04
4.275219999999999709e+04
5.578550000000000000e+04
7.115600000000000000e+04
9.052730000000000291e+04
1.150500000000000000e+05
1.468410000000000000e+05
1.876720000000000000e+05
2.373900000000000000e+05
3.014620000000000000e+05
3.843000000000000000e+05
4.930620000000000000e+05
6.315630000000000000e+05
8.065800000000000000e+05
1.028720000000000000e+06
1.300890000000000000e+06
1.603230000000000000e+06
1.931280000000000000e+06
2.259970000000000000e+06
2.558600000000000000e+06
2.788300000000000000e+06
2.868480000000000000e+06
2.951400000000000000e+06
2.987830000000000000e+06
2.983310000000000000e+06
2.953460000000000000e+06
2.921740000000000000e+06
2.881000000000000000e+06
2.833980000000000000e+06
2.816600000000000000e+06
2.844540000000000000e+06
2.939250000000000000e+06
3.225050000000000000e+06
3.910130000000000000e+06
5.508360000000000000e+06
9.088520000000000000e+06
1.459270000000000000e+07
1.671310000000000000e+07
1.413210000000000000e+07
1.120770000000000000e+07
9.191030000000000000e+06
7.871830000000000000e+06
7.007420000000000000e+06
6.385590000000000000e+06
5.922120000000000000e+06
5.546260000000000000e+06
5.235000000000000000e+06
4.959860000000000000e+06
4.716310000000000000e+06
4.491520000000000000e+06
4.261350000000000000e+06
4.053900000000000000e+06
3.868080000000000000e+06
3.897330000000000000e+06
4.687800000000000000e+06
1.072710000000000000e+07
3.744070000000000000e+07
2.142930000000000000e+07
1.236220000000000000e+07
9.127420000000000000e+06
7.590960000000000000e+06
6.692300000000000000e+06
6.091190000000000000e+06
5.645890000000000000e+06
5.307210000000000000e+06
5.046210000000000000e+06
4.842900000000000000e+06
4.687260000000000000e+06
4.571610000000000000e+06
4.574150000000000000e+06
4.817810000000000000e+06
6.121790000000000000e+06
1.284720000000000000e+07
3.350890000000000000e+07
1.720230000000000000e+07
1.014320000000000000e+07
7.759620000000000000e+06
6.679810000000000000e+06
6.089840000000000000e+06
5.735210000000000000e+06
5.494490000000000000e+06
5.313160000000000000e+06
5.155130000000000000e+06
5.023970000000000000e+06
5.004910000000000000e+06
5.267360000000000000e+06
6.538630000000000000e+06
1.269810000000000000e+07
2.248100000000000000e+07
1.228050000000000000e+07
8.071660000000000000e+06
6.449190000000000000e+06
5.607560000000000000e+06
5.028570000000000000e+06
4.576080000000000000e+06
4.291370000000000000e+06
4.127380000000000000e+06
4.046490000000000000e+06
4.132530000000000000e+06
4.721290000000000000e+06
7.403820000000000000e+06
1.518780000000000000e+07
1.171150000000000000e+07
7.353360000000000000e+06
5.622670000000000000e+06
4.808700000000000000e+06
4.297600000000000000e+06
3.923770000000000000e+06
3.662420000000000000e+06
3.476540000000000000e+06
3.369920000000000000e+06
3.472590000000000000e+06
4.580330000000000000e+06
1.097740000000000000e+07
1.130900000000000000e+07
6.517400000000000000e+06
4.720490000000000000e+06
3.844120000000000000e+06
3.335870000000000000e+06
3.033130000000000000e+06
2.858400000000000000e+06
2.840780000000000000e+06
3.157440000000000000e+06
4.744100000000000000e+06
9.185760000000000000e+06
8.088560000000000000e+06
5.443540000000000000e+06
4.183350000000000000e+06
3.554770000000000000e+06
3.216190000000000000e+06
3.015440000000000000e+06
2.866610000000000000e+06
2.921380000000000000e+06
3.689250000000000000e+06
5.453770000000000000e+06
6.671400000000000000e+06
5.878030000000000000e+06
4.472680000000000000e+06
3.522770000000000000e+06
2.957040000000000000e+06
2.619000000000000000e+06
2.450840000000000000e+06
2.541440000000000000e+06
3.364620000000000000e+06
5.521750000000000000e+06
5.695860000000000000e+06
4.291200000000000000e+06
3.333970000000000000e+06
2.736460000000000000e+06
2.331550000000000000e+06
2.095510000000000000e+06
2.278240000000000000e+06
3.362830000000000000e+06
4.322220000000000000e+06
4.049240000000000000e+06
3.403630000000000000e+06
2.819370000000000000e+06
2.372120000000000000e+06
2.128670000000000000e+06
2.207360000000000000e+06
2.572470000000000000e+06
2.912440000000000000e+06
2.982200000000000000e+06
2.815160000000000000e+06
2.559660000000000000e+06
2.342280000000000000e+06
2.213630000000000000e+06
2.159970000000000000e+06
2.130600000000000000e+06
2.119460000000000000e+06
2.162920000000000000e+06
2.241440000000000000e+06
2.290420000000000000e+06
2.266750000000000000e+06
2.135960000000000000e+06
1.938940000000000000e+06
1.788180000000000000e+06
1.722080000000000000e+06
1.732420000000000000e+06
1.799870000000000000e+06
1.892470000000000000e+06
1.941210000000000000e+06
1.844580000000000000e+06
1.615810000000000000e+06
1.414660000000000000e+06
1.300940000000000000e+06
1.294020000000000000e+06
1.405430000000000000e+06
1.540900000000000000e+06
1.561340000000000000e+06
1.378670000000000000e+06
1.067610000000000000e+06
8.724350000000000000e+05
8.706260000000000000e+05
9.795180000000000000e+05
1.119800000000000000e+06
1.179280000000000000e+06
9.912240000000000000e+05
6.894880000000000000e+05
5.619200000000000000e+05
5.795570000000000000e+05
6.522810000000000000e+05
7.192460000000000000e+05
6.911500000000000000e+05
5.246530000000000000e+05
3.766720000000000000e+05
3.270950000000000000e+05
3.286670000000000000e+05
3.390280000000000000e+05
3.282610000000000000e+05
2.740950000000000000e+05
2.080730000000000000e+05
1.684350000000000000e+05
1.372360000000000000e+05
9.557280000000000291e+04
4.460200000000000000e+04
6.019779999999999745e+03
3.537469999999999800e+03
7.460640000000000327e+03
-2.571909999999999854e+04
-8.725280000000000291e+04
-1.539220000000000000e+05
-1.817460000000000000e+05
-1.494040000000000000e+05
-1.119060000000000000e+05
-1.263430000000000000e+05
-1.853210000000000000e+05
-2.471320000000000000e+05
-2.636300000000000000e+05
-2.227000000000000000e+05
-1.789780000000000000e+05
-1.863460000000000000e+05
-2.288860000000000000e+05
-2.659480000000000000e+05
-2.542430000000000000e+05
-1.952720000000000000e+05
-1.499010000000000000e+05
-1.420150000000000000e+05
-1.542100000000000000e+05
-1.488670000000000000e+05
-1.124460000000000000e+05
-7.638660000000000582e+04
-6.384290000000000146e+04
-6.768310000000000582e+04
-5.766719999999999709e+04
-3.013250000000000000e+04
-5.384880000000000109e+03
1.693190000000000055e+03
2.154579999999999927e+03
1.570489999999999964e+04
4.215119999999999709e+04
6.405169999999999709e+04
6.612900000000000000e+04
6.370780000000000291e+04
7.273819999999999709e+04
9.097269999999999709e+04
1.076540000000000000e+05
1.144840000000000000e+05
1.151050000000000000e+05
1.190360000000000000e+05
1.302670000000000000e+05
1.419080000000000000e+05
1.511280000000000000e+05
1.588250000000000000e+05
1.641710000000000000e+05
1.710440000000000000e+05
1.783890000000000000e+05
1.880970000000000000e+05
2.020380000000000000e+05
2.206050000000000000e+05
2.364420000000000000e+05
2.542240000000000000e+05
