1.163810000000000000e+06
1.204950000000000000e+06
1.211590000000000000e+06
1.210700000000000000e+06
1.230590000000000000e+06
1.225170000000000000e+06
1.234330000000000000e+06
1.259060000000000000e+06
1.246360000000000000e+06
1.250410000000000000e+06
1.267390000000000000e+06
1.273300000000000000e+06
1.275670000000000000e+06
1.286180000000000000e+06
1.320710000000000000e+06
1.313620000000000000e+06
1.323220000000000000e+06
1.342240000000000000e+06
1.368900000000000000e+06
1.395730000000000000e+06
1.389920000000000000e+06
1.412290000000000000e+06
1.435960000000000000e+06
1.472770000000000000e+06
1.509060000000000000e+06
1.499860000000000000e+06
1.525890000000000000e+06
1.550660000000000000e+06
1.572090000000000000e+06
1.600930000000000000e+06
1.652540000000000000e+06
1.650810000000000000e+06
1.655650000000000000e+06
1.669610000000000000e+06
1.693620000000000000e+06
1.715940000000000000e+06
1.713150000000000000e+06
1.711330000000000000e+06
1.715430000000000000e+06
1.725090000000000000e+06
1.728680000000000000e+06
1.729680000000000000e+06
1.737320000000000000e+06
1.754630000000000000e+06
1.764440000000000000e+06
1.783610000000000000e+06
1.820860000000000000e+06
1.863790000000000000e+06
1.912640000000000000e+06
1.949610000000000000e+06
2.041490000000000000e+06
2.148420000000000000e+06
2.289030000000000000e+06
2.464930000000000000e+06
2.678050000000000000e+06
2.942730000000000000e+06
3.271800000000000000e+06
3.694780000000000000e+06
4.255940000000000000e+06
4.986110000000000000e+06
5.956000000000000000e+06
7.234780000000000000e+06
8.775010000000000000e+06
9.673630000000000000e+06
6.838760000000000000e+06
-5.575580000000000291e+04
-4.284220000000000000e+06
-5.254160000000000000e+06
-5.084160000000000000e+06
-4.640990000000000000e+06
-4.188000000000000000e+06
-3.790860000000000000e+06
-3.445350000000000000e+06
-3.153390000000000000e+06
-2.908330000000000000e+06
-2.693210000000000000e+06
-2.503480000000000000e+06
-2.331010000000000000e+06
-2.164340000000000000e+06
-1.999010000000000000e+06
-1.839190000000000000e+06
-1.668430000000000000e+06
-1.489840000000000000e+06
-1.305810000000000000e+06
-1.117390000000000000e+06
-9.396050000000000000e+05
-7.724760000000000000e+05
-6.192340000000000000e+05
-4.878750000000000000e+05
-3.786730000000000000e+05
-2.876120000000000000e+05
-2.049520000000000000e+05
-1.358500000000000000e+05
-6.111959999999999854e+04
2.333059999999999854e+04
1.271520000000000000e+05
2.658450000000000000e+05
4.681560000000000000e+05
8.043640000000000000e+05
1.361830000000000000e+06
2.074100000000000000e+06
-2.491000000000000000e+06
-4.252900000000000000e+06
-3.154030000000000000e+06
-2.545950000000000000e+06
-2.206510000000000000e+06
-1.983000000000000000e+06
-1.796970000000000000e+06
-1.589980000000000000e+06
-1.310660000000000000e+06
-9.828060000000000000e+05
-7.158310000000000000e+05
-5.884340000000000000e+05
-5.685400000000000000e+05
-5.918850000000000000e+05
-6.186710000000000000e+05
-6.295130000000000000e+05
-6.172790000000000000e+05
-5.822890000000000000e+05
-5.287290000000000000e+05
-4.566710000000000000e+05
-3.674730000000000000e+05
-2.644480000000000000e+05
-1.405820000000000000e+05
8.737690000000000509e+03
1.948490000000000000e+05
4.557390000000000000e+05
8.776120000000000000e+05
1.595070000000000000e+06
1.341990000000000000e+06
-7.909250000000000000e+05
-9.641440000000000000e+05
-8.191220000000000000e+05
-8.368960000000000000e+05
-9.262340000000000000e+05
-8.751290000000000000e+05
-7.759940000000000000e+05
-6.834700000000000000e+05
-6.111960000000000000e+05
-5.605330000000000000e+05
-5.241180000000000000e+05
-4.755680000000000000e+05
-3.738940000000000000e+05
-2.083660000000000000e+05
-5.384169999999999709e+04
3.148809999999999854e+04
6.296240000000000146e+04
7.815300000000000000e+04
1.004580000000000000e+05
1.630290000000000000e+05
3.177740000000000000e+05
6.362020000000000000e+05
5.720230000000000000e+05
-4.264580000000000000e+05
-7.084960000000000000e+05
-7.474660000000000000e+05
-7.427790000000000000e+05
-6.991880000000000000e+05
-5.950260000000000000e+05
-4.113840000000000000e+05
-2.514030000000000000e+05
-1.915230000000000000e+05
-1.723010000000000000e+05
-1.505810000000000000e+05
-1.154080000000000000e+05
-6.361380000000000291e+04
2.709010000000000218e+03
7.451569999999999709e+04
1.446960000000000000e+05
2.155270000000000000e+05
3.082520000000000000e+05
4.077980000000000000e+05
2.283820000000000000e+05
-2.543850000000000000e+05
-3.561800000000000000e+05
-3.132420000000000000e+05
-2.617360000000000000e+05
-2.208510000000000000e+05
-1.884480000000000000e+05
-1.555410000000000000e+05
-1.270730000000000000e+05
-9.635950000000000000e+04
-6.603089999999999418e+04
-2.643279999999999927e+04
3.107370000000000073e+04
1.010520000000000000e+05
1.657770000000000000e+05
1.915300000000000000e+05
1.562930000000000000e+05
8.244389999999999418e+04
4.098270000000000437e+03
-5.980850000000000000e+04
-1.121740000000000000e+05
-1.540510000000000000e+05
-1.800220000000000000e+05
-1.962150000000000000e+05
-1.845600000000000000e+05
-1.328600000000000000e+05
-4.816530000000000291e+04
4.060650000000000000e+04
1.052680000000000000e+05
1.334840000000000000e+05
1.320600000000000000e+05
1.138420000000000000e+05
9.058100000000000000e+04
6.204440000000000146e+04
3.213229999999999927e+04
-1.010929999999999929e+01
-3.329190000000000146e+04
-6.741819999999999709e+04
-8.973569999999999709e+04
-6.989100000000000000e+04
9.796620000000000800e+03
8.967300000000000000e+04
1.152290000000000000e+05
1.063910000000000000e+05
9.141780000000000291e+04
7.850660000000000582e+04
6.665339999999999418e+04
5.476359999999999854e+04
4.317069999999999709e+04
3.246759999999999854e+04
2.374900000000000000e+04
2.009770000000000073e+04
2.867940000000000146e+04
4.757630000000000291e+04
6.011400000000000000e+04
6.703989999999999418e+04
7.198930000000000291e+04
7.110219999999999709e+04
6.629060000000000582e+04
6.241940000000000146e+04
6.269500000000000000e+04
6.461819999999999709e+04
6.751810000000000582e+04
7.148180000000000291e+04
7.498919999999999709e+04
7.641430000000000291e+04
7.619839999999999418e+04
7.639500000000000000e+04
7.769600000000000000e+04
7.777180000000000291e+04
7.561969999999999709e+04
7.168889999999999418e+04
6.795300000000000000e+04
6.651180000000000291e+04
6.775030000000000291e+04
7.057580000000000291e+04
7.404760000000000582e+04
7.822139999999999418e+04
8.203380000000000291e+04
8.269110000000000582e+04
8.028000000000000000e+04
7.544960000000000582e+04
7.095500000000000000e+04
7.055519999999999709e+04
7.235700000000000000e+04
7.445460000000000582e+04
7.656680000000000291e+04
7.831230000000000291e+04
7.953980000000000291e+04
8.154310000000000582e+04
8.190000000000000000e+04
8.157289999999999418e+04
8.292189999999999418e+04
8.619750000000000000e+04
8.894200000000000000e+04
9.005969999999999709e+04
8.816239999999999418e+04
8.536750000000000000e+04
8.617030000000000291e+04
8.882830000000000291e+04
8.705080000000000291e+04
8.247600000000000000e+04
8.091469999999999709e+04
8.452750000000000000e+04
9.248900000000000000e+04
1.005020000000000000e+05
1.029330000000000000e+05
1.010960000000000000e+05
1.000110000000000000e+05
9.760689999999999418e+04
9.281319999999999709e+04
8.718889999999999418e+04
8.244619999999999709e+04
8.255789999999999418e+04
9.111689999999999418e+04
1.022390000000000000e+05
1.072320000000000000e+05
1.067840000000000000e+05
1.045550000000000000e+05
1.036270000000000000e+05
1.029920000000000000e+05
9.755219999999999709e+04
8.810780000000000291e+04
8.657910000000000582e+04
9.297310000000000582e+04
1.022230000000000000e+05
1.104230000000000000e+05
1.129870000000000000e+05
