3.048351999999999862e+02
6.165176999999999907e+02
9.425416999999998779e+02
1.290691200000000208e+03
1.670382999999999811e+03
2.089347999999999956e+03
2.567210000000000036e+03
3.108507000000000062e+03
3.744861999999999625e+03
4.474471000000000458e+03
5.378921000000000276e+03
6.352617000000000189e+03
7.557855000000000473e+03
8.899052000000001499e+03
1.038393699999999990e+04
1.207555299999999988e+04
1.369294900000000052e+04
1.539431999999999789e+04
1.702792199999999866e+04
1.843909200000000055e+04
1.975104099999999744e+04
2.084483699999999953e+04
2.163540610000000379e+04
2.213943480000000272e+04
2.246795954999999958e+04
2.245342280000000028e+04
2.205712359999999899e+04
2.124651389999999810e+04
2.053041999999999825e+04
1.941552999999999884e+04
1.786963999999999942e+04
1.534397999999999956e+04
1.388527000000000044e+04
1.246743999999999869e+04
1.074984000000000015e+04
7.935510000000002947e+03
3.884610000000001492e+03
3.346060000000000400e+03
3.999830000000001746e+03
4.185149999999999636e+03
4.929229999999999563e+03
2.104580000000001746e+03
1.890169999999994616e+03
9.573720000000001164e+03
1.908899999999999272e+04
2.682006199999999808e+04
3.481649703000001318e+04
3.598553199999999924e+04
3.224977000000000044e+04
3.431822000000000116e+04
4.068618000000000757e+04
4.401573999999999796e+04
4.322894999999999709e+04
4.175000000000000000e+04
3.644284600000000501e+04
2.584285300000000279e+04
1.751723199999999997e+04
1.773732899999999790e+04
2.050744670000000042e+04
2.152468299999999726e+04
2.008134999999999854e+04
1.858349399999999878e+04
1.593591000000000167e+04
1.110659200000000055e+04
6.000227000000000771e+03
3.638670000000000073e+03
4.653231999999999971e+03
6.334494999999999891e+03
6.896233599999999569e+03
6.066997799999999188e+03
5.349058000000000902e+03
4.476779999999999745e+03
3.520933599999999842e+03
2.778929000000000087e+03
2.324306000000000040e+03
2.244645399999999881e+03
2.500143000000000029e+03
2.946713500000000295e+03
3.344765899999999874e+03
3.514440999999999804e+03
3.418754899999999907e+03
3.607749000000000251e+03
4.501143000000000939e+03
7.831092000000001462e+03
1.364192000000000189e+04
3.945882000000000062e+03
1.080386600000000044e+03
2.376424800000000346e+02
7.208868999999999971e+01
1.597105699999999615e+02
2.846521499999999492e+02
3.698475700000000188e+02
3.568473199999999679e+02
3.792334800000000428e+02
4.233631899999999746e+02
4.549664989999999989e+02
4.604895500000000084e+02
4.410892000000000053e+02
3.676236999999999853e+02
2.064350599999999929e+02
-4.497279999999997102e+01
-1.622202000000000055e+02
-1.164506099999999833e+02
1.760869600000000048e+02
7.032320369999999912e+02
1.311622705000000224e+03
1.805957104000000299e+03
1.790686969999999974e+03
1.654226040000000012e+03
1.445516900000000078e+03
1.149298000000000229e+03
7.972527000000001181e+02
3.728104000000000724e+02
-1.040988999999999862e+02
-5.740552000000001271e+02
-9.180370800000000600e+02
-1.017902939999999830e+03
-9.860926400000001877e+02
-7.795275099999998929e+02
-4.693750399999999559e+02
-1.515125639999999976e+02
5.639127999999999474e+01
2.168107600000000161e+02
2.137687700000000177e+02
1.696273640000000285e+02
1.367310200000000293e+02
1.045381899999999860e+02
6.295814000000000021e+01
2.258152000000000115e+01
-1.935288400000001019e+01
-6.142739900000000830e+01
-1.169745200000000125e+02
-1.873143199999999524e+02
-2.629989899999999921e+02
-3.140204699999999889e+02
-3.131134700000000066e+02
-2.990068299999999226e+02
-2.661202199999999607e+02
-2.241307200000000250e+02
-1.804229530000000068e+02
-1.311150529999999890e+02
-9.063736950000000547e+01
-7.063469500000000778e+01
-7.299859099999997625e+01
-7.158561270000001286e+01
-6.099180930000000700e+01
-4.865584539999998981e+01
-3.324497980000000297e+01
-2.385587409999999764e+01
-1.327733040999999758e+01
-6.147496299999998470e+00
-1.525077000000000016e+00
1.351043999999986811e-01
-7.968970000000005216e-01
1.093539999999997014e-01
-3.147140000000000493e-01
-1.155552999999999830e+00
-1.929446300000000170e+00
-2.753239999999999910e+00
-3.579033000000000797e+00
-3.612247000000000430e+00
-2.820282999999999873e+00
-2.728880000000000194e+00
-1.490929600000000077e+00
-3.467407000000000128e-01
-1.171384000000001424e-01
8.701039999999998775e-01
2.283607000000000387e+00
3.863317000000000334e+00
4.088058769999999953e+00
4.301123000000000474e+00
4.751440999999999804e+00
3.994806999999998887e+00
2.220337999999999479e+00
7.147299999999997544e-01
-2.563675000000000814e-01
-1.254427099999999573e+00
-2.143220000000000347e+00
-1.830452000000000190e+00
3.671200000000000574e-01
6.821207799999999821e-01
8.499790000000004286e-02
-2.720432300000001358e-01
-1.727382999999999558e-01
3.743377999999999983e-01
8.279196000000000888e-01
1.036165799999999804e+00
1.004132000000000025e+00
6.755290000000001571e-01
5.177119999999999500e-01
4.547940000000000316e-01
1.308360000000001189e-01
-7.111582699999999591e+00
7.715299999999993830e-01
6.636429000000001466e+00
9.062963800000002124e+00
9.084409300000000798e+00
2.204900382699999994e+01
1.423806469999999891e+01
6.000057900000000721e+00
-2.330451710000000176e+00
-1.088932769999999906e+01
-1.986778109999999486e+01
-2.537508399999999753e+01
-1.767417100000000119e+01
-1.174511509999999781e+01
-3.528156000000003401e-01
6.061106400000001670e+00
1.122793750000000124e+01
1.247134800000000077e+01
3.914998000000002865e-01
-4.041193599999999719e+00
-6.232339099999999910e+00
-5.937317799999999757e+00
-3.210921600000000264e+00
1.110289200000000198e+00
6.844228700000001275e+00
1.165064539999999838e+01
1.240522759899999983e+01
9.065144500000000605e+00
3.977363000000000426e+00
-5.071900000000003628e-01
-3.087108999999999881e+00
-4.473247500000000265e+00
-5.228120399999999002e+00
-5.366635000000000488e+00
-5.102441000000000670e+00
-4.754535100000000014e+00
-5.041581429999999031e+00
-4.784022820000000564e+00
-3.902297999999998712e+00
-1.648635470000000103e+00
4.185117999999998784e-01
5.704189999999998983e-01
-5.028219999999998802e-01
-1.751387999999999945e+00
-2.812803399999999954e+00
-3.808919789999999583e+00
-4.709416100000000327e+00
-5.481910499999999686e+00
-6.088711900000000732e+00
-6.594641600000000103e+00
-7.031823599999999175e+00
-7.096947999999999368e+00
-6.024000999999999273e+00
-3.668714499999999656e+00
-1.737637000000000320e+00
-1.120350999999999875e+00
-1.290944000000000091e+00
-1.738994199999999823e+00
-2.254996949999999778e+00
-2.865480999999999501e+00
-3.647100999999999704e+00
-4.538484799999999986e+00
-5.329447200000000606e+00
-6.027807300000000978e+00
-5.247578250000000111e+00
-3.469548799999999655e+00
-1.616770900000000122e+00
-5.891486000000000223e-01
-3.819081699999999913e-01
-6.403027999999999498e-01
-1.130628155999999995e+00
-1.756248599999999938e+00
-2.441295499999999841e+00
-3.023513899999999754e+00
-3.247166070000000460e+00
-2.990434440000000471e+00
-2.289768870000000511e+00
-1.516912440000000029e+00
-8.794106899999999394e-01
-4.406273799999999019e-01
-1.297218099999999652e-01
6.512859999999995320e-03
-4.930964000000002262e-02
-2.216595299999999935e-01
-3.381447000000000203e-01
-3.685282000000000280e-01
-2.983589200000000274e-01
-2.755600300000000114e-01
-2.808747800000000461e-01
-2.615431500000000020e-01
-6.821770000000000611e-02
2.147585000000000188e-01
5.990312389999998821e-01
9.513826600000000466e-01
1.118263860000000109e+00
1.218734699999999949e+00
1.182128299999999577e+00
8.760552000000000339e-01
4.270672799999998825e-01
1.186190700000000209e-01
-7.311540000000001094e-02
1.921841000000000174e-02
3.850345299999999860e-01
8.498573000000000377e-01
1.495996399999999671e+00
1.864011499999999710e+00
1.828083700000000311e+00
1.420170390000000227e+00
