4.177833600000000093e+06
4.261651000000000000e+06
4.285793900000000373e+06
4.291630200000000186e+06
4.320347099999999627e+06
4.313938800000000745e+06
4.323932699999999255e+06
4.363127199999999255e+06
4.343466500000000000e+06
4.348136099999999627e+06
4.374463500000000000e+06
4.382983199999999255e+06
4.386254000000000000e+06
4.399665599999999627e+06
4.450807500000000000e+06
4.446238799999999814e+06
4.457331000000000000e+06
4.485220599999999627e+06
4.525203400000000373e+06
4.568741099999999627e+06
4.568919599999999627e+06
4.596298800000000745e+06
4.631224500000000000e+06
4.687455799999999814e+06
4.744865799999999814e+06
4.742831299999999814e+06
4.781256500000000000e+06
4.815234000000000000e+06
4.847143000000000000e+06
4.885380000000000000e+06
4.953798000000000000e+06
4.966119000000000000e+06
4.974207000000000000e+06
4.989255000000000000e+06
5.009795000000000000e+06
5.035322000000000000e+06
5.027459000000000000e+06
5.011259000000000000e+06
4.999252000000000000e+06
4.991114000000000000e+06
4.974508000000000000e+06
4.952408000000000000e+06
4.931728000000000000e+06
4.914676000000000000e+06
4.891371000000000000e+06
4.877748000000000000e+06
4.883658000000000000e+06
4.897435000000000000e+06
4.908122900000000373e+06
4.904528700000000186e+06
4.956544000000000000e+06
5.022784000000000000e+06
5.123057000000000000e+06
5.259516000000000000e+06
5.433380000000000000e+06
5.664414000000000000e+06
5.959289000000000000e+06
6.329004000000000000e+06
6.829052000000000000e+06
7.505629000000000000e+06
8.409164000000000000e+06
9.644057000000000000e+06
1.120728500000000000e+07
1.233763900000000000e+07
1.007865700000000000e+07
3.747428200000000186e+06
-4.100900000000000000e+05
-1.529609099999999860e+06
-1.525524000000000000e+06
-1.214413000000000000e+06
-8.590520000000000000e+05
-5.400650000000000000e+05
-2.578010000000000000e+05
-2.012700000000000000e+04
1.943780000000000000e+05
3.803994999999999418e+05
5.463388000000000466e+05
6.956316000000000931e+05
8.296460000000000000e+05
9.535746999999999534e+05
1.067778899999999907e+06
1.176025099999999860e+06
1.276634000000000000e+06
1.373241699999999953e+06
1.464280129999999888e+06
1.551691297000000020e+06
1.634648719999999972e+06
1.716091700000000186e+06
1.795621399999999907e+06
1.876100599999999860e+06
1.959361800000000047e+06
2.047612300000000279e+06
2.144410200000000186e+06
2.255521600000000093e+06
2.385428400000000373e+06
2.547137900000000373e+06
2.758391700000000186e+06
3.057255799999999814e+06
3.522126299999999814e+06
4.325046000000000000e+06
5.690310000000000000e+06
2.061923300000000047e+06
-1.058896200000000186e+06
-2.444560000000000000e+05
3.399629000000000815e+05
7.059833000000000466e+05
9.560040000000000000e+05
1.142283399999999907e+06
1.285880500000000000e+06
1.395643239999999758e+06
1.473674169999999925e+06
1.528433199999999953e+06
1.573791200000000186e+06
1.618513099999999860e+06
1.665426100000000093e+06
1.713094699999999953e+06
1.760022300000000047e+06
1.807528000000000000e+06
1.854953399999999907e+06
1.902093000000000000e+06
1.950591900000000140e+06
2.000764399999999907e+06
2.055922600000000093e+06
2.120430700000000186e+06
2.200603100000000093e+06
2.303248799999999814e+06
2.449427700000000186e+06
2.681127899999999907e+06
3.041640000000000000e+06
2.711936899999999907e+06
1.520405100000000093e+06
1.514619199999999953e+06
1.642002500000000000e+06
1.693509000000000000e+06
1.719992199999999953e+06
1.784116900000000140e+06
1.852222000000000000e+06
1.910931300000000047e+06
1.959988400000000140e+06
2.000465799999999814e+06
2.034102100000000093e+06
2.061967300000000047e+06
2.087022799999999814e+06
2.117334200000000186e+06
2.148502000000000000e+06
2.180137100000000093e+06
2.213434600000000093e+06
2.251747699999999721e+06
2.301468000000000000e+06
2.373161799999999814e+06
2.489488399999999907e+06
2.665747200000000186e+06
2.563606600000000559e+06
2.056188399999999907e+06
1.978098000000000000e+06
2.002453499999999767e+06
2.030909700000000186e+06
2.060427000000000233e+06
2.091872500000000000e+06
2.125509500000000000e+06
2.159353100000000093e+06
2.187979900000000373e+06
2.209790799999999814e+06
2.228965799999999814e+06
2.247542000000000000e+06
2.271703099999999627e+06
2.298906699999999721e+06
2.329582500000000000e+06
2.364805399999999907e+06
2.407741799999999814e+06
2.467667899999999441e+06
2.537142799999999814e+06
2.490535200000000186e+06
2.269860580000000075e+06
2.198714899999999907e+06
2.204723200000000186e+06
2.222056500000000000e+06
2.238772399999999907e+06
2.252313799999999814e+06
2.264190000000000000e+06
2.279397699999999721e+06
2.294981500000000000e+06
2.313388379999999888e+06
2.335949229999999516e+06
2.362576400000000373e+06
2.394189299999999814e+06
2.429334299999999814e+06
2.457704000000000000e+06
2.463802900000000373e+06
2.443759700000000186e+06
2.412815100000000093e+06
2.385033080000000075e+06
2.362733700000000186e+06
2.352977899999999907e+06
2.343165200000000186e+06
2.339821500000000000e+06
2.344312500000000000e+06
2.358830799999999814e+06
2.379960399999999441e+06
2.401443299999999814e+06
2.419549830000000075e+06
2.433549049999999814e+06
2.445371839999999851e+06
2.452437100000000093e+06
2.455153799999999814e+06
2.453582549999999814e+06
2.448765730000000447e+06
2.440020099999999627e+06
2.434222809999999590e+06
2.419038450000000186e+06
2.404815199999999721e+06
2.401841099999999627e+06
2.413254899999999907e+06
2.430270299999999814e+06
2.446455799999999814e+06
2.459138259999999776e+06
2.467884040000000037e+06
2.473788190000000410e+06
2.477791389999999665e+06
2.480336860000000335e+06
2.481629280000000261e+06
2.481694066000000108e+06
2.480243969999999739e+06
2.476483729999999981e+06
2.470226730000000447e+06
2.465443700000000186e+06
2.469525459999999963e+06
2.477488790000000037e+06
2.492751929999999702e+06
2.497430129999999888e+06
2.499400560000000522e+06
2.500669259999999776e+06
2.502046589999999851e+06
2.503847149999999907e+06
2.506381949999999721e+06
2.508878410000000149e+06
2.511795059999999590e+06
2.515912399999999907e+06
2.521567379999999888e+06
2.526396919999999925e+06
2.527818350000000093e+06
2.527657459999999963e+06
2.527588500000000000e+06
2.527827879999999888e+06
2.528363669999999925e+06
2.529310830000000075e+06
2.530952629999999888e+06
2.534080750000000000e+06
2.539871419999999925e+06
2.548595059999999590e+06
2.559075191000000108e+06
2.566160464000000153e+06
2.566732128999999724e+06
2.563370770000000019e+06
2.560310750000000000e+06
2.569411750000000000e+06
2.569709990000000224e+06
2.570638169999999925e+06
2.572790189999999944e+06
2.576977400000000373e+06
2.582761629999999888e+06
2.590829549999999814e+06
2.598725038000000175e+06
2.602199746999999974e+06
2.601151919999999925e+06
2.598458979999999981e+06
2.596127780000000261e+06
2.594573629999999888e+06
2.593430360000000335e+06
2.593249740000000224e+06
2.594989549999999814e+06
2.598318889999999665e+06
2.601562350000000093e+06
2.603263689999999944e+06
2.603867230000000447e+06
2.604306980000000447e+06
2.605046689999999944e+06
2.606014480000000447e+06
2.606623529999999795e+06
2.606793270000000019e+06
2.606922980000000447e+06
2.607131939999999944e+06
2.607000720000000205e+06
2.606439950000000186e+06
2.605873320000000298e+06
2.605927379999999888e+06
2.607526010000000242e+06
2.609966160000000149e+06
2.612477769999999553e+06
2.614328070000000298e+06
2.615529209999999963e+06
2.615543009999999776e+06
2.614447759999999776e+06
2.612343030000000261e+06
2.610259910000000149e+06
2.620189370000000112e+06
2.621794770000000484e+06
2.625025899999999907e+06
2.629412959999999963e+06
2.633809799999999814e+06
