WSM
F3OF
DT2
SURGE
t(s)	SURGE(m)
0.00000	0.00000
0.10000	0.00102
0.20000	0.00476
0.30000	0.01227
0.40000	0.02428
0.50000	0.04106
0.60000	0.06252
0.70000	0.08837
0.80000	0.11833
0.90000	0.15219
1.00000	0.18981
1.10000	0.23107
1.20000	0.27583
1.30000	0.32382
1.40000	0.37470
1.50000	0.42801
1.60000	0.48324
1.70000	0.53981
1.80000	0.59714
1.90000	0.65462
2.00000	0.71165
2.10000	0.76763
2.20000	0.82198
2.30000	0.87412
2.40000	0.92353
2.50000	0.96968
2.60000	1.01213
2.70000	1.05045
2.80000	1.08429
2.90000	1.11333
3.00000	1.13730
3.10000	1.15600
3.20000	1.16924
3.30000	1.17691
3.40000	1.17891
3.50000	1.17521
3.60000	1.16579
3.70000	1.15071
3.80000	1.13004
3.90000	1.10391
4.00000	1.07247
4.10000	1.03595
4.20000	0.99459
4.30000	0.94870
4.40000	0.89864
4.50000	0.84479
4.60000	0.78760
4.70000	0.72754
4.80000	0.66514
4.90000	0.60094
5.00000	0.53552
5.10000	0.46945
5.20000	0.40334
5.30000	0.33779
5.40000	0.27337
5.50000	0.21067
5.60000	0.15021
5.70000	0.09252
5.80000	0.03807
5.90000	-0.01271
6.00000	-0.05946
6.10000	-0.10182
6.20000	-0.13952
6.30000	-0.17234
6.40000	-0.20009
6.50000	-0.22263
6.60000	-0.23988
6.70000	-0.25180
6.80000	-0.25839
6.90000	-0.25969
7.00000	-0.25578
7.10000	-0.24677
7.20000	-0.23281
7.30000	-0.21410
7.40000	-0.19084
7.50000	-0.16329
7.60000	-0.13175
7.70000	-0.09652
7.80000	-0.05797
7.90000	-0.01648
8.00000	0.02754
8.10000	0.07365
8.20000	0.12137
8.30000	0.17021
8.40000	0.21968
8.50000	0.26924
8.60000	0.31838
8.70000	0.36657
8.80000	0.41330
8.90000	0.45807
9.00000	0.50040
9.10000	0.53984
9.20000	0.57597
9.30000	0.60841
9.40000	0.63682
9.50000	0.66091
9.60000	0.68042
9.70000	0.69516
9.80000	0.70495
9.90000	0.70970
10.00000	0.70933
10.10000	0.70383
10.20000	0.69320
10.30000	0.67751
10.40000	0.65686
10.50000	0.63138
10.60000	0.60125
10.70000	0.56667
10.80000	0.52788
10.90000	0.48516
11.00000	0.43879
11.10000	0.38912
11.20000	0.33649
11.30000	0.28130
11.40000	0.22394
11.50000	0.16485
11.60000	0.10448
11.70000	0.04328
11.80000	-0.01826
11.90000	-0.07969
12.00000	-0.14050
12.10000	-0.20024
12.20000	-0.25845
12.30000	-0.31467
12.40000	-0.36850
12.50000	-0.41952
12.60000	-0.46739
12.70000	-0.51177
12.80000	-0.55237
12.90000	-0.58893
13.00000	-0.62123
13.10000	-0.64911
13.20000	-0.67242
13.30000	-0.69106
13.40000	-0.70498
13.50000	-0.71413
13.60000	-0.71854
13.70000	-0.71825
13.80000	-0.71334
13.90000	-0.70391
14.00000	-0.69010
14.10000	-0.67210
14.20000	-0.65010
14.30000	-0.62433
14.40000	-0.59507
14.50000	-0.56260
14.60000	-0.52725
14.70000	-0.48936
14.80000	-0.44932
14.90000	-0.40752
15.00000	-0.36439
15.10000	-0.32036
15.20000	-0.27590
15.30000	-0.23146
15.40000	-0.18751
15.50000	-0.14452
15.60000	-0.10296
15.70000	-0.06326
15.80000	-0.02585
15.90000	0.00884
16.00000	0.04046
16.10000	0.06863
16.20000	0.09306
16.30000	0.11345
16.40000	0.12958
16.50000	0.14124
16.60000	0.14828
16.70000	0.15059
16.80000	0.14810
16.90000	0.14079
17.00000	0.12868
17.10000	0.11184
17.20000	0.09036
17.30000	0.06439
17.40000	0.03413
17.50000	-0.00021
17.60000	-0.03836
17.70000	-0.08003
17.80000	-0.12490
17.90000	-0.17259
18.00000	-0.22274
18.10000	-0.27492
18.20000	-0.32870
18.30000	-0.38364
18.40000	-0.43927
18.50000	-0.49512
18.60000	-0.55071
18.70000	-0.60558
18.80000	-0.65924
18.90000	-0.71125
19.00000	-0.76116
19.10000	-0.80856
19.20000	-0.85305
19.30000	-0.89427
19.40000	-0.93191
19.50000	-0.96565
19.60000	-0.99526
19.70000	-1.02052
19.80000	-1.04126
19.90000	-1.05736
20.00000	-1.06872
20.10000	-1.07531
20.20000	-1.07713
20.30000	-1.07420
20.40000	-1.06661
20.50000	-1.05448
20.60000	-1.03796
20.70000	-1.01723
20.80000	-0.99251
20.90000	-0.96406
21.00000	-0.93215
21.10000	-0.89710
21.20000	-0.85923
21.30000	-0.81891
21.40000	-0.77651
21.50000	-0.73243
21.60000	-0.68708
21.70000	-0.64088
21.80000	-0.59427
21.90000	-0.54769
22.00000	-0.50155
22.10000	-0.45630
22.20000	-0.41235
22.30000	-0.37010
22.40000	-0.32994
22.50000	-0.29224
22.60000	-0.25732
22.70000	-0.22550
22.80000	-0.19705
22.90000	-0.17220
23.00000	-0.15117
23.10000	-0.13411
23.20000	-0.12116
23.30000	-0.11241
23.40000	-0.10791
23.50000	-0.10768
23.60000	-0.11169
23.70000	-0.11988
23.80000	-0.13217
23.90000	-0.14842
24.00000	-0.16847
24.10000	-0.19213
24.20000	-0.21918
24.30000	-0.24936
24.40000	-0.28241
24.50000	-0.31800
24.60000	-0.35582
24.70000	-0.39552
24.80000	-0.43673
24.90000	-0.47907
25.00000	-0.52214
25.10000	-0.56554
25.20000	-0.60886
25.30000	-0.65169
25.40000	-0.69362
25.50000	-0.73426
25.60000	-0.77321
25.70000	-0.81011
25.80000	-0.84461
25.90000	-0.87636
26.00000	-0.90509
26.10000	-0.93050
26.20000	-0.95237
26.30000	-0.97047
26.40000	-0.98465
26.50000	-0.99475
26.60000	-1.00068
26.70000	-1.00236
26.80000	-0.99977
26.90000	-0.99291
27.00000	-0.98182
27.10000	-0.96657
27.20000	-0.94727
27.30000	-0.92406
27.40000	-0.89710
27.50000	-0.86661
27.60000	-0.83280
27.70000	-0.79594
27.80000	-0.75631
27.90000	-0.71422
28.00000	-0.67000
28.10000	-0.62400
28.20000	-0.57658
28.30000	-0.52813
28.40000	-0.47904
28.50000	-0.42970
28.60000	-0.38052
28.70000	-0.33189
28.80000	-0.28420
28.90000	-0.23784
29.00000	-0.19317
29.10000	-0.15054
29.20000	-0.11029
29.30000	-0.07271
29.40000	-0.03809
29.50000	-0.00668
29.60000	0.02131
29.70000	0.04571
29.80000	0.06634
29.90000	0.08311
30.00000	0.09593
30.10000	0.10476
30.20000	0.10960
30.30000	0.11045
30.40000	0.10740
30.50000	0.10053
30.60000	0.08997
30.70000	0.07588
30.80000	0.05846
30.90000	0.03792
31.00000	0.01451
31.10000	-0.01150
31.20000	-0.03980
31.30000	-0.07008
31.40000	-0.10199
31.50000	-0.13519
31.60000	-0.16931
31.70000	-0.20396
31.80000	-0.23876
31.90000	-0.27333
32.00000	-0.30728
32.10000	-0.34024
32.20000	-0.37183
32.30000	-0.40171
32.40000	-0.42953
32.50000	-0.45499
32.60000	-0.47778
32.70000	-0.49765
32.80000	-0.51436
32.90000	-0.52770
33.00000	-0.53750
33.10000	-0.54362
33.20000	-0.54595
33.30000	-0.54442
33.40000	-0.53898
33.50000	-0.52963
33.60000	-0.51640
33.70000	-0.49935
33.80000	-0.47856
33.90000	-0.45418
34.00000	-0.42634
34.10000	-0.39522
34.20000	-0.36105
34.30000	-0.32406
34.40000	-0.28450
34.50000	-0.24265
34.60000	-0.19883
34.70000	-0.15336
34.80000	-0.10656
34.90000	-0.05880
35.00000	-0.01043
35.10000	0.03819
35.20000	0.08668
35.30000	0.13468
35.40000	0.18182
35.50000	0.22775
35.60000	0.27213
35.70000	0.31463
35.80000	0.35495
35.90000	0.39279
36.00000	0.42791
36.10000	0.46006
36.20000	0.48904
36.30000	0.51468
36.40000	0.53682
36.50000	0.55537
36.60000	0.57024
36.70000	0.58137
36.80000	0.58877
36.90000	0.59244
37.00000	0.59243
37.10000	0.58883
37.20000	0.58174
37.30000	0.57130
37.40000	0.55768
37.50000	0.54106
37.60000	0.52168
37.70000	0.49976
37.80000	0.47557
37.90000	0.44939
38.00000	0.42152
38.10000	0.39229
38.20000	0.36200
38.30000	0.33100
38.40000	0.29964
38.50000	0.26826
38.60000	0.23721
38.70000	0.20682
38.80000	0.17744
38.90000	0.14939
39.00000	0.12298
39.10000	0.09851
39.20000	0.07625
39.30000	0.05644
39.40000	0.03933
39.50000	0.02510
39.60000	0.01394
39.70000	0.00598
39.80000	0.00135
39.90000	0.00012
40.00000	0.00234
40.10000	0.00804
40.20000	0.01722
40.30000	0.02982
40.40000	0.04578
40.50000	0.06501
40.60000	0.08737
40.70000	0.11272
40.80000	0.14087
40.90000	0.17162
41.00000	0.20475
41.10000	0.24001
41.20000	0.27712
41.30000	0.31580
41.40000	0.35575
41.50000	0.39666
41.60000	0.43820
41.70000	0.48003
41.80000	0.52183
41.90000	0.56324
42.00000	0.60395
42.10000	0.64362
42.20000	0.68193
42.30000	0.71857
42.40000	0.75326
42.50000	0.78572
42.60000	0.81570
42.70000	0.84297
42.80000	0.86732
42.90000	0.88859
43.00000	0.90662
43.10000	0.92129
43.20000	0.93252
43.30000	0.94024
43.40000	0.94444
43.50000	0.94509
43.60000	0.94225
43.70000	0.93597
43.80000	0.92633
43.90000	0.91345
44.00000	0.89749
44.10000	0.87859
44.20000	0.85697
44.30000	0.83282
44.40000	0.80640
44.50000	0.77794
44.60000	0.74774
44.70000	0.71607
44.80000	0.68324
44.90000	0.64956
45.00000	0.61535
45.10000	0.58092
45.20000	0.54661
45.30000	0.51273
45.40000	0.47961
45.50000	0.44755
45.60000	0.41684
45.70000	0.38777
45.80000	0.36060
45.90000	0.33558
46.00000	0.31293
46.10000	0.29285
46.20000	0.27551
46.30000	0.26106
46.40000	0.24962
46.50000	0.24128
46.60000	0.23609
46.70000	0.23409
46.80000	0.23529
46.90000	0.23966
47.00000	0.24714
47.10000	0.25765
47.20000	0.27108
47.30000	0.28731
47.40000	0.30616
47.50000	0.32746
47.60000	0.35100
47.70000	0.37655
47.80000	0.40388
47.90000	0.43271
48.00000	0.46277
48.10000	0.49377
48.20000	0.52542
48.30000	0.55740
48.40000	0.58941
48.50000	0.62113
48.60000	0.65226
48.70000	0.68249
48.80000	0.71152
48.90000	0.73906
49.00000	0.76486
49.10000	0.78864
49.20000	0.81017
49.30000	0.82924
49.40000	0.84566
49.50000	0.85926
49.60000	0.86989
49.70000	0.87744
49.80000	0.88182
49.90000	0.88297
50.00000	0.88087
50.10000	0.87550
50.20000	0.86689
50.30000	0.85509
50.40000	0.84018
50.50000	0.82226
50.60000	0.80146
50.70000	0.77794
50.80000	0.75186
50.90000	0.72342
51.00000	0.69283
51.10000	0.66034
51.20000	0.62618
51.30000	0.59063
51.40000	0.55395
51.50000	0.51643
51.60000	0.47836
51.70000	0.44003
51.80000	0.40175
51.90000	0.36381
52.00000	0.32649
52.10000	0.29009
52.20000	0.25487
52.30000	0.22111
52.40000	0.18903
52.50000	0.15889
52.60000	0.13087
52.70000	0.10518
52.80000	0.08198
52.90000	0.06141
53.00000	0.04359
53.10000	0.02862
53.20000	0.01655
53.30000	0.00743
53.40000	0.00127
53.50000	-0.00194
53.60000	-0.00224
53.70000	0.00031
53.80000	0.00561
53.90000	0.01356
54.00000	0.02401
54.10000	0.03681
54.20000	0.05178
54.30000	0.06873
54.40000	0.08743
54.50000	0.10765
54.60000	0.12914
54.70000	0.15166
54.80000	0.17492
54.90000	0.19865
55.00000	0.22258
55.10000	0.24641
55.20000	0.26986
55.30000	0.29266
55.40000	0.31453
55.50000	0.33521
55.60000	0.35444
55.70000	0.37197
55.80000	0.38760
55.90000	0.40110
56.00000	0.41230
56.10000	0.42103
56.20000	0.42715
56.30000	0.43054
56.40000	0.43111
56.50000	0.42879
56.60000	0.42354
56.70000	0.41534
56.80000	0.40420
56.90000	0.39016
57.00000	0.37329
57.10000	0.35365
57.20000	0.33138
57.30000	0.30658
57.40000	0.27943
57.50000	0.25009
57.60000	0.21876
57.70000	0.18565
57.80000	0.15098
57.90000	0.11500
58.00000	0.07796
58.10000	0.04012
58.20000	0.00175
58.30000	-0.03686
58.40000	-0.07546
58.50000	-0.11375
58.60000	-0.15147
58.70000	-0.18834
58.80000	-0.22411
58.90000	-0.25852
59.00000	-0.29134
59.10000	-0.32235
59.20000	-0.35135
59.30000	-0.37815
59.40000	-0.40258
59.50000	-0.42451
59.60000	-0.44381
59.70000	-0.46040
59.80000	-0.47420
59.90000	-0.48517
60.00000	-0.49329
60.10000	-0.49856
60.20000	-0.50101
60.30000	-0.50070
60.40000	-0.49770
60.50000	-0.49213
60.60000	-0.48409
60.70000	-0.47373
60.80000	-0.46122
60.90000	-0.44674
61.00000	-0.43049
61.10000	-0.41268
61.20000	-0.39354
61.30000	-0.37331
61.40000	-0.35224
61.50000	-0.33058
61.60000	-0.30860
61.70000	-0.28655
61.80000	-0.26470
61.90000	-0.24331
62.00000	-0.22264
62.10000	-0.20293
62.20000	-0.18441
62.30000	-0.16731
62.40000	-0.15185
62.50000	-0.13820
62.60000	-0.12656
62.70000	-0.11707
62.80000	-0.10987
62.90000	-0.10507
63.00000	-0.10276
63.10000	-0.10301
63.20000	-0.10586
63.30000	-0.11133
63.40000	-0.11941
63.50000	-0.13008
63.60000	-0.14328
63.70000	-0.15895
63.80000	-0.17699
63.90000	-0.19728
64.00000	-0.21968
64.10000	-0.24404
64.20000	-0.27019
64.30000	-0.29794
64.40000	-0.32708
64.50000	-0.35741
64.60000	-0.38868
64.70000	-0.42066
64.80000	-0.45311
64.90000	-0.48578
65.00000	-0.51841
65.10000	-0.55076
65.20000	-0.58256
65.30000	-0.61359
65.40000	-0.64358
65.50000	-0.67233
65.60000	-0.69959
65.70000	-0.72518
65.80000	-0.74889
65.90000	-0.77056
66.00000	-0.79002
66.10000	-0.80714
66.20000	-0.82181
66.30000	-0.83393
66.40000	-0.84343
66.50000	-0.85026
66.60000	-0.85439
66.70000	-0.85583
66.80000	-0.85458
66.90000	-0.85070
67.00000	-0.84424
67.10000	-0.83530
67.20000	-0.82397
67.30000	-0.81038
67.40000	-0.79468
67.50000	-0.77703
67.60000	-0.75762
67.70000	-0.73662
67.80000	-0.71425
67.90000	-0.69073
68.00000	-0.66628
68.10000	-0.64114
68.20000	-0.61555
68.30000	-0.58975
68.40000	-0.56399
68.50000	-0.53851
68.60000	-0.51354
68.70000	-0.48933
68.80000	-0.46610
68.90000	-0.44406
69.00000	-0.42340
69.10000	-0.40433
69.20000	-0.38700
69.30000	-0.37158
69.40000	-0.35819
69.50000	-0.34696
69.60000	-0.33797
69.70000	-0.33129
69.80000	-0.32699
69.90000	-0.32508
70.00000	-0.32557
70.10000	-0.32844
70.20000	-0.33366
70.30000	-0.34116
70.40000	-0.35087
70.50000	-0.36269
70.60000	-0.37648
70.70000	-0.39213
70.80000	-0.40946
70.90000	-0.42831
71.00000	-0.44849
71.10000	-0.46980
71.20000	-0.49204
71.30000	-0.51498
71.40000	-0.53839
71.50000	-0.56205
71.60000	-0.58572
71.70000	-0.60916
71.80000	-0.63214
71.90000	-0.65443
72.00000	-0.67579
72.10000	-0.69603
72.20000	-0.71491
72.30000	-0.73226
72.40000	-0.74789
72.50000	-0.76164
72.60000	-0.77335
72.70000	-0.78290
72.80000	-0.79016
72.90000	-0.79507
73.00000	-0.79753
73.10000	-0.79751
73.20000	-0.79497
73.30000	-0.78992
73.40000	-0.78236
73.50000	-0.77233
73.60000	-0.75990
73.70000	-0.74513
73.80000	-0.72814
73.90000	-0.70902
74.00000	-0.68793
74.10000	-0.66500
74.20000	-0.64041
74.30000	-0.61434
74.40000	-0.58697
74.50000	-0.55851
74.60000	-0.52917
74.70000	-0.49917
74.80000	-0.46874
74.90000	-0.43810
75.00000	-0.40747
75.10000	-0.37709
75.20000	-0.34717
75.30000	-0.31794
75.40000	-0.28960
75.50000	-0.26235
75.60000	-0.23638
75.70000	-0.21187
75.80000	-0.18898
75.90000	-0.16786
76.00000	-0.14862
76.10000	-0.13139
76.20000	-0.11624
76.30000	-0.10326
76.40000	-0.09250
76.50000	-0.08398
76.60000	-0.07771
76.70000	-0.07369
76.80000	-0.07188
76.90000	-0.07223
77.00000	-0.07467
77.10000	-0.07913
77.20000	-0.08548
77.30000	-0.09360
77.40000	-0.10336
77.50000	-0.11460
77.60000	-0.12716
77.70000	-0.14086
77.80000	-0.15550
77.90000	-0.17088
78.00000	-0.18681
78.10000	-0.20307
78.20000	-0.21945
78.30000	-0.23572
78.40000	-0.25168
78.50000	-0.26712
78.60000	-0.28183
78.70000	-0.29560
78.80000	-0.30825
78.90000	-0.31960
79.00000	-0.32947
79.10000	-0.33771
79.20000	-0.34418
79.30000	-0.34876
79.40000	-0.35133
79.50000	-0.35182
79.60000	-0.35015
79.70000	-0.34627
79.80000	-0.34016
79.90000	-0.33179
80.00000	-0.32118
80.10000	-0.30836
80.20000	-0.29337
80.30000	-0.27629
80.40000	-0.25720
80.50000	-0.23619
80.60000	-0.21340
80.70000	-0.18894
80.80000	-0.16299
80.90000	-0.13568
81.00000	-0.10721
81.10000	-0.07776
81.20000	-0.04751
81.30000	-0.01667
81.40000	0.01455
81.50000	0.04595
81.60000	0.07732
81.70000	0.10844
81.80000	0.13910
81.90000	0.16912
82.00000	0.19827
82.10000	0.22639
82.20000	0.25328
82.30000	0.27879
82.40000	0.30275
82.50000	0.32503
82.60000	0.34550
82.70000	0.36405
82.80000	0.38059
82.90000	0.39505
83.00000	0.40738
83.10000	0.41753
83.20000	0.42550
83.30000	0.43128
83.40000	0.43490
83.50000	0.43640
83.60000	0.43583
83.70000	0.43328
83.80000	0.42883
83.90000	0.42261
84.00000	0.41472
84.10000	0.40532
84.20000	0.39455
84.30000	0.38259
84.40000	0.36959
84.50000	0.35576
84.60000	0.34127
84.70000	0.32633
84.80000	0.31113
84.90000	0.29587
85.00000	0.28076
85.10000	0.26600
85.20000	0.25177
85.30000	0.23827
85.40000	0.22568
85.50000	0.21418
85.60000	0.20391
85.70000	0.19503
85.80000	0.18768
85.90000	0.18198
86.00000	0.17803
86.10000	0.17591
86.20000	0.17569
86.30000	0.17744
86.40000	0.18118
86.50000	0.18692
86.60000	0.19467
86.70000	0.20439
86.80000	0.21606
86.90000	0.22960
87.00000	0.24495
87.10000	0.26202
87.20000	0.28069
87.30000	0.30084
87.40000	0.32234
87.50000	0.34504
87.60000	0.36877
87.70000	0.39338
87.80000	0.41866
87.90000	0.44446
88.00000	0.47056
88.10000	0.49678
88.20000	0.52292
88.30000	0.54878
88.40000	0.57418
88.50000	0.59892
88.60000	0.62281
88.70000	0.64569
88.80000	0.66737
88.90000	0.68772
89.00000	0.70657
89.10000	0.72380
89.20000	0.73928
89.30000	0.75293
89.40000	0.76464
89.50000	0.77435
89.60000	0.78201
89.70000	0.78758
89.80000	0.79105
89.90000	0.79241
90.00000	0.79168
90.10000	0.78891
90.20000	0.78414
90.30000	0.77744
90.40000	0.76891
90.50000	0.75863
90.60000	0.74672
90.70000	0.73332
90.80000	0.71856
90.90000	0.70260
91.00000	0.68560
91.10000	0.66772
91.20000	0.64914
91.30000	0.63005
91.40000	0.61063
91.50000	0.59106
91.60000	0.57153
91.70000	0.55223
91.80000	0.53334
91.90000	0.51503
92.00000	0.49748
92.10000	0.48084
92.20000	0.46528
92.30000	0.45091
92.40000	0.43789
92.50000	0.42631
92.60000	0.41628
92.70000	0.40789
92.80000	0.40120
92.90000	0.39626
93.00000	0.39312
93.10000	0.39178
93.20000	0.39226
93.30000	0.39453
93.40000	0.39857
93.50000	0.40432
93.60000	0.41172
93.70000	0.42069
93.80000	0.43114
93.90000	0.44295
94.00000	0.45600
94.10000	0.47017
94.20000	0.48531
94.30000	0.50125
94.40000	0.51785
94.50000	0.53494
94.60000	0.55233
94.70000	0.56985
94.80000	0.58733
94.90000	0.60458
95.00000	0.62142
95.10000	0.63769
95.20000	0.65320
95.30000	0.66780
95.40000	0.68132
95.50000	0.69362
95.60000	0.70457
95.70000	0.71403
95.80000	0.72190
95.90000	0.72807
96.00000	0.73247
96.10000	0.73501
96.20000	0.73566
96.30000	0.73437
96.40000	0.73113
96.50000	0.72593
96.60000	0.71878
96.70000	0.70972
96.80000	0.69879
96.90000	0.68604
97.00000	0.67157
97.10000	0.65546
97.20000	0.63782
97.30000	0.61876
97.40000	0.59841
97.50000	0.57692
97.60000	0.55443
97.70000	0.53111
97.80000	0.50711
97.90000	0.48260
98.00000	0.45777
98.10000	0.43278
98.20000	0.40781
98.30000	0.38304
98.40000	0.35864
98.50000	0.33477
98.60000	0.31160
98.70000	0.28928
98.80000	0.26795
98.90000	0.24776
99.00000	0.22882
99.10000	0.21125
99.20000	0.19514
99.30000	0.18058
99.40000	0.16764
99.50000	0.15636
99.60000	0.14680
99.70000	0.13896
99.80000	0.13285
99.90000	0.12847
100.00000	0.12579
100.10000	0.12476
100.20000	0.12533
100.30000	0.12743
100.40000	0.13096
100.50000	0.13584
100.60000	0.14195
100.70000	0.14917
100.80000	0.15736
100.90000	0.16639
101.00000	0.17611
101.10000	0.18635
101.20000	0.19697
101.30000	0.20778
101.40000	0.21864
101.50000	0.22938
101.60000	0.23982
101.70000	0.24980
101.80000	0.25918
101.90000	0.26779
102.00000	0.27548
102.10000	0.28213
102.20000	0.28760
102.30000	0.29178
102.40000	0.29456
102.50000	0.29585
102.60000	0.29557
102.70000	0.29365
102.80000	0.29005
102.90000	0.28473
103.00000	0.27768
103.10000	0.26888
103.20000	0.25834
103.30000	0.24611
103.40000	0.23221
103.50000	0.21670
103.60000	0.19966
103.70000	0.18117
103.80000	0.16131
103.90000	0.14021
104.00000	0.11798
104.10000	0.09475
104.20000	0.07065
104.30000	0.04584
104.40000	0.02046
104.50000	-0.00533
104.60000	-0.03136
104.70000	-0.05749
104.80000	-0.08354
104.90000	-0.10936
105.00000	-0.13477
105.10000	-0.15964
105.20000	-0.18380
105.30000	-0.20712
105.40000	-0.22946
105.50000	-0.25068
105.60000	-0.27068
105.70000	-0.28935
105.80000	-0.30660
105.90000	-0.32234
106.00000	-0.33651
106.10000	-0.34905
106.20000	-0.35993
106.30000	-0.36912
106.40000	-0.37662
106.50000	-0.38242
106.60000	-0.38656
106.70000	-0.38906
106.80000	-0.38998
106.90000	-0.38937
107.00000	-0.38732
107.10000	-0.38390
107.20000	-0.37923
107.30000	-0.37341
107.40000	-0.36656
107.50000	-0.35881
107.60000	-0.35030
107.70000	-0.34116
107.80000	-0.33156
107.90000	-0.32162
108.00000	-0.31152
108.10000	-0.30141
108.20000	-0.29143
108.30000	-0.28175
108.40000	-0.27250
108.50000	-0.26383
108.60000	-0.25589
108.70000	-0.24879
108.80000	-0.24266
108.90000	-0.23762
109.00000	-0.23375
109.10000	-0.23116
109.20000	-0.22992
109.30000	-0.23010
109.40000	-0.23174
109.50000	-0.23487
109.60000	-0.23954
109.70000	-0.24573
109.80000	-0.25345
109.90000	-0.26267
110.00000	-0.27336
110.10000	-0.28547
110.20000	-0.29894
110.30000	-0.31370
110.40000	-0.32965
110.50000	-0.34671
110.60000	-0.36475
110.70000	-0.38367
110.80000	-0.40333
110.90000	-0.42361
111.00000	-0.44436
111.10000	-0.46544
111.20000	-0.48670
111.30000	-0.50798
111.40000	-0.52914
111.50000	-0.55003
111.60000	-0.57050
111.70000	-0.59039
111.80000	-0.60957
111.90000	-0.62791
112.00000	-0.64527
112.10000	-0.66154
112.20000	-0.67660
112.30000	-0.69036
112.40000	-0.70273
112.50000	-0.71362
112.60000	-0.72298
112.70000	-0.73076
112.80000	-0.73691
112.90000	-0.74141
113.00000	-0.74426
113.10000	-0.74545
113.20000	-0.74501
113.30000	-0.74296
113.40000	-0.73936
113.50000	-0.73425
113.60000	-0.72772
113.70000	-0.71983
113.80000	-0.71069
113.90000	-0.70039
114.00000	-0.68905
114.10000	-0.67679
114.20000	-0.66374
114.30000	-0.65003
114.40000	-0.63579
114.50000	-0.62117
114.60000	-0.60632
114.70000	-0.59137
114.80000	-0.57647
114.90000	-0.56177
115.00000	-0.54740
115.10000	-0.53351
115.20000	-0.52021
115.30000	-0.50763
115.40000	-0.49588
115.50000	-0.48508
115.60000	-0.47532
115.70000	-0.46668
115.80000	-0.45924
115.90000	-0.45306
116.00000	-0.44818
116.10000	-0.44466
116.20000	-0.44250
116.30000	-0.44172
116.40000	-0.44232
116.50000	-0.44429
116.60000	-0.44758
116.70000	-0.45216
116.80000	-0.45798
116.90000	-0.46497
117.00000	-0.47305
117.10000	-0.48213
117.20000	-0.49212
117.30000	-0.50291
117.40000	-0.51438
117.50000	-0.52642
117.60000	-0.53889
117.70000	-0.55166
117.80000	-0.56460
117.90000	-0.57757
118.00000	-0.59043
118.10000	-0.60304
118.20000	-0.61526
118.30000	-0.62696
118.40000	-0.63802
118.50000	-0.64830
118.60000	-0.65768
118.70000	-0.66606
118.80000	-0.67333
118.90000	-0.67940
119.00000	-0.68419
119.10000	-0.68761
119.20000	-0.68962
119.30000	-0.69017
119.40000	-0.68921
119.50000	-0.68672
119.60000	-0.68270
119.70000	-0.67714
119.80000	-0.67006
119.90000	-0.66149
120.00000	-0.65146
120.10000	-0.64004
120.20000	-0.62727
120.30000	-0.61325
120.40000	-0.59805
120.50000	-0.58177
120.60000	-0.56450
120.70000	-0.54638
120.80000	-0.52750
120.90000	-0.50799
121.00000	-0.48800
121.10000	-0.46763
121.20000	-0.44704
121.30000	-0.42636
121.40000	-0.40572
121.50000	-0.38525
121.60000	-0.36510
121.70000	-0.34538
121.80000	-0.32623
121.90000	-0.30775
122.00000	-0.29006
122.10000	-0.27326
122.20000	-0.25744
122.30000	-0.24269
122.40000	-0.22908
122.50000	-0.21667
122.60000	-0.20551
122.70000	-0.19564
122.80000	-0.18709
122.90000	-0.17986
123.00000	-0.17397
123.10000	-0.16940
123.20000	-0.16612
123.30000	-0.16410
123.40000	-0.16329
123.50000	-0.16363
123.60000	-0.16506
123.70000	-0.16749
123.80000	-0.17083
123.90000	-0.17500
124.00000	-0.17987
124.10000	-0.18535
124.20000	-0.19131
124.30000	-0.19763
124.40000	-0.20419
124.50000	-0.21086
124.60000	-0.21750
124.70000	-0.22400
124.80000	-0.23022
124.90000	-0.23604
125.00000	-0.24134
125.10000	-0.24599
125.20000	-0.24989
125.30000	-0.25294
125.40000	-0.25504
125.50000	-0.25609
125.60000	-0.25603
125.70000	-0.25478
125.80000	-0.25229
125.90000	-0.24850
126.00000	-0.24339
126.10000	-0.23693
126.20000	-0.22911
126.30000	-0.21993
126.40000	-0.20940
126.50000	-0.19756
126.60000	-0.18443
126.70000	-0.17006
126.80000	-0.15452
126.90000	-0.13787
127.00000	-0.12019
127.10000	-0.10157
127.20000	-0.08211
127.30000	-0.06191
127.40000	-0.04107
127.50000	-0.01972
127.60000	0.00202
127.70000	0.02404
127.80000	0.04620
127.90000	0.06838
128.00000	0.09045
128.10000	0.11229
128.20000	0.13376
128.30000	0.15476
128.40000	0.17516
128.50000	0.19486
128.60000	0.21375
128.70000	0.23174
128.80000	0.24873
128.90000	0.26464
129.00000	0.27942
129.10000	0.29300
129.20000	0.30532
129.30000	0.31636
129.40000	0.32609
129.50000	0.33449
129.60000	0.34156
129.70000	0.34731
129.80000	0.35176
129.90000	0.35494
130.00000	0.35690
130.10000	0.35768
130.20000	0.35735
130.30000	0.35598
130.40000	0.35366
130.50000	0.35047
130.60000	0.34651
130.70000	0.34188
130.80000	0.33669
130.90000	0.33105
131.00000	0.32508
131.10000	0.31890
131.20000	0.31262
131.30000	0.30637
131.40000	0.30025
131.50000	0.29440
131.60000	0.28892
131.70000	0.28392
131.80000	0.27951
131.90000	0.27578
132.00000	0.27283
132.10000	0.27073
132.20000	0.26956
132.30000	0.26938
132.40000	0.27026
132.50000	0.27224
132.60000	0.27535
132.70000	0.27961
132.80000	0.28504
132.90000	0.29164
133.00000	0.29940
133.10000	0.30830
133.20000	0.31830
133.30000	0.32938
133.40000	0.34146
133.50000	0.35450
133.60000	0.36842
133.70000	0.38314
133.80000	0.39858
133.90000	0.41463
134.00000	0.43121
134.10000	0.44820
134.20000	0.46549
134.30000	0.48297
134.40000	0.50053
134.50000	0.51805
134.60000	0.53540
134.70000	0.55248
134.80000	0.56917
134.90000	0.58535
135.00000	0.60092
135.10000	0.61578
135.20000	0.62982
135.30000	0.64296
135.40000	0.65511
135.50000	0.66620
135.60000	0.67616
135.70000	0.68493
135.80000	0.69248
135.90000	0.69875
136.00000	0.70373
136.10000	0.70740
136.20000	0.70975
136.30000	0.71080
136.40000	0.71056
136.50000	0.70905
136.60000	0.70632
136.70000	0.70241
136.80000	0.69738
136.90000	0.69130
137.00000	0.68424
137.10000	0.67629
137.20000	0.66754
137.30000	0.65807
137.40000	0.64800
137.50000	0.63743
137.60000	0.62646
137.70000	0.61521
137.80000	0.60379
137.90000	0.59232
138.00000	0.58090
138.10000	0.56965
138.20000	0.55868
138.30000	0.54808
138.40000	0.53796
138.50000	0.52842
138.60000	0.51953
138.70000	0.51139
138.80000	0.50405
138.90000	0.49760
139.00000	0.49207
139.10000	0.48752
139.20000	0.48399
139.30000	0.48149
139.40000	0.48005
139.50000	0.47966
139.60000	0.48032
139.70000	0.48201
139.80000	0.48471
139.90000	0.48839
140.00000	0.49298
140.10000	0.49844
140.20000	0.50471
140.30000	0.51171
140.40000	0.51936
140.50000	0.52757
140.60000	0.53626
140.70000	0.54532
140.80000	0.55465
140.90000	0.56416
141.00000	0.57372
141.10000	0.58324
141.20000	0.59260
141.30000	0.60170
141.40000	0.61043
141.50000	0.61868
141.60000	0.62636
141.70000	0.63337
141.80000	0.63962
141.90000	0.64502
142.00000	0.64950
142.10000	0.65299
142.20000	0.65543
142.30000	0.65676
142.40000	0.65695
142.50000	0.65596
142.60000	0.65375
142.70000	0.65033
142.80000	0.64569
142.90000	0.63983
143.00000	0.63277
143.10000	0.62454
143.20000	0.61516
143.30000	0.60470
143.40000	0.59320
143.50000	0.58072
143.60000	0.56734
143.70000	0.55313
143.80000	0.53817
143.90000	0.52256
144.00000	0.50639
144.10000	0.48976
144.20000	0.47277
144.30000	0.45553
144.40000	0.43814
144.50000	0.42070
144.60000	0.40333
144.70000	0.38612
144.80000	0.36918
144.90000	0.35260
145.00000	0.33649
145.10000	0.32092
145.20000	0.30599
145.30000	0.29177
145.40000	0.27832
145.50000	0.26571
145.60000	0.25400
145.70000	0.24322
145.80000	0.23342
145.90000	0.22461
146.00000	0.21682
146.10000	0.21006
146.20000	0.20431
146.30000	0.19957
146.40000	0.19581
146.50000	0.19301
146.60000	0.19112
146.70000	0.19010
146.80000	0.18988
146.90000	0.19040
147.00000	0.19160
147.10000	0.19339
147.20000	0.19569
147.30000	0.19841
147.40000	0.20145
147.50000	0.20474
147.60000	0.20815
147.70000	0.21160
147.80000	0.21499
147.90000	0.21822
148.00000	0.22118
148.10000	0.22378
148.20000	0.22593
148.30000	0.22754
148.40000	0.22853
148.50000	0.22881
148.60000	0.22832
148.70000	0.22699
148.80000	0.22476
148.90000	0.22157
149.00000	0.21740
149.10000	0.21221
149.20000	0.20596
149.30000	0.19866
149.40000	0.19029
149.50000	0.18086
149.60000	0.17039
149.70000	0.15889
149.80000	0.14640
149.90000	0.13295
150.00000	0.11861
150.10000	0.10343
150.20000	0.08747
150.30000	0.07080
150.40000	0.05351
150.50000	0.03567
150.60000	0.01737
150.70000	-0.00129
150.80000	-0.02022
150.90000	-0.03931
151.00000	-0.05848
151.10000	-0.07762
151.20000	-0.09663
151.30000	-0.11542
151.40000	-0.13388
151.50000	-0.15192
151.60000	-0.16946
151.70000	-0.18641
151.80000	-0.20269
151.90000	-0.21823
152.00000	-0.23296
152.10000	-0.24682
152.20000	-0.25976
152.30000	-0.27173
152.40000	-0.28271
152.50000	-0.29266
152.60000	-0.30158
152.70000	-0.30944
152.80000	-0.31625
152.90000	-0.32203
153.00000	-0.32679
153.10000	-0.33055
153.20000	-0.33337
153.30000	-0.33527
153.40000	-0.33632
153.50000	-0.33657
153.60000	-0.33610
153.70000	-0.33496
153.80000	-0.33324
153.90000	-0.33102
154.00000	-0.32839
154.10000	-0.32544
154.20000	-0.32226
154.30000	-0.31893
154.40000	-0.31556
154.50000	-0.31224
154.60000	-0.30906
154.70000	-0.30610
154.80000	-0.30347
154.90000	-0.30123
155.00000	-0.29947
155.10000	-0.29826
155.20000	-0.29767
155.30000	-0.29777
155.40000	-0.29860
155.50000	-0.30022
155.60000	-0.30266
155.70000	-0.30596
155.80000	-0.31014
155.90000	-0.31521
156.00000	-0.32118
156.10000	-0.32804
156.20000	-0.33579
156.30000	-0.34440
156.40000	-0.35384
156.50000	-0.36409
156.60000	-0.37508
156.70000	-0.38678
156.80000	-0.39912
156.90000	-0.41203
157.00000	-0.42545
157.10000	-0.43930
157.20000	-0.45349
157.30000	-0.46795
157.40000	-0.48259
157.50000	-0.49731
157.60000	-0.51202
157.70000	-0.52663
157.80000	-0.54106
157.90000	-0.55520
158.00000	-0.56898
158.10000	-0.58230
158.20000	-0.59508
158.30000	-0.60724
158.40000	-0.61872
158.50000	-0.62943
158.60000	-0.63933
158.70000	-0.64834
158.80000	-0.65644
158.90000	-0.66356
159.00000	-0.66969
159.10000	-0.67479
159.20000	-0.67885
159.30000	-0.68187
159.40000	-0.68383
159.50000	-0.68476
159.60000	-0.68466
159.70000	-0.68356
159.80000	-0.68150
159.90000	-0.67852
160.00000	-0.67467
160.10000	-0.66999
160.20000	-0.66456
160.30000	-0.65843
160.40000	-0.65169
160.50000	-0.64440
160.60000	-0.63665
160.70000	-0.62853
160.80000	-0.62011
160.90000	-0.61148
161.00000	-0.60274
161.10000	-0.59397
161.20000	-0.58526
161.30000	-0.57669
161.40000	-0.56834
161.50000	-0.56031
161.60000	-0.55265
161.70000	-0.54544
161.80000	-0.53875
161.90000	-0.53264
162.00000	-0.52717
162.10000	-0.52237
162.20000	-0.51829
162.30000	-0.51496
162.40000	-0.51240
162.50000	-0.51064
162.60000	-0.50967
162.70000	-0.50951
162.80000	-0.51013
162.90000	-0.51153
163.00000	-0.51369
163.10000	-0.51655
163.20000	-0.52010
163.30000	-0.52428
163.40000	-0.52905
163.50000	-0.53433
163.60000	-0.54007
163.70000	-0.54619
163.80000	-0.55263
163.90000	-0.55931
164.00000	-0.56614
164.10000	-0.57304
164.20000	-0.57993
164.30000	-0.58672
164.40000	-0.59333
164.50000	-0.59968
164.60000	-0.60568
164.70000	-0.61125
164.80000	-0.61631
164.90000	-0.62080
165.00000	-0.62464
165.10000	-0.62777
165.20000	-0.63013
165.30000	-0.63167
165.40000	-0.63235
165.50000	-0.63213
165.60000	-0.63097
165.70000	-0.62885
165.80000	-0.62576
165.90000	-0.62169
166.00000	-0.61664
166.10000	-0.61062
166.20000	-0.60365
166.30000	-0.59574
166.40000	-0.58694
166.50000	-0.57728
166.60000	-0.56680
166.70000	-0.55556
166.80000	-0.54362
166.90000	-0.53104
167.00000	-0.51788
167.10000	-0.50423
167.20000	-0.49015
167.30000	-0.47573
167.40000	-0.46105
167.50000	-0.44618
167.60000	-0.43122
167.70000	-0.41625
167.80000	-0.40135
167.90000	-0.38659
168.00000	-0.37207
168.10000	-0.35786
168.20000	-0.34402
168.30000	-0.33063
168.40000	-0.31775
168.50000	-0.30543
168.60000	-0.29374
168.70000	-0.28271
168.80000	-0.27239
168.90000	-0.26280
169.00000	-0.25397
169.10000	-0.24592
169.20000	-0.23866
169.30000	-0.23219
169.40000	-0.22650
169.50000	-0.22158
169.60000	-0.21741
169.70000	-0.21396
169.80000	-0.21120
169.90000	-0.20909
170.00000	-0.20757
170.10000	-0.20660
170.20000	-0.20611
170.30000	-0.20605
170.40000	-0.20635
170.50000	-0.20692
170.60000	-0.20771
170.70000	-0.20864
170.80000	-0.20963
170.90000	-0.21059
171.00000	-0.21146
171.10000	-0.21216
171.20000	-0.21260
171.30000	-0.21272
171.40000	-0.21245
171.50000	-0.21171
171.60000	-0.21045
171.70000	-0.20860
171.80000	-0.20612
171.90000	-0.20294
172.00000	-0.19905
172.10000	-0.19438
172.20000	-0.18893
172.30000	-0.18266
172.40000	-0.17556
172.50000	-0.16762
172.60000	-0.15885
172.70000	-0.14925
172.80000	-0.13884
172.90000	-0.12763
173.00000	-0.11567
173.10000	-0.10297
173.20000	-0.08960
173.30000	-0.07558
173.40000	-0.06099
173.50000	-0.04587
173.60000	-0.03028
173.70000	-0.01431
173.80000	0.00199
173.90000	0.01853
174.00000	0.03525
174.10000	0.05206
174.20000	0.06889
174.30000	0.08566
174.40000	0.10229
174.50000	0.11870
174.60000	0.13482
174.70000	0.15059
174.80000	0.16592
174.90000	0.18075
175.00000	0.19503
175.10000	0.20870
175.20000	0.22171
175.30000	0.23401
175.40000	0.24558
175.50000	0.25636
175.60000	0.26635
175.70000	0.27552
175.80000	0.28386
175.90000	0.29137
176.00000	0.29806
176.10000	0.30393
176.20000	0.30900
176.30000	0.31330
176.40000	0.31685
176.50000	0.31970
176.60000	0.32188
176.70000	0.32346
176.80000	0.32447
176.90000	0.32498
177.00000	0.32505
177.10000	0.32475
177.20000	0.32414
177.30000	0.32329
177.40000	0.32229
177.50000	0.32119
177.60000	0.32007
177.70000	0.31902
177.80000	0.31808
177.90000	0.31735
178.00000	0.31687
178.10000	0.31673
178.20000	0.31697
178.30000	0.31765
178.40000	0.31883
178.50000	0.32055
178.60000	0.32285
178.70000	0.32577
178.80000	0.32933
178.90000	0.33356
179.00000	0.33846
179.10000	0.34406
179.20000	0.35034
179.30000	0.35731
179.40000	0.36495
179.50000	0.37324
179.60000	0.38216
179.70000	0.39168
179.80000	0.40175
179.90000	0.41233
180.00000	0.42337
180.10000	0.43482
180.20000	0.44663
180.30000	0.45872
180.40000	0.47103
180.50000	0.48350
180.60000	0.49605
180.70000	0.50862
180.80000	0.52113
180.90000	0.53350
181.00000	0.54567
181.10000	0.55756
181.20000	0.56911
181.30000	0.58025
181.40000	0.59091
181.50000	0.60104
181.60000	0.61058
181.70000	0.61947
181.80000	0.62767
181.90000	0.63514
182.00000	0.64185
182.10000	0.64776
182.20000	0.65285
182.30000	0.65711
182.40000	0.66052
182.50000	0.66308
182.60000	0.66480
182.70000	0.66569
182.80000	0.66575
182.90000	0.66502
183.00000	0.66353
183.10000	0.66131
183.20000	0.65839
183.30000	0.65483
183.40000	0.65068
183.50000	0.64599
183.60000	0.64081
183.70000	0.63522
183.80000	0.62927
183.90000	0.62303
184.00000	0.61657
184.10000	0.60996
184.20000	0.60327
184.30000	0.59656
184.40000	0.58990
184.50000	0.58336
184.60000	0.57701
184.70000	0.57089
184.80000	0.56508
184.90000	0.55962
185.00000	0.55457
185.10000	0.54996
185.20000	0.54584
185.30000	0.54225
185.40000	0.53920
185.50000	0.53673
185.60000	0.53485
185.70000	0.53356
185.80000	0.53288
185.90000	0.53280
186.00000	0.53331
186.10000	0.53439
186.20000	0.53603
186.30000	0.53819
186.40000	0.54084
186.50000	0.54394
186.60000	0.54746
186.70000	0.55134
186.80000	0.55552
186.90000	0.55996
187.00000	0.56460
187.10000	0.56936
187.20000	0.57420
187.30000	0.57904
187.40000	0.58382
187.50000	0.58847
187.60000	0.59292
187.70000	0.59712
187.80000	0.60099
187.90000	0.60448
188.00000	0.60752
188.10000	0.61007
188.20000	0.61206
188.30000	0.61345
188.40000	0.61420
188.50000	0.61427
188.60000	0.61363
188.70000	0.61224
188.80000	0.61010
188.90000	0.60717
189.00000	0.60345
189.10000	0.59895
189.20000	0.59365
189.30000	0.58758
189.40000	0.58075
189.50000	0.57317
189.60000	0.56488
189.70000	0.55591
189.80000	0.54629
189.90000	0.53608
190.00000	0.52532
190.10000	0.51405
190.20000	0.50234
190.30000	0.49024
190.40000	0.47782
190.50000	0.46514
190.60000	0.45226
190.70000	0.43925
190.80000	0.42617
190.90000	0.41309
191.00000	0.40008
191.10000	0.38720
191.20000	0.37451
191.30000	0.36208
191.40000	0.34994
191.50000	0.33817
191.60000	0.32680
191.70000	0.31588
191.80000	0.30545
191.90000	0.29555
192.00000	0.28620
192.10000	0.27742
192.20000	0.26924
192.30000	0.26167
192.40000	0.25470
192.50000	0.24834
192.60000	0.24258
192.70000	0.23741
192.80000	0.23281
192.90000	0.22876
193.00000	0.22522
193.10000	0.22217
193.20000	0.21955
193.30000	0.21734
193.40000	0.21548
193.50000	0.21391
193.60000	0.21259
193.70000	0.21146
193.80000	0.21046
193.90000	0.20953
194.00000	0.20861
194.10000	0.20764
194.20000	0.20655
194.30000	0.20529
194.40000	0.20380
194.50000	0.20202
194.60000	0.19990
194.70000	0.19738
194.80000	0.19442
194.90000	0.19097
195.00000	0.18700
195.10000	0.18246
195.20000	0.17733
195.30000	0.17159
195.40000	0.16520
195.50000	0.15817
195.60000	0.15048
195.70000	0.14213
195.80000	0.13312
195.90000	0.12345
196.00000	0.11316
196.10000	0.10225
196.20000	0.09076
196.30000	0.07870
196.40000	0.06613
196.50000	0.05307
196.60000	0.03958
196.70000	0.02570
196.80000	0.01149
196.90000	-0.00301
197.00000	-0.01772
197.10000	-0.03261
197.20000	-0.04760
197.30000	-0.06263
197.40000	-0.07764
197.50000	-0.09257
197.60000	-0.10736
197.70000	-0.12195
197.80000	-0.13628
197.90000	-0.15029
198.00000	-0.16394
198.10000	-0.17717
198.20000	-0.18994
198.30000	-0.20220
198.40000	-0.21393
198.50000	-0.22507
198.60000	-0.23562
198.70000	-0.24554
198.80000	-0.25482
198.90000	-0.26344
199.00000	-0.27141
199.10000	-0.27872
199.20000	-0.28537
199.30000	-0.29138
199.40000	-0.29676
199.50000	-0.30153
199.60000	-0.30572
199.70000	-0.30936
199.80000	-0.31249
199.90000	-0.31515
200.00000	-0.31738
200.10000	-0.31922
200.20000	-0.32073
200.30000	-0.32195
200.40000	-0.32295
200.50000	-0.32378
200.60000	-0.32449
200.70000	-0.32515
200.80000	-0.32580
200.90000	-0.32651
201.00000	-0.32733
201.10000	-0.32831
201.20000	-0.32951
201.30000	-0.33098
201.40000	-0.33276
201.50000	-0.33489
201.60000	-0.33741
201.70000	-0.34036
201.80000	-0.34376
201.90000	-0.34764
202.00000	-0.35203
202.10000	-0.35692
202.20000	-0.36235
202.30000	-0.36830
202.40000	-0.37477
202.50000	-0.38177
202.60000	-0.38927
202.70000	-0.39726
202.80000	-0.40572
202.90000	-0.41461
203.00000	-0.42391
203.10000	-0.43357
203.20000	-0.44357
203.30000	-0.45385
203.40000	-0.46436
203.50000	-0.47505
203.60000	-0.48588
203.70000	-0.49679
203.80000	-0.50771
203.90000	-0.51860
204.00000	-0.52939
204.10000	-0.54003
204.20000	-0.55046
204.30000	-0.56062
204.40000	-0.57047
204.50000	-0.57994
204.60000	-0.58900
204.70000	-0.59758
204.80000	-0.60566
204.90000	-0.61319
205.00000	-0.62013
205.10000	-0.62646
205.20000	-0.63215
205.30000	-0.63717
205.40000	-0.64152
205.50000	-0.64518
205.60000	-0.64815
205.70000	-0.65043
205.80000	-0.65201
205.90000	-0.65292
206.00000	-0.65317
206.10000	-0.65277
206.20000	-0.65176
206.30000	-0.65016
206.40000	-0.64801
206.50000	-0.64534
206.60000	-0.64220
206.70000	-0.63863
206.80000	-0.63469
206.90000	-0.63041
207.00000	-0.62585
207.10000	-0.62106
207.20000	-0.61611
207.30000	-0.61104
207.40000	-0.60590
207.50000	-0.60075
207.60000	-0.59565
207.70000	-0.59065
207.80000	-0.58578
207.90000	-0.58111
208.00000	-0.57668
208.10000	-0.57252
208.20000	-0.56868
208.30000	-0.56518
208.40000	-0.56206
208.50000	-0.55934
208.60000	-0.55705
208.70000	-0.55519
208.80000	-0.55377
208.90000	-0.55281
209.00000	-0.55230
209.10000	-0.55224
209.20000	-0.55262
209.30000	-0.55342
209.40000	-0.55463
209.50000	-0.55621
209.60000	-0.55815
209.70000	-0.56040
209.80000	-0.56294
209.90000	-0.56572
210.00000	-0.56869
210.10000	-0.57183
210.20000	-0.57507
210.30000	-0.57836
210.40000	-0.58167
210.50000	-0.58492
210.60000	-0.58808
210.70000	-0.59109
210.80000	-0.59390
210.90000	-0.59645
211.00000	-0.59870
211.10000	-0.60061
211.20000	-0.60211
211.30000	-0.60318
211.40000	-0.60377
211.50000	-0.60385
211.60000	-0.60338
211.70000	-0.60234
211.80000	-0.60070
211.90000	-0.59844
212.00000	-0.59556
212.10000	-0.59203
212.20000	-0.58785
212.30000	-0.58303
212.40000	-0.57757
212.50000	-0.57148
212.60000	-0.56478
212.70000	-0.55747
212.80000	-0.54959
212.90000	-0.54117
213.00000	-0.53224
213.10000	-0.52283
213.20000	-0.51298
213.30000	-0.50274
213.40000	-0.49215
213.50000	-0.48126
213.60000	-0.47012
213.70000	-0.45878
213.80000	-0.44728
213.90000	-0.43569
214.00000	-0.42406
214.10000	-0.41243
214.20000	-0.40086
214.30000	-0.38941
214.40000	-0.37810
214.50000	-0.36700
214.60000	-0.35615
214.70000	-0.34558
214.80000	-0.33534
214.90000	-0.32546
215.00000	-0.31596
215.10000	-0.30687
215.20000	-0.29822
215.30000	-0.29002
215.40000	-0.28228
215.50000	-0.27500
215.60000	-0.26820
215.70000	-0.26187
215.80000	-0.25600
215.90000	-0.25058
216.00000	-0.24560
216.10000	-0.24102
216.20000	-0.23683
216.30000	-0.23301
216.40000	-0.22950
216.50000	-0.22629
216.60000	-0.22333
216.70000	-0.22058
216.80000	-0.21800
216.90000	-0.21553
217.00000	-0.21314
217.10000	-0.21078
217.20000	-0.20839
217.30000	-0.20594
217.40000	-0.20336
217.50000	-0.20062
217.60000	-0.19767
217.70000	-0.19446
217.80000	-0.19096
217.90000	-0.18712
218.00000	-0.18290
218.10000	-0.17827
218.20000	-0.17321
218.30000	-0.16769
218.40000	-0.16168
218.50000	-0.15516
218.60000	-0.14813
218.70000	-0.14058
218.80000	-0.13249
218.90000	-0.12388
219.00000	-0.11473
219.10000	-0.10508
219.20000	-0.09492
219.30000	-0.08428
219.40000	-0.07318
219.50000	-0.06165
219.60000	-0.04971
219.70000	-0.03741
219.80000	-0.02478
219.90000	-0.01185
220.00000	0.00132
220.10000	0.01470
220.20000	0.02823
220.30000	0.04187
220.40000	0.05557
220.50000	0.06928
220.60000	0.08295
220.70000	0.09653
220.80000	0.10997
220.90000	0.12323
221.00000	0.13625
221.10000	0.14900
221.20000	0.16144
221.30000	0.17352
221.40000	0.18521
221.50000	0.19647
221.60000	0.20729
221.70000	0.21763
221.80000	0.22747
221.90000	0.23680
222.00000	0.24561
222.10000	0.25388
222.20000	0.26162
222.30000	0.26883
222.40000	0.27551
222.50000	0.28167
222.60000	0.28732
222.70000	0.29250
222.80000	0.29721
222.90000	0.30148
223.00000	0.30535
223.10000	0.30885
223.20000	0.31201
223.30000	0.31487
223.40000	0.31747
223.50000	0.31986
223.60000	0.32207
223.70000	0.32415
223.80000	0.32616
223.90000	0.32812
224.00000	0.33009
224.10000	0.33212
224.20000	0.33424
224.30000	0.33649
224.40000	0.33892
224.50000	0.34157
224.60000	0.34446
224.70000	0.34764
224.80000	0.35112
224.90000	0.35494
225.00000	0.35912
225.10000	0.36367
225.20000	0.36861
225.30000	0.37395
225.40000	0.37969
225.50000	0.38583
225.60000	0.39238
225.70000	0.39931
225.80000	0.40663
225.90000	0.41431
226.00000	0.42234
226.10000	0.43068
226.20000	0.43932
226.30000	0.44822
226.40000	0.45734
226.50000	0.46666
226.60000	0.47613
226.70000	0.48571
226.80000	0.49536
226.90000	0.50503
227.00000	0.51467
227.10000	0.52425
227.20000	0.53372
227.30000	0.54302
227.40000	0.55212
227.50000	0.56097
227.60000	0.56953
227.70000	0.57776
227.80000	0.58561
227.90000	0.59306
228.00000	0.60006
228.10000	0.60660
228.20000	0.61263
228.30000	0.61815
228.40000	0.62313
228.50000	0.62755
228.60000	0.63141
228.70000	0.63469
228.80000	0.63740
228.90000	0.63953
229.00000	0.64109
229.10000	0.64210
229.20000	0.64256
229.30000	0.64249
229.40000	0.64192
229.50000	0.64087
229.60000	0.63936
229.70000	0.63744
229.80000	0.63513
229.90000	0.63247
230.00000	0.62949
230.10000	0.62625
230.20000	0.62278
230.30000	0.61913
230.40000	0.61533
230.50000	0.61143
230.60000	0.60748
230.70000	0.60351
230.80000	0.59958
230.90000	0.59571
231.00000	0.59195
231.10000	0.58834
231.20000	0.58491
231.30000	0.58169
231.40000	0.57870
231.50000	0.57599
231.60000	0.57356
231.70000	0.57144
231.80000	0.56963
231.90000	0.56816
232.00000	0.56702
232.10000	0.56623
232.20000	0.56577
232.30000	0.56564
232.40000	0.56584
232.50000	0.56635
232.60000	0.56715
232.70000	0.56822
232.80000	0.56954
232.90000	0.57108
233.00000	0.57281
233.10000	0.57470
233.20000	0.57671
233.30000	0.57880
233.40000	0.58094
233.50000	0.58308
233.60000	0.58519
233.70000	0.58723
233.80000	0.58914
233.90000	0.59089
234.00000	0.59244
234.10000	0.59375
234.20000	0.59478
234.30000	0.59549
234.40000	0.59585
234.50000	0.59582
234.60000	0.59538
234.70000	0.59449
234.80000	0.59314
234.90000	0.59129
235.00000	0.58895
235.10000	0.58608
235.20000	0.58268
235.30000	0.57875
235.40000	0.57429
235.50000	0.56929
235.60000	0.56376
235.70000	0.55771
235.80000	0.55116
235.90000	0.54412
236.00000	0.53662
236.10000	0.52867
236.20000	0.52031
236.30000	0.51156
236.40000	0.50247
236.50000	0.49305
236.60000	0.48336
236.70000	0.47343
236.80000	0.46330
236.90000	0.45301
237.00000	0.44260
237.10000	0.43212
237.20000	0.42161
237.30000	0.41110
237.40000	0.40065
237.50000	0.39028
237.60000	0.38004
237.70000	0.36996
237.80000	0.36008
237.90000	0.35042
238.00000	0.34102
238.10000	0.33190
238.20000	0.32309
238.30000	0.31460
238.40000	0.30645
238.50000	0.29864
238.60000	0.29120
238.70000	0.28411
238.80000	0.27739
238.90000	0.27103
239.00000	0.26502
239.10000	0.25936
239.20000	0.25402
239.30000	0.24899
239.40000	0.24424
239.50000	0.23977
239.60000	0.23552
239.70000	0.23149
239.80000	0.22764
239.90000	0.22392
240.00000	0.22032
240.10000	0.21679
240.20000	0.21329
240.30000	0.20979
240.40000	0.20624
240.50000	0.20262
240.60000	0.19888
240.70000	0.19498
240.80000	0.19089
240.90000	0.18658
241.00000	0.18201
241.10000	0.17715
241.20000	0.17198
241.30000	0.16647
241.40000	0.16060
241.50000	0.15434
241.60000	0.14769
241.70000	0.14062
241.80000	0.13314
241.90000	0.12523
242.00000	0.11689
242.10000	0.10814
242.20000	0.09896
242.30000	0.08937
242.40000	0.07939
242.50000	0.06903
242.60000	0.05831
242.70000	0.04725
242.80000	0.03588
242.90000	0.02423
243.00000	0.01233
243.10000	0.00021
243.20000	-0.01209
243.30000	-0.02454
243.40000	-0.03709
243.50000	-0.04972
243.60000	-0.06237
243.70000	-0.07501
243.80000	-0.08759
243.90000	-0.10009
244.00000	-0.11245
244.10000	-0.12465
244.20000	-0.13665
244.30000	-0.14840
244.40000	-0.15989
244.50000	-0.17107
244.60000	-0.18193
244.70000	-0.19243
244.80000	-0.20256
244.90000	-0.21229
245.00000	-0.22161
245.10000	-0.23052
245.20000	-0.23899
245.30000	-0.24703
245.40000	-0.25464
245.50000	-0.26181
245.60000	-0.26855
245.70000	-0.27488
245.80000	-0.28080
245.90000	-0.28634
246.00000	-0.29150
246.10000	-0.29632
246.20000	-0.30082
246.30000	-0.30501
246.40000	-0.30895
246.50000	-0.31265
246.60000	-0.31614
246.70000	-0.31947
246.80000	-0.32266
246.90000	-0.32575
247.00000	-0.32879
247.10000	-0.33179
247.20000	-0.33481
247.30000	-0.33787
247.40000	-0.34101
247.50000	-0.34425
247.60000	-0.34764
247.70000	-0.35120
247.80000	-0.35495
247.90000	-0.35893
248.00000	-0.36314
248.10000	-0.36762
248.20000	-0.37237
248.30000	-0.37741
248.40000	-0.38275
248.50000	-0.38840
248.60000	-0.39434
248.70000	-0.40060
248.80000	-0.40715
248.90000	-0.41399
249.00000	-0.42112
249.10000	-0.42851
249.20000	-0.43615
249.30000	-0.44402
249.40000	-0.45210
249.50000	-0.46035
249.60000	-0.46875
249.70000	-0.47727
249.80000	-0.48588
249.90000	-0.49454
250.00000	-0.50323
250.10000	-0.51189
250.20000	-0.52050
250.30000	-0.52902
250.40000	-0.53742
250.50000	-0.54565
250.60000	-0.55368
250.70000	-0.56147
250.80000	-0.56900
250.90000	-0.57623
251.00000	-0.58313
251.10000	-0.58967
251.20000	-0.59583
251.30000	-0.60159
251.40000	-0.60692
251.50000	-0.61180
251.60000	-0.61623
251.70000	-0.62019
251.80000	-0.62367
251.90000	-0.62667
252.00000	-0.62920
252.10000	-0.63124
252.20000	-0.63281
252.30000	-0.63392
252.40000	-0.63458
252.50000	-0.63480
252.60000	-0.63461
252.70000	-0.63402
252.80000	-0.63306
252.90000	-0.63175
253.00000	-0.63012
253.10000	-0.62820
253.20000	-0.62603
253.30000	-0.62363
253.40000	-0.62104
253.50000	-0.61829
253.60000	-0.61543
253.70000	-0.61247
253.80000	-0.60946
253.90000	-0.60644
254.00000	-0.60343
254.10000	-0.60046
254.20000	-0.59757
254.30000	-0.59478
254.40000	-0.59212
254.50000	-0.58962
254.60000	-0.58730
254.70000	-0.58517
254.80000	-0.58325
254.90000	-0.58156
255.00000	-0.58011
255.10000	-0.57890
255.20000	-0.57793
255.30000	-0.57721
255.40000	-0.57674
255.50000	-0.57651
255.60000	-0.57651
255.70000	-0.57673
255.80000	-0.57715
255.90000	-0.57775
256.00000	-0.57852
256.10000	-0.57944
256.20000	-0.58047
256.30000	-0.58160
256.40000	-0.58278
256.50000	-0.58400
256.60000	-0.58522
256.70000	-0.58641
256.80000	-0.58753
256.90000	-0.58855
257.00000	-0.58944
257.10000	-0.59017
257.20000	-0.59071
257.30000	-0.59101
257.40000	-0.59105
257.50000	-0.59081
257.60000	-0.59026
257.70000	-0.58936
257.80000	-0.58810
257.90000	-0.58646
258.00000	-0.58442
258.10000	-0.58196
258.20000	-0.57907
258.30000	-0.57574
258.40000	-0.57197
258.50000	-0.56775
258.60000	-0.56309
258.70000	-0.55798
258.80000	-0.55243
258.90000	-0.54645
259.00000	-0.54006
259.10000	-0.53327
259.20000	-0.52609
259.30000	-0.51856
259.40000	-0.51068
259.50000	-0.50249
259.60000	-0.49402
259.70000	-0.48528
259.80000	-0.47632
259.90000	-0.46717
260.00000	-0.45785
260.10000	-0.44841
260.20000	-0.43887
260.30000	-0.42927
260.40000	-0.41964
260.50000	-0.41001
260.60000	-0.40043
260.70000	-0.39091
260.80000	-0.38149
260.90000	-0.37220
261.00000	-0.36306
261.10000	-0.35410
261.20000	-0.34533
261.30000	-0.33679
261.40000	-0.32848
261.50000	-0.32042
261.60000	-0.31262
261.70000	-0.30509
261.80000	-0.29783
261.90000	-0.29085
262.00000	-0.28415
262.10000	-0.27772
262.20000	-0.27155
262.30000	-0.26564
262.40000	-0.25997
262.50000	-0.25454
262.60000	-0.24931
262.70000	-0.24428
262.80000	-0.23941
262.90000	-0.23469
263.00000	-0.23009
263.10000	-0.22558
263.20000	-0.22113
263.30000	-0.21672
263.40000	-0.21232
263.50000	-0.20789
263.60000	-0.20341
263.70000	-0.19884
263.80000	-0.19416
263.90000	-0.18934
264.00000	-0.18434
264.10000	-0.17915
264.20000	-0.17374
264.30000	-0.16809
264.40000	-0.16216
264.50000	-0.15596
264.60000	-0.14945
264.70000	-0.14263
264.80000	-0.13548
264.90000	-0.12800
265.00000	-0.12018
265.10000	-0.11202
265.20000	-0.10351
265.30000	-0.09467
265.40000	-0.08549
265.50000	-0.07599
265.60000	-0.06618
265.70000	-0.05607
265.80000	-0.04568
265.90000	-0.03504
266.00000	-0.02415
266.10000	-0.01305
266.20000	-0.00176
266.30000	0.00969
266.40000	0.02127
266.50000	0.03295
266.60000	0.04471
266.70000	0.05650
266.80000	0.06830
266.90000	0.08007
267.00000	0.09178
267.10000	0.10341
267.20000	0.11491
267.30000	0.12627
267.40000	0.13745
267.50000	0.14842
267.60000	0.15916
267.70000	0.16965
267.80000	0.17986
267.90000	0.18977
268.00000	0.19938
268.10000	0.20866
268.20000	0.21760
268.30000	0.22619
268.40000	0.23444
268.50000	0.24233
268.60000	0.24986
268.70000	0.25705
268.80000	0.26389
268.90000	0.27039
269.00000	0.27656
269.10000	0.28243
269.20000	0.28799
269.30000	0.29328
269.40000	0.29830
269.50000	0.30310
269.60000	0.30767
269.70000	0.31206
269.80000	0.31629
269.90000	0.32039
270.00000	0.32438
270.10000	0.32829
270.20000	0.33215
270.30000	0.33599
270.40000	0.33983
270.50000	0.34371
270.60000	0.34765
270.70000	0.35167
270.80000	0.35580
270.90000	0.36006
271.00000	0.36448
271.10000	0.36906
271.20000	0.37382
271.30000	0.37878
271.40000	0.38396
271.50000	0.38935
271.60000	0.39496
271.70000	0.40081
271.80000	0.40687
271.90000	0.41317
272.00000	0.41968
272.10000	0.42641
272.20000	0.43334
272.30000	0.44046
272.40000	0.44775
272.50000	0.45520
272.60000	0.46278
272.70000	0.47048
272.80000	0.47827
272.90000	0.48613
273.00000	0.49402
273.10000	0.50193
273.20000	0.50982
273.30000	0.51767
273.40000	0.52544
273.50000	0.53310
273.60000	0.54063
273.70000	0.54800
273.80000	0.55517
273.90000	0.56213
274.00000	0.56884
274.10000	0.57528
274.20000	0.58143
274.30000	0.58726
274.40000	0.59276
274.50000	0.59791
274.60000	0.60269
274.70000	0.60709
274.80000	0.61109
274.90000	0.61470
275.00000	0.61791
275.10000	0.62071
275.20000	0.62311
275.30000	0.62511
275.40000	0.62671
275.50000	0.62792
275.60000	0.62876
275.70000	0.62923
275.80000	0.62936
275.90000	0.62915
276.00000	0.62863
276.10000	0.62783
276.20000	0.62676
276.30000	0.62544
276.40000	0.62391
276.50000	0.62219
276.60000	0.62031
276.70000	0.61828
276.80000	0.61616
276.90000	0.61395
277.00000	0.61168
277.10000	0.60939
277.20000	0.60710
277.30000	0.60483
277.40000	0.60261
277.50000	0.60046
277.60000	0.59839
277.70000	0.59644
277.80000	0.59461
277.90000	0.59291
278.00000	0.59137
278.10000	0.58999
278.20000	0.58877
278.30000	0.58772
278.40000	0.58685
278.50000	0.58616
278.60000	0.58563
278.70000	0.58527
278.80000	0.58506
278.90000	0.58500
279.00000	0.58507
279.10000	0.58527
279.20000	0.58556
279.30000	0.58594
279.40000	0.58637
279.50000	0.58685
279.60000	0.58734
279.70000	0.58783
279.80000	0.58828
279.90000	0.58868
280.00000	0.58899
280.10000	0.58919
280.20000	0.58925
280.30000	0.58914
280.40000	0.58885
280.50000	0.58834
280.60000	0.58760
280.70000	0.58660
280.80000	0.58531
280.90000	0.58373
281.00000	0.58182
281.10000	0.57959
281.20000	0.57701
281.30000	0.57407
281.40000	0.57077
281.50000	0.56710
281.60000	0.56305
281.70000	0.55862
281.80000	0.55382
281.90000	0.54864
282.00000	0.54310
282.10000	0.53721
282.20000	0.53096
282.30000	0.52439
282.40000	0.51750
282.50000	0.51031
282.60000	0.50284
282.70000	0.49511
282.80000	0.48714
282.90000	0.47896
283.00000	0.47060
283.10000	0.46207
283.20000	0.45341
283.30000	0.44464
283.40000	0.43578
283.50000	0.42688
283.60000	0.41795
283.70000	0.40901
283.80000	0.40010
283.90000	0.39125
284.00000	0.38246
284.10000	0.37377
284.20000	0.36519
284.30000	0.35675
284.40000	0.34846
284.50000	0.34034
284.60000	0.33239
284.70000	0.32464
284.80000	0.31708
284.90000	0.30973
285.00000	0.30258
285.10000	0.29564
285.20000	0.28891
285.30000	0.28238
285.40000	0.27605
285.50000	0.26991
285.60000	0.26394
285.70000	0.25814
285.80000	0.25250
285.90000	0.24698
286.00000	0.24159
286.10000	0.23629
286.20000	0.23107
286.30000	0.22590
286.40000	0.22076
286.50000	0.21564
286.60000	0.21050
286.70000	0.20532
286.80000	0.20008
286.90000	0.19476
287.00000	0.18933
287.10000	0.18376
287.20000	0.17805
287.30000	0.17216
287.40000	0.16609
287.50000	0.15980
287.60000	0.15330
287.70000	0.14655
287.80000	0.13956
287.90000	0.13231
288.00000	0.12479
288.10000	0.11700
288.20000	0.10893
288.30000	0.10059
288.40000	0.09197
288.50000	0.08308
288.60000	0.07393
288.70000	0.06453
288.80000	0.05488
288.90000	0.04499
289.00000	0.03489
289.10000	0.02459
289.20000	0.01411
289.30000	0.00347
289.40000	-0.00731
289.50000	-0.01821
289.60000	-0.02921
289.70000	-0.04027
289.80000	-0.05137
289.90000	-0.06250
290.00000	-0.07361
290.10000	-0.08469
290.20000	-0.09571
290.30000	-0.10665
290.40000	-0.11747
290.50000	-0.12816
290.60000	-0.13870
290.70000	-0.14906
290.80000	-0.15922
290.90000	-0.16916
291.00000	-0.17888
291.10000	-0.18834
291.20000	-0.19755
291.30000	-0.20649
291.40000	-0.21515
291.50000	-0.22352
291.60000	-0.23161
291.70000	-0.23941
291.80000	-0.24691
291.90000	-0.25414
292.00000	-0.26107
292.10000	-0.26774
292.20000	-0.27414
292.30000	-0.28029
292.40000	-0.28619
292.50000	-0.29188
292.60000	-0.29735
292.70000	-0.30263
292.80000	-0.30774
292.90000	-0.31270
293.00000	-0.31752
293.10000	-0.32224
293.20000	-0.32687
293.30000	-0.33144
293.40000	-0.33596
293.50000	-0.34046
293.60000	-0.34496
293.70000	-0.34949
293.80000	-0.35406
293.90000	-0.35869
294.00000	-0.36340
294.10000	-0.36820
294.20000	-0.37312
294.30000	-0.37816
294.40000	-0.38334
294.50000	-0.38866
294.60000	-0.39414
294.70000	-0.39978
294.80000	-0.40558
294.90000	-0.41155
295.00000	-0.41768
295.10000	-0.42397
295.20000	-0.43042
295.30000	-0.43702
295.40000	-0.44376
295.50000	-0.45062
295.60000	-0.45760
295.70000	-0.46468
295.80000	-0.47184
295.90000	-0.47907
296.00000	-0.48634
296.10000	-0.49364
296.20000	-0.50094
296.30000	-0.50822
296.40000	-0.51546
296.50000	-0.52263
296.60000	-0.52972
296.70000	-0.53669
296.80000	-0.54352
296.90000	-0.55019
297.00000	-0.55668
297.10000	-0.56297
297.20000	-0.56903
297.30000	-0.57485
297.40000	-0.58040
297.50000	-0.58568
297.60000	-0.59066
297.70000	-0.59533
297.80000	-0.59969
297.90000	-0.60371
298.00000	-0.60740
298.10000	-0.61075
298.20000	-0.61376
298.30000	-0.61642
298.40000	-0.61874
298.50000	-0.62071
298.60000	-0.62235
298.70000	-0.62366
298.80000	-0.62466
298.90000	-0.62535
299.00000	-0.62574
299.10000	-0.62585
299.20000	-0.62570
299.30000	-0.62530
299.40000	-0.62468
299.50000	-0.62385
299.60000	-0.62283
299.70000	-0.62165
299.80000	-0.62032
299.90000	-0.61887
300.00000	-0.61732
300.10000	-0.61570
300.20000	-0.61401
300.30000	-0.61229
300.40000	-0.61055
300.50000	-0.60882
300.60000	-0.60711
300.70000	-0.60543
300.80000	-0.60382
300.90000	-0.60226
301.00000	-0.60079
301.10000	-0.59941
301.20000	-0.59813
301.30000	-0.59696
301.40000	-0.59590
301.50000	-0.59495
301.60000	-0.59412
301.70000	-0.59340
301.80000	-0.59279
301.90000	-0.59229
302.00000	-0.59189
302.10000	-0.59157
302.20000	-0.59133
302.30000	-0.59116
302.40000	-0.59104
302.50000	-0.59095
302.60000	-0.59089
302.70000	-0.59082
302.80000	-0.59074
302.90000	-0.59062
303.00000	-0.59044
303.10000	-0.59018
303.20000	-0.58983
303.30000	-0.58935
303.40000	-0.58873
303.50000	-0.58796
303.60000	-0.58700
303.70000	-0.58584
303.80000	-0.58446
303.90000	-0.58285
304.00000	-0.58098
304.10000	-0.57885
304.20000	-0.57644
304.30000	-0.57374
304.40000	-0.57074
304.50000	-0.56743
304.60000	-0.56380
304.70000	-0.55986
304.80000	-0.55560
304.90000	-0.55102
305.00000	-0.54612
305.10000	-0.54091
305.20000	-0.53539
305.30000	-0.52957
305.40000	-0.52346
305.50000	-0.51707
305.60000	-0.51042
305.70000	-0.50352
305.80000	-0.49638
305.90000	-0.48902
306.00000	-0.48147
306.10000	-0.47374
306.20000	-0.46585
306.30000	-0.45782
306.40000	-0.44968
306.50000	-0.44144
306.60000	-0.43313
306.70000	-0.42478
306.80000	-0.41639
306.90000	-0.40799
307.00000	-0.39961
307.10000	-0.39126
307.20000	-0.38296
307.30000	-0.37473
307.40000	-0.36658
307.50000	-0.35853
307.60000	-0.35059
307.70000	-0.34278
307.80000	-0.33509
307.90000	-0.32755
308.00000	-0.32015
308.10000	-0.31291
308.20000	-0.30582
308.30000	-0.29888
308.40000	-0.29209
308.50000	-0.28545
308.60000	-0.27895
308.70000	-0.27259
308.80000	-0.26635
308.90000	-0.26024
309.00000	-0.25422
309.10000	-0.24830
309.20000	-0.24245
309.30000	-0.23667
309.40000	-0.23093
309.50000	-0.22521
309.60000	-0.21951
309.70000	-0.21380
309.80000	-0.20806
309.90000	-0.20227
310.00000	-0.19642
310.10000	-0.19049
310.20000	-0.18445
310.30000	-0.17830
310.40000	-0.17201
310.50000	-0.16558
310.60000	-0.15898
310.70000	-0.15221
310.80000	-0.14524
310.90000	-0.13808
311.00000	-0.13072
311.10000	-0.12314
311.20000	-0.11534
311.30000	-0.10732
311.40000	-0.09908
311.50000	-0.09061
311.60000	-0.08193
311.70000	-0.07303
311.80000	-0.06392
311.90000	-0.05460
312.00000	-0.04510
312.10000	-0.03542
312.20000	-0.02557
312.30000	-0.01556
312.40000	-0.00542
312.50000	0.00485
312.60000	0.01521
312.70000	0.02566
312.80000	0.03618
312.90000	0.04674
313.00000	0.05732
313.10000	0.06791
313.20000	0.07848
313.30000	0.08901
313.40000	0.09948
313.50000	0.10987
313.60000	0.12016
313.70000	0.13033
313.80000	0.14036
313.90000	0.15024
314.00000	0.15996
314.10000	0.16949
314.20000	0.17882
314.30000	0.18795
314.40000	0.19686
314.50000	0.20555
314.60000	0.21400
314.70000	0.22222
314.80000	0.23020
314.90000	0.23795
315.00000	0.24545
315.10000	0.25272
315.20000	0.25976
315.30000	0.26658
315.40000	0.27318
315.50000	0.27957
315.60000	0.28576
315.70000	0.29177
315.80000	0.29761
315.90000	0.30330
316.00000	0.30884
316.10000	0.31426
316.20000	0.31957
316.30000	0.32479
316.40000	0.32993
316.50000	0.33502
316.60000	0.34007
316.70000	0.34509
316.80000	0.35011
316.90000	0.35515
317.00000	0.36020
317.10000	0.36530
317.20000	0.37046
317.30000	0.37568
317.40000	0.38098
317.50000	0.38637
317.60000	0.39186
317.70000	0.39745
317.80000	0.40315
317.90000	0.40896
318.00000	0.41489
318.10000	0.42093
318.20000	0.42708
318.30000	0.43335
318.40000	0.43972
318.50000	0.44618
318.60000	0.45274
318.70000	0.45937
318.80000	0.46608
318.90000	0.47284
319.00000	0.47964
319.10000	0.48646
319.20000	0.49330
319.30000	0.50013
319.40000	0.50694
319.50000	0.51370
319.60000	0.52041
319.70000	0.52703
319.80000	0.53355
319.90000	0.53996
320.00000	0.54622
320.10000	0.55234
320.20000	0.55827
320.30000	0.56402
320.40000	0.56956
320.50000	0.57488
320.60000	0.57997
320.70000	0.58480
320.80000	0.58938
320.90000	0.59368
321.00000	0.59770
321.10000	0.60144
321.20000	0.60489
321.30000	0.60804
321.40000	0.61090
321.50000	0.61346
321.60000	0.61572
321.70000	0.61769
321.80000	0.61938
321.90000	0.62078
322.00000	0.62191
322.10000	0.62278
322.20000	0.62339
322.30000	0.62377
322.40000	0.62392
322.50000	0.62385
322.60000	0.62359
322.70000	0.62314
322.80000	0.62253
322.90000	0.62178
323.00000	0.62089
323.10000	0.61989
323.20000	0.61879
323.30000	0.61761
323.40000	0.61638
323.50000	0.61509
323.60000	0.61378
323.70000	0.61246
323.80000	0.61113
323.90000	0.60981
324.00000	0.60852
324.10000	0.60727
324.20000	0.60606
324.30000	0.60490
324.40000	0.60380
324.50000	0.60276
324.60000	0.60179
324.70000	0.60089
324.80000	0.60005
324.90000	0.59928
325.00000	0.59858
325.10000	0.59793
325.20000	0.59733
325.30000	0.59678
325.40000	0.59627
325.50000	0.59577
325.60000	0.59529
325.70000	0.59481
325.80000	0.59432
325.90000	0.59380
326.00000	0.59323
326.10000	0.59261
326.20000	0.59191
326.30000	0.59112
326.40000	0.59022
326.50000	0.58919
326.60000	0.58802
326.70000	0.58670
326.80000	0.58520
326.90000	0.58351
327.00000	0.58163
327.10000	0.57953
327.20000	0.57720
327.30000	0.57463
327.40000	0.57182
327.50000	0.56875
327.60000	0.56542
327.70000	0.56182
327.80000	0.55794
327.90000	0.55380
328.00000	0.54937
328.10000	0.54468
328.20000	0.53971
328.30000	0.53448
328.40000	0.52898
328.50000	0.52323
328.60000	0.51723
328.70000	0.51100
328.80000	0.50454
328.90000	0.49787
329.00000	0.49100
329.10000	0.48394
329.20000	0.47672
329.30000	0.46934
329.40000	0.46183
329.50000	0.45420
329.60000	0.44647
329.70000	0.43865
329.80000	0.43077
329.90000	0.42283
330.00000	0.41487
330.10000	0.40689
330.20000	0.39891
330.30000	0.39095
330.40000	0.38302
330.50000	0.37513
330.60000	0.36730
330.70000	0.35954
330.80000	0.35186
330.90000	0.34427
331.00000	0.33677
331.10000	0.32937
331.20000	0.32207
331.30000	0.31489
331.40000	0.30781
331.50000	0.30084
331.60000	0.29398
331.70000	0.28722
331.80000	0.28057
331.90000	0.27400
332.00000	0.26753
332.10000	0.26113
332.20000	0.25480
332.30000	0.24853
332.40000	0.24230
332.50000	0.23611
332.60000	0.22994
332.70000	0.22377
332.80000	0.21760
332.90000	0.21141
333.00000	0.20518
333.10000	0.19890
333.20000	0.19255
333.30000	0.18612
333.40000	0.17961
333.50000	0.17298
333.60000	0.16624
333.70000	0.15937
333.80000	0.15236
333.90000	0.14520
334.00000	0.13788
334.10000	0.13040
334.20000	0.12274
334.30000	0.11491
334.40000	0.10690
334.50000	0.09872
334.60000	0.09035
334.70000	0.08180
334.80000	0.07307
334.90000	0.06418
335.00000	0.05512
335.10000	0.04590
335.20000	0.03653
335.30000	0.02701
335.40000	0.01737
335.50000	0.00762
335.60000	-0.00225
335.70000	-0.01220
335.80000	-0.02222
335.90000	-0.03231
336.00000	-0.04244
336.10000	-0.05259
336.20000	-0.06275
336.30000	-0.07291
336.40000	-0.08304
336.50000	-0.09313
336.60000	-0.10317
336.70000	-0.11313
336.80000	-0.12300
336.90000	-0.13276
337.00000	-0.14241
337.10000	-0.15192
337.20000	-0.16129
337.30000	-0.17050
337.40000	-0.17955
337.50000	-0.18842
337.60000	-0.19711
337.70000	-0.20561
337.80000	-0.21392
337.90000	-0.22203
338.00000	-0.22995
338.10000	-0.23767
338.20000	-0.24519
338.30000	-0.25251
338.40000	-0.25965
338.50000	-0.26660
338.60000	-0.27337
338.70000	-0.27997
338.80000	-0.28641
338.90000	-0.29269
339.00000	-0.29884
339.10000	-0.30485
339.20000	-0.31075
339.30000	-0.31654
339.40000	-0.32223
339.50000	-0.32785
339.60000	-0.33340
339.70000	-0.33891
339.80000	-0.34437
339.90000	-0.34981
340.00000	-0.35523
340.10000	-0.36066
340.20000	-0.36610
340.30000	-0.37156
340.40000	-0.37706
340.50000	-0.38260
340.60000	-0.38819
340.70000	-0.39384
340.80000	-0.39955
340.90000	-0.40533
341.00000	-0.41119
341.10000	-0.41712
341.20000	-0.42312
341.30000	-0.42920
341.40000	-0.43535
341.50000	-0.44156
341.60000	-0.44785
341.70000	-0.45419
341.80000	-0.46057
341.90000	-0.46701
342.00000	-0.47347
342.10000	-0.47995
342.20000	-0.48644
342.30000	-0.49293
342.40000	-0.49941
342.50000	-0.50585
342.60000	-0.51225
342.70000	-0.51859
342.80000	-0.52485
342.90000	-0.53102
343.00000	-0.53708
343.10000	-0.54303
343.20000	-0.54884
343.30000	-0.55450
343.40000	-0.55999
343.50000	-0.56531
343.60000	-0.57043
343.70000	-0.57535
343.80000	-0.58006
343.90000	-0.58454
344.00000	-0.58880
344.10000	-0.59281
344.20000	-0.59657
344.30000	-0.60009
344.40000	-0.60335
344.50000	-0.60635
344.60000	-0.60909
344.70000	-0.61157
344.80000	-0.61380
344.90000	-0.61577
345.00000	-0.61750
345.10000	-0.61898
345.20000	-0.62022
345.30000	-0.62124
345.40000	-0.62203
345.50000	-0.62262
345.60000	-0.62300
345.70000	-0.62320
345.80000	-0.62323
345.90000	-0.62309
346.00000	-0.62280
346.10000	-0.62238
346.20000	-0.62183
346.30000	-0.62118
346.40000	-0.62043
346.50000	-0.61961
346.60000	-0.61871
346.70000	-0.61776
346.80000	-0.61677
346.90000	-0.61575
347.00000	-0.61471
347.10000	-0.61366
347.20000	-0.61261
347.30000	-0.61157
347.40000	-0.61054
347.50000	-0.60953
347.60000	-0.60855
347.70000	-0.60759
347.80000	-0.60666
347.90000	-0.60577
348.00000	-0.60490
348.10000	-0.60407
348.20000	-0.60326
348.30000	-0.60247
348.40000	-0.60169
348.50000	-0.60092
348.60000	-0.60016
348.70000	-0.59939
348.80000	-0.59860
348.90000	-0.59778
349.00000	-0.59692
349.10000	-0.59601
349.20000	-0.59504
349.30000	-0.59400
349.40000	-0.59286
349.50000	-0.59163
349.60000	-0.59028
349.70000	-0.58880
349.80000	-0.58719
349.90000	-0.58542
350.00000	-0.58348
350.10000	-0.58137
350.20000	-0.57907
350.30000	-0.57658
350.40000	-0.57388
350.50000	-0.57097
350.60000	-0.56783
350.70000	-0.56447
350.80000	-0.56088
350.90000	-0.55705
351.00000	-0.55298
351.10000	-0.54867
351.20000	-0.54413
351.30000	-0.53934
351.40000	-0.53432
351.50000	-0.52908
351.60000	-0.52360
351.70000	-0.51791
351.80000	-0.51200
351.90000	-0.50589
352.00000	-0.49959
352.10000	-0.49310
352.20000	-0.48645
352.30000	-0.47963
352.40000	-0.47267
352.50000	-0.46557
352.60000	-0.45835
352.70000	-0.45103
352.80000	-0.44362
352.90000	-0.43613
353.00000	-0.42857
353.10000	-0.42097
353.20000	-0.41333
353.30000	-0.40566
353.40000	-0.39799
353.50000	-0.39032
353.60000	-0.38267
353.70000	-0.37504
353.80000	-0.36744
353.90000	-0.35989
354.00000	-0.35239
354.10000	-0.34495
354.20000	-0.33758
354.30000	-0.33027
354.40000	-0.32303
354.50000	-0.31587
354.60000	-0.30878
354.70000	-0.30177
354.80000	-0.29482
354.90000	-0.28795
355.00000	-0.28115
355.10000	-0.27440
355.20000	-0.26771
355.30000	-0.26107
355.40000	-0.25447
355.50000	-0.24791
355.60000	-0.24136
355.70000	-0.23483
355.80000	-0.22830
355.90000	-0.22176
356.00000	-0.21520
356.10000	-0.20862
356.20000	-0.20199
356.30000	-0.19530
356.40000	-0.18856
356.50000	-0.18174
356.60000	-0.17483
356.70000	-0.16783
356.80000	-0.16073
356.90000	-0.15351
357.00000	-0.14617
357.10000	-0.13871
357.20000	-0.13111
357.30000	-0.12338
357.40000	-0.11550
357.50000	-0.10748
357.60000	-0.09931
357.70000	-0.09100
357.80000	-0.08254
357.90000	-0.07393
358.00000	-0.06519
358.10000	-0.05630
358.20000	-0.04729
358.30000	-0.03815
358.40000	-0.02890
358.50000	-0.01953
358.60000	-0.01007
358.70000	-0.00052
358.80000	0.00911
358.90000	0.01881
359.00000	0.02855
359.10000	0.03834
359.20000	0.04816
359.30000	0.05799
359.40000	0.06781
359.50000	0.07763
359.60000	0.08741
359.70000	0.09716
359.80000	0.10685
359.90000	0.11647
360.00000	0.12601
360.10000	0.13545
360.20000	0.14479
360.30000	0.15402
360.40000	0.16313
360.50000	0.17209
360.60000	0.18092
360.70000	0.18960
360.80000	0.19813
360.90000	0.20650
361.00000	0.21470
361.10000	0.22275
361.20000	0.23062
361.30000	0.23833
361.40000	0.24588
361.50000	0.25326
361.60000	0.26049
361.70000	0.26756
361.80000	0.27448
361.90000	0.28125
362.00000	0.28790
362.10000	0.29441
362.20000	0.30080
362.30000	0.30708
362.40000	0.31326
362.50000	0.31935
362.60000	0.32536
362.70000	0.33130
362.80000	0.33717
362.90000	0.34300
363.00000	0.34879
363.10000	0.35455
363.20000	0.36030
363.30000	0.36603
363.40000	0.37176
363.50000	0.37750
363.60000	0.38326
363.70000	0.38903
363.80000	0.39484
363.90000	0.40068
364.00000	0.40655
364.10000	0.41247
364.20000	0.41843
364.30000	0.42443
364.40000	0.43047
364.50000	0.43656
364.60000	0.44268
364.70000	0.44885
364.80000	0.45504
364.90000	0.46125
365.00000	0.46749
365.10000	0.47374
365.20000	0.47999
365.30000	0.48624
365.40000	0.49247
365.50000	0.49867
365.60000	0.50484
365.70000	0.51096
365.80000	0.51702
365.90000	0.52300
366.00000	0.52890
366.10000	0.53470
366.20000	0.54040
366.30000	0.54597
366.40000	0.55140
366.50000	0.55670
366.60000	0.56183
366.70000	0.56680
366.80000	0.57159
366.90000	0.57619
367.00000	0.58060
367.10000	0.58481
367.20000	0.58880
367.30000	0.59258
367.40000	0.59615
367.50000	0.59948
367.60000	0.60259
367.70000	0.60548
367.80000	0.60813
367.90000	0.61056
368.00000	0.61276
368.10000	0.61474
368.20000	0.61650
368.30000	0.61804
368.40000	0.61938
368.50000	0.62051
368.60000	0.62145
368.70000	0.62220
368.80000	0.62277
368.90000	0.62318
369.00000	0.62342
369.10000	0.62352
369.20000	0.62348
369.30000	0.62332
369.40000	0.62304
369.50000	0.62265
369.60000	0.62218
369.70000	0.62161
369.80000	0.62098
369.90000	0.62028
370.00000	0.61953
370.10000	0.61874
370.20000	0.61791
370.30000	0.61705
370.40000	0.61617
370.50000	0.61527
370.60000	0.61437
370.70000	0.61346
370.80000	0.61254
370.90000	0.61163
371.00000	0.61071
371.10000	0.60980
371.20000	0.60889
371.30000	0.60797
371.40000	0.60705
371.50000	0.60612
371.60000	0.60518
371.70000	0.60422
371.80000	0.60323
371.90000	0.60221
372.00000	0.60115
372.10000	0.60004
372.20000	0.59888
372.30000	0.59764
372.40000	0.59633
372.50000	0.59493
372.60000	0.59344
372.70000	0.59184
372.80000	0.59012
372.90000	0.58827
373.00000	0.58628
373.10000	0.58415
373.20000	0.58186
373.30000	0.57940
373.40000	0.57677
373.50000	0.57396
373.60000	0.57096
373.70000	0.56776
373.80000	0.56437
373.90000	0.56077
374.00000	0.55697
374.10000	0.55296
374.20000	0.54873
374.30000	0.54430
374.40000	0.53966
374.50000	0.53481
374.60000	0.52975
374.70000	0.52449
374.80000	0.51903
374.90000	0.51339
375.00000	0.50756
375.10000	0.50155
375.20000	0.49537
375.30000	0.48903
375.40000	0.48254
375.50000	0.47591
375.60000	0.46915
375.70000	0.46227
375.80000	0.45529
375.90000	0.44820
376.00000	0.44103
376.10000	0.43379
376.20000	0.42649
376.30000	0.41913
376.40000	0.41174
376.50000	0.40431
376.60000	0.39687
376.70000	0.38942
376.80000	0.38197
376.90000	0.37452
377.00000	0.36710
377.10000	0.35970
377.20000	0.35232
377.30000	0.34498
377.40000	0.33768
377.50000	0.33043
377.60000	0.32322
377.70000	0.31605
377.80000	0.30893
377.90000	0.30186
378.00000	0.29484
378.10000	0.28785
378.20000	0.28091
378.30000	0.27400
378.40000	0.26712
378.50000	0.26027
378.60000	0.25344
378.70000	0.24662
378.80000	0.23981
378.90000	0.23299
379.00000	0.22616
379.10000	0.21931
379.20000	0.21244
379.30000	0.20553
379.40000	0.19858
379.50000	0.19157
379.60000	0.18450
379.70000	0.17736
379.80000	0.17014
379.90000	0.16284
380.00000	0.15545
380.10000	0.14795
380.20000	0.14036
380.30000	0.13266
380.40000	0.12484
380.50000	0.11691
380.60000	0.10886
380.70000	0.10069
380.80000	0.09241
380.90000	0.08400
381.00000	0.07547
381.10000	0.06683
381.20000	0.05807
381.30000	0.04921
381.40000	0.04024
381.50000	0.03118
381.60000	0.02202
381.70000	0.01278
381.80000	0.00346
381.90000	-0.00592
382.00000	-0.01536
382.10000	-0.02484
382.20000	-0.03437
382.30000	-0.04392
382.40000	-0.05348
382.50000	-0.06305
382.60000	-0.07261
382.70000	-0.08215
382.80000	-0.09166
382.90000	-0.10113
383.00000	-0.11055
383.10000	-0.11990
383.20000	-0.12918
383.30000	-0.13838
383.40000	-0.14749
383.50000	-0.15650
383.60000	-0.16540
383.70000	-0.17418
383.80000	-0.18285
383.90000	-0.19138
384.00000	-0.19979
384.10000	-0.20806
384.20000	-0.21619
384.30000	-0.22419
384.40000	-0.23205
384.50000	-0.23976
384.60000	-0.24734
384.70000	-0.25478
384.80000	-0.26208
384.90000	-0.26925
385.00000	-0.27630
385.10000	-0.28323
385.20000	-0.29004
385.30000	-0.29673
385.40000	-0.30333
385.50000	-0.30983
385.60000	-0.31624
385.70000	-0.32257
385.80000	-0.32882
385.90000	-0.33501
386.00000	-0.34115
386.10000	-0.34723
386.20000	-0.35328
386.30000	-0.35929
386.40000	-0.36528
386.50000	-0.37124
386.60000	-0.37720
386.70000	-0.38315
386.80000	-0.38910
386.90000	-0.39506
387.00000	-0.40102
387.10000	-0.40700
387.20000	-0.41299
387.30000	-0.41899
387.40000	-0.42502
387.50000	-0.43106
387.60000	-0.43712
387.70000	-0.44320
387.80000	-0.44928
387.90000	-0.45538
388.00000	-0.46148
388.10000	-0.46759
388.20000	-0.47369
388.30000	-0.47977
388.40000	-0.48584
388.50000	-0.49188
388.60000	-0.49788
388.70000	-0.50385
388.80000	-0.50976
388.90000	-0.51560
389.00000	-0.52138
389.10000	-0.52707
389.20000	-0.53267
389.30000	-0.53817
389.40000	-0.54356
389.50000	-0.54882
389.60000	-0.55396
389.70000	-0.55895
389.80000	-0.56380
389.90000	-0.56848
390.00000	-0.57300
390.10000	-0.57735
390.20000	-0.58152
390.30000	-0.58550
390.40000	-0.58929
390.50000	-0.59289
390.60000	-0.59629
390.70000	-0.59949
390.80000	-0.60248
390.90000	-0.60527
391.00000	-0.60786
391.10000	-0.61024
391.20000	-0.61242
391.30000	-0.61440
391.40000	-0.61619
391.50000	-0.61778
391.60000	-0.61919
391.70000	-0.62041
391.80000	-0.62146
391.90000	-0.62234
392.00000	-0.62306
392.10000	-0.62363
392.20000	-0.62405
392.30000	-0.62433
392.40000	-0.62448
392.50000	-0.62451
392.60000	-0.62443
392.70000	-0.62425
392.80000	-0.62397
392.90000	-0.62361
393.00000	-0.62317
393.10000	-0.62266
393.20000	-0.62208
393.30000	-0.62145
393.40000	-0.62077
393.50000	-0.62004
393.60000	-0.61928
393.70000	-0.61848
393.80000	-0.61766
393.90000	-0.61680
394.00000	-0.61592
394.10000	-0.61502
394.20000	-0.61409
394.30000	-0.61314
394.40000	-0.61216
394.50000	-0.61116
394.60000	-0.61013
394.70000	-0.60907
394.80000	-0.60797
394.90000	-0.60684
395.00000	-0.60565
395.10000	-0.60442
395.20000	-0.60312
395.30000	-0.60177
395.40000	-0.60033
395.50000	-0.59882
395.60000	-0.59723
395.70000	-0.59553
395.80000	-0.59373
395.90000	-0.59183
396.00000	-0.58980
396.10000	-0.58764
396.20000	-0.58535
396.30000	-0.58291
396.40000	-0.58033
396.50000	-0.57759
396.60000	-0.57468
396.70000	-0.57161
396.80000	-0.56837
396.90000	-0.56495
397.00000	-0.56134
397.10000	-0.55756
397.20000	-0.55358
397.30000	-0.54942
397.40000	-0.54507
397.50000	-0.54054
397.60000	-0.53581
397.70000	-0.53091
397.80000	-0.52582
397.90000	-0.52055
398.00000	-0.51511
398.10000	-0.50949
398.20000	-0.50372
398.30000	-0.49779
398.40000	-0.49170
398.50000	-0.48548
398.60000	-0.47912
398.70000	-0.47263
398.80000	-0.46603
398.90000	-0.45932
399.00000	-0.45251
399.10000	-0.44561
399.20000	-0.43862
399.30000	-0.43157
399.40000	-0.42445
399.50000	-0.41729
399.60000	-0.41008
399.70000	-0.40283
399.80000	-0.39556
399.90000	-0.38826
400.00000	-0.38096
400.10000	-0.37365
400.20000	-0.36634
400.30000	-0.35904
400.40000	-0.35175
400.50000	-0.34447
400.60000	-0.33722
400.70000	-0.32999
400.80000	-0.32278
400.90000	-0.31559
401.00000	-0.30843
401.10000	-0.30129
401.20000	-0.29418
401.30000	-0.28709
401.40000	-0.28002
401.50000	-0.27296
401.60000	-0.26592
401.70000	-0.25889
401.80000	-0.25185
401.90000	-0.24482
402.00000	-0.23778
402.10000	-0.23072
402.20000	-0.22365
402.30000	-0.21654
402.40000	-0.20941
402.50000	-0.20223
402.60000	-0.19501
402.70000	-0.18774
402.80000	-0.18040
402.90000	-0.17301
403.00000	-0.16554
403.10000	-0.15799
403.20000	-0.15037
403.30000	-0.14266
403.40000	-0.13486
403.50000	-0.12697
403.60000	-0.11898
403.70000	-0.11089
403.80000	-0.10271
403.90000	-0.09443
404.00000	-0.08605
404.10000	-0.07757
404.20000	-0.06900
404.30000	-0.06033
404.40000	-0.05157
404.50000	-0.04273
404.60000	-0.03380
404.70000	-0.02480
404.80000	-0.01573
404.90000	-0.00659
405.00000	0.00260
405.10000	0.01185
405.20000	0.02113
405.30000	0.03045
405.40000	0.03979
405.50000	0.04915
405.60000	0.05851
405.70000	0.06787
405.80000	0.07722
405.90000	0.08654
406.00000	0.09584
406.10000	0.10509
406.20000	0.11430
406.30000	0.12344
406.40000	0.13252
406.50000	0.14153
406.60000	0.15046
406.70000	0.15930
406.80000	0.16804
406.90000	0.17668
407.00000	0.18522
407.10000	0.19365
407.20000	0.20197
407.30000	0.21018
407.40000	0.21826
407.50000	0.22623
407.60000	0.23407
407.70000	0.24180
407.80000	0.24941
407.90000	0.25690
408.00000	0.26427
408.10000	0.27153
408.20000	0.27869
408.30000	0.28573
408.40000	0.29268
408.50000	0.29953
408.60000	0.30629
408.70000	0.31296
408.80000	0.31956
408.90000	0.32608
409.00000	0.33253
409.10000	0.33892
409.20000	0.34526
409.30000	0.35154
409.40000	0.35778
409.50000	0.36399
409.60000	0.37016
409.70000	0.37631
409.80000	0.38244
409.90000	0.38855
410.00000	0.39464
410.10000	0.40073
410.20000	0.40680
410.30000	0.41288
410.40000	0.41894
410.50000	0.42501
410.60000	0.43108
410.70000	0.43714
410.80000	0.44319
410.90000	0.44925
411.00000	0.45529
411.10000	0.46132
411.20000	0.46734
411.30000	0.47333
411.40000	0.47931
411.50000	0.48525
411.60000	0.49115
411.70000	0.49702
411.80000	0.50283
411.90000	0.50859
412.00000	0.51428
412.10000	0.51990
412.20000	0.52544
412.30000	0.53089
412.40000	0.53624
412.50000	0.54149
412.60000	0.54662
412.70000	0.55164
412.80000	0.55652
412.90000	0.56127
413.00000	0.56588
413.10000	0.57034
413.20000	0.57464
413.30000	0.57878
413.40000	0.58275
413.50000	0.58655
413.60000	0.59018
413.70000	0.59363
413.80000	0.59690
413.90000	0.59998
414.00000	0.60288
414.10000	0.60559
414.20000	0.60812
414.30000	0.61047
414.40000	0.61263
414.50000	0.61461
414.60000	0.61642
414.70000	0.61805
414.80000	0.61951
414.90000	0.62081
415.00000	0.62194
415.10000	0.62292
415.20000	0.62375
415.30000	0.62443
415.40000	0.62498
415.50000	0.62540
415.60000	0.62570
415.70000	0.62588
415.80000	0.62595
415.90000	0.62591
416.00000	0.62578
416.10000	0.62556
416.20000	0.62526
416.30000	0.62488
416.40000	0.62443
416.50000	0.62391
416.60000	0.62333
416.70000	0.62270
416.80000	0.62201
416.90000	0.62127
417.00000	0.62048
417.10000	0.61965
417.20000	0.61878
417.30000	0.61787
417.40000	0.61691
417.50000	0.61591
417.60000	0.61486
417.70000	0.61377
417.80000	0.61264
417.90000	0.61145
418.00000	0.61021
418.10000	0.60891
418.20000	0.60755
418.30000	0.60613
418.40000	0.60463
418.50000	0.60306
418.60000	0.60140
418.70000	0.59965
418.80000	0.59781
418.90000	0.59586
419.00000	0.59381
419.10000	0.59165
419.20000	0.58936
419.30000	0.58695
419.40000	0.58440
419.50000	0.58172
419.60000	0.57889
419.70000	0.57592
419.80000	0.57279
419.90000	0.56950
420.00000	0.56606
420.10000	0.56245
420.20000	0.55867
420.30000	0.55473
420.40000	0.55062
420.50000	0.54633
420.60000	0.54188
420.70000	0.53726
420.80000	0.53247
420.90000	0.52751
421.00000	0.52239
421.10000	0.51711
421.20000	0.51168
421.30000	0.50609
421.40000	0.50035
421.50000	0.49448
421.60000	0.48847
421.70000	0.48233
421.80000	0.47606
421.90000	0.46969
422.00000	0.46320
422.10000	0.45661
422.20000	0.44993
422.30000	0.44317
422.40000	0.43632
422.50000	0.42941
422.60000	0.42244
422.70000	0.41541
422.80000	0.40833
422.90000	0.40121
423.00000	0.39406
423.10000	0.38688
423.20000	0.37968
423.30000	0.37246
423.40000	0.36523
423.50000	0.35799
423.60000	0.35075
423.70000	0.34351
423.80000	0.33628
423.90000	0.32904
424.00000	0.32182
424.10000	0.31460
424.20000	0.30739
424.30000	0.30019
424.40000	0.29299
424.50000	0.28580
424.60000	0.27861
424.70000	0.27142
424.80000	0.26423
424.90000	0.25704
425.00000	0.24983
425.10000	0.24262
425.20000	0.23538
425.30000	0.22812
425.40000	0.22084
425.50000	0.21352
425.60000	0.20617
425.70000	0.19878
425.80000	0.19134
425.90000	0.18384
426.00000	0.17630
426.10000	0.16869
426.20000	0.16102
426.30000	0.15328
426.40000	0.14547
426.50000	0.13758
426.60000	0.12962
426.70000	0.12157
426.80000	0.11345
426.90000	0.10525
427.00000	0.09696
427.10000	0.08859
427.20000	0.08014
427.30000	0.07161
427.40000	0.06300
427.50000	0.05432
427.60000	0.04556
427.70000	0.03674
427.80000	0.02785
427.90000	0.01890
428.00000	0.00990
428.10000	0.00084
428.20000	-0.00825
428.30000	-0.01738
428.40000	-0.02654
428.50000	-0.03572
428.60000	-0.04492
428.70000	-0.05412
428.80000	-0.06333
428.90000	-0.07252
429.00000	-0.08170
429.10000	-0.09086
429.20000	-0.09998
429.30000	-0.10906
429.40000	-0.11810
429.50000	-0.12709
429.60000	-0.13601
429.70000	-0.14487
429.80000	-0.15366
429.90000	-0.16237
430.00000	-0.17099
430.10000	-0.17953
430.20000	-0.18798
430.30000	-0.19633
430.40000	-0.20459
430.50000	-0.21274
430.60000	-0.22079
430.70000	-0.22874
430.80000	-0.23659
430.90000	-0.24433
431.00000	-0.25196
431.10000	-0.25950
431.20000	-0.26694
431.30000	-0.27427
431.40000	-0.28151
431.50000	-0.28866
431.60000	-0.29572
431.70000	-0.30269
431.80000	-0.30958
431.90000	-0.31640
432.00000	-0.32313
432.10000	-0.32980
432.20000	-0.33641
432.30000	-0.34296
432.40000	-0.34945
432.50000	-0.35589
432.60000	-0.36229
432.70000	-0.36864
432.80000	-0.37496
432.90000	-0.38124
433.00000	-0.38749
433.10000	-0.39372
433.20000	-0.39992
433.30000	-0.40609
433.40000	-0.41225
433.50000	-0.41839
433.60000	-0.42451
433.70000	-0.43061
433.80000	-0.43669
433.90000	-0.44275
434.00000	-0.44880
434.10000	-0.45482
434.20000	-0.46081
434.30000	-0.46678
434.40000	-0.47271
434.50000	-0.47861
434.60000	-0.48447
434.70000	-0.49028
434.80000	-0.49605
434.90000	-0.50176
435.00000	-0.50741
435.10000	-0.51299
435.20000	-0.51849
435.30000	-0.52392
435.40000	-0.52926
435.50000	-0.53451
435.60000	-0.53965
435.70000	-0.54469
435.80000	-0.54962
435.90000	-0.55443
436.00000	-0.55911
436.10000	-0.56366
436.20000	-0.56807
436.30000	-0.57234
436.40000	-0.57646
436.50000	-0.58043
436.60000	-0.58425
436.70000	-0.58790
436.80000	-0.59139
436.90000	-0.59472
437.00000	-0.59788
437.10000	-0.60087
437.20000	-0.60369
437.30000	-0.60634
437.40000	-0.60882
437.50000	-0.61113
437.60000	-0.61328
437.70000	-0.61526
437.80000	-0.61707
437.90000	-0.61873
438.00000	-0.62023
438.10000	-0.62157
438.20000	-0.62277
438.30000	-0.62382
438.40000	-0.62473
438.50000	-0.62550
438.60000	-0.62615
438.70000	-0.62667
438.80000	-0.62707
438.90000	-0.62735
439.00000	-0.62753
439.10000	-0.62760
439.20000	-0.62758
439.30000	-0.62746
439.40000	-0.62725
439.50000	-0.62696
439.60000	-0.62660
439.70000	-0.62615
439.80000	-0.62564
439.90000	-0.62506
440.00000	-0.62441
440.10000	-0.62370
440.20000	-0.62293
440.30000	-0.62210
440.40000	-0.62121
440.50000	-0.62027
440.60000	-0.61927
440.70000	-0.61821
440.80000	-0.61709
440.90000	-0.61591
441.00000	-0.61467
441.10000	-0.61337
441.20000	-0.61200
441.30000	-0.61055
441.40000	-0.60904
441.50000	-0.60744
441.60000	-0.60577
441.70000	-0.60400
441.80000	-0.60215
441.90000	-0.60020
442.00000	-0.59815
442.10000	-0.59599
442.20000	-0.59372
442.30000	-0.59134
442.40000	-0.58884
442.50000	-0.58621
442.60000	-0.58345
442.70000	-0.58056
442.80000	-0.57753
442.90000	-0.57436
443.00000	-0.57105
443.10000	-0.56759
443.20000	-0.56397
443.30000	-0.56021
443.40000	-0.55629
443.50000	-0.55221
443.60000	-0.54798
443.70000	-0.54360
443.80000	-0.53906
443.90000	-0.53436
444.00000	-0.52951
444.10000	-0.52451
444.20000	-0.51936
444.30000	-0.51407
444.40000	-0.50863
444.50000	-0.50306
444.60000	-0.49735
444.70000	-0.49152
444.80000	-0.48556
444.90000	-0.47948
445.00000	-0.47328
445.10000	-0.46698
445.20000	-0.46058
445.30000	-0.45409
445.40000	-0.44750
445.50000	-0.44084
445.60000	-0.43409
445.70000	-0.42728
445.80000	-0.42041
445.90000	-0.41347
446.00000	-0.40649
446.10000	-0.39946
446.20000	-0.39239
446.30000	-0.38529
446.40000	-0.37816
446.50000	-0.37100
446.60000	-0.36381
446.70000	-0.35661
446.80000	-0.34940
446.90000	-0.34217
447.00000	-0.33493
447.10000	-0.32769
447.20000	-0.32044
447.30000	-0.31318
447.40000	-0.30591
447.50000	-0.29864
447.60000	-0.29136
447.70000	-0.28408
447.80000	-0.27678
447.90000	-0.26948
448.00000	-0.26216
448.10000	-0.25482
448.20000	-0.24747
448.30000	-0.24009
448.40000	-0.23269
448.50000	-0.22527
448.60000	-0.21781
448.70000	-0.21031
448.80000	-0.20278
448.90000	-0.19520
449.00000	-0.18758
449.10000	-0.17991
449.20000	-0.17219
449.30000	-0.16441
449.40000	-0.15657
449.50000	-0.14867
449.60000	-0.14071
449.70000	-0.13268
449.80000	-0.12459
449.90000	-0.11642
450.00000	-0.10819
450.10000	-0.09989
450.20000	-0.09152
450.30000	-0.08309
450.40000	-0.07458
450.50000	-0.06601
450.60000	-0.05738
450.70000	-0.04868
450.80000	-0.03993
450.90000	-0.03112
451.00000	-0.02226
451.10000	-0.01336
451.20000	-0.00441
451.30000	0.00457
451.40000	0.01358
451.50000	0.02262
451.60000	0.03168
451.70000	0.04075
451.80000	0.04983
451.90000	0.05892
452.00000	0.06799
452.10000	0.07706
452.20000	0.08610
452.30000	0.09512
452.40000	0.10411
452.50000	0.11306
452.60000	0.12197
452.70000	0.13083
452.80000	0.13964
452.90000	0.14838
453.00000	0.15706
453.10000	0.16567
453.20000	0.17421
453.30000	0.18267
453.40000	0.19104
453.50000	0.19934
453.60000	0.20755
453.70000	0.21567
453.80000	0.22370
453.90000	0.23164
454.00000	0.23949
454.10000	0.24724
454.20000	0.25491
454.30000	0.26249
454.40000	0.26997
454.50000	0.27737
454.60000	0.28469
454.70000	0.29192
454.80000	0.29906
454.90000	0.30614
455.00000	0.31313
455.10000	0.32005
455.20000	0.32691
455.30000	0.33370
455.40000	0.34042
455.50000	0.34709
455.60000	0.35370
455.70000	0.36026
455.80000	0.36677
455.90000	0.37324
456.00000	0.37966
456.10000	0.38604
456.20000	0.39239
456.30000	0.39870
456.40000	0.40497
456.50000	0.41121
456.60000	0.41742
456.70000	0.42360
456.80000	0.42975
456.90000	0.43587
457.00000	0.44195
457.10000	0.44801
457.20000	0.45403
457.30000	0.46001
457.40000	0.46595
457.50000	0.47185
457.60000	0.47771
457.70000	0.48352
457.80000	0.48928
457.90000	0.49498
458.00000	0.50062
458.10000	0.50620
458.20000	0.51170
458.30000	0.51713
458.40000	0.52248
458.50000	0.52775
458.60000	0.53292
458.70000	0.53799
458.80000	0.54297
458.90000	0.54783
459.00000	0.55258
459.10000	0.55722
459.20000	0.56173
459.30000	0.56611
459.40000	0.57036
459.50000	0.57448
459.60000	0.57845
459.70000	0.58228
459.80000	0.58596
459.90000	0.58949
460.00000	0.59287
460.10000	0.59609
460.20000	0.59916
460.30000	0.60207
460.40000	0.60483
460.50000	0.60742
460.60000	0.60986
460.70000	0.61214
460.80000	0.61427
460.90000	0.61624
461.00000	0.61806
461.10000	0.61973
461.20000	0.62125
461.30000	0.62263
461.40000	0.62386
461.50000	0.62496
461.60000	0.62593
461.70000	0.62676
461.80000	0.62747
461.90000	0.62806
462.00000	0.62854
462.10000	0.62889
462.20000	0.62915
462.30000	0.62929
462.40000	0.62934
462.50000	0.62929
462.60000	0.62914
462.70000	0.62891
462.80000	0.62860
462.90000	0.62820
463.00000	0.62772
463.10000	0.62716
463.20000	0.62653
463.30000	0.62583
463.40000	0.62506
463.50000	0.62421
463.60000	0.62330
463.70000	0.62232
463.80000	0.62126
463.90000	0.62014
464.00000	0.61895
464.10000	0.61768
464.20000	0.61634
464.30000	0.61492
464.40000	0.61343
464.50000	0.61185
464.60000	0.61020
464.70000	0.60845
464.80000	0.60662
464.90000	0.60469
465.00000	0.60266
465.10000	0.60054
465.20000	0.59831
465.30000	0.59597
465.40000	0.59352
465.50000	0.59095
465.60000	0.58826
465.70000	0.58545
465.80000	0.58251
465.90000	0.57945
466.00000	0.57625
466.10000	0.57291
466.20000	0.56944
466.30000	0.56583
466.40000	0.56207
466.50000	0.55818
466.60000	0.55413
466.70000	0.54995
466.80000	0.54562
466.90000	0.54114
467.00000	0.53653
467.10000	0.53177
467.20000	0.52686
467.30000	0.52182
467.40000	0.51665
467.50000	0.51133
467.60000	0.50589
467.70000	0.50032
467.80000	0.49463
467.90000	0.48882
468.00000	0.48289
468.10000	0.47685
468.20000	0.47070
468.30000	0.46446
468.40000	0.45811
468.50000	0.45168
468.60000	0.44516
468.70000	0.43857
468.80000	0.43189
468.90000	0.42515
469.00000	0.41834
469.10000	0.41148
469.20000	0.40456
469.30000	0.39759
469.40000	0.39057
469.50000	0.38352
469.60000	0.37642
469.70000	0.36930
469.80000	0.36214
469.90000	0.35496
470.00000	0.34775
470.10000	0.34052
470.20000	0.33326
470.30000	0.32599
470.40000	0.31871
470.50000	0.31140
470.60000	0.30408
470.70000	0.29674
470.80000	0.28938
470.90000	0.28201
471.00000	0.27462
471.10000	0.26720
471.20000	0.25977
471.30000	0.25231
471.40000	0.24483
471.50000	0.23732
471.60000	0.22978
471.70000	0.22221
471.80000	0.21460
471.90000	0.20696
472.00000	0.19927
472.10000	0.19154
472.20000	0.18377
472.30000	0.17595
472.40000	0.16809
472.50000	0.16017
472.60000	0.15219
472.70000	0.14416
472.80000	0.13608
472.90000	0.12793
473.00000	0.11973
473.10000	0.11147
473.20000	0.10316
473.30000	0.09478
473.40000	0.08634
473.50000	0.07785
473.60000	0.06930
473.70000	0.06070
473.80000	0.05205
473.90000	0.04334
474.00000	0.03459
474.10000	0.02580
474.20000	0.01697
474.30000	0.00810
474.40000	-0.00080
474.50000	-0.00972
474.60000	-0.01867
474.70000	-0.02764
474.80000	-0.03662
474.90000	-0.04560
475.00000	-0.05459
475.10000	-0.06358
475.20000	-0.07255
475.30000	-0.08151
475.40000	-0.09045
475.50000	-0.09937
475.60000	-0.10825
475.70000	-0.11710
475.80000	-0.12591
475.90000	-0.13467
476.00000	-0.14338
476.10000	-0.15204
476.20000	-0.16064
476.30000	-0.16917
476.40000	-0.17764
476.50000	-0.18604
476.60000	-0.19437
476.70000	-0.20262
476.80000	-0.21080
476.90000	-0.21889
477.00000	-0.22691
477.10000	-0.23485
477.20000	-0.24270
477.30000	-0.25047
477.40000	-0.25816
477.50000	-0.26577
477.60000	-0.27330
477.70000	-0.28075
477.80000	-0.28813
477.90000	-0.29542
478.00000	-0.30264
478.10000	-0.30979
478.20000	-0.31687
478.30000	-0.32388
478.40000	-0.33082
478.50000	-0.33770
478.60000	-0.34452
478.70000	-0.35128
478.80000	-0.35799
478.90000	-0.36464
479.00000	-0.37123
479.10000	-0.37778
479.20000	-0.38428
479.30000	-0.39074
479.40000	-0.39715
479.50000	-0.40352
479.60000	-0.40984
479.70000	-0.41613
479.80000	-0.42237
479.90000	-0.42857
480.00000	-0.43474
480.10000	-0.44086
480.20000	-0.44693
480.30000	-0.45297
480.40000	-0.45896
480.50000	-0.46490
480.60000	-0.47079
480.70000	-0.47663
480.80000	-0.48241
480.90000	-0.48814
481.00000	-0.49381
481.10000	-0.49941
481.20000	-0.50494
481.30000	-0.51040
481.40000	-0.51578
481.50000	-0.52108
481.60000	-0.52629
481.70000	-0.53142
481.80000	-0.53645
481.90000	-0.54138
482.00000	-0.54620
482.10000	-0.55092
482.20000	-0.55553
482.30000	-0.56002
482.40000	-0.56438
482.50000	-0.56863
482.60000	-0.57274
482.70000	-0.57672
482.80000	-0.58057
482.90000	-0.58428
483.00000	-0.58785
483.10000	-0.59128
483.20000	-0.59456
483.30000	-0.59770
483.40000	-0.60069
483.50000	-0.60353
483.60000	-0.60622
483.70000	-0.60877
483.80000	-0.61117
483.90000	-0.61342
484.00000	-0.61552
484.10000	-0.61748
484.20000	-0.61929
484.30000	-0.62096
484.40000	-0.62250
484.50000	-0.62389
484.60000	-0.62515
484.70000	-0.62628
484.80000	-0.62728
484.90000	-0.62816
485.00000	-0.62891
485.10000	-0.62955
485.20000	-0.63007
485.30000	-0.63047
485.40000	-0.63077
485.50000	-0.63096
485.60000	-0.63105
485.70000	-0.63104
485.80000	-0.63094
485.90000	-0.63074
486.00000	-0.63045
486.10000	-0.63007
486.20000	-0.62961
486.30000	-0.62906
486.40000	-0.62842
486.50000	-0.62771
486.60000	-0.62692
486.70000	-0.62605
486.80000	-0.62509
486.90000	-0.62406
487.00000	-0.62295
487.10000	-0.62176
487.20000	-0.62049
487.30000	-0.61914
487.40000	-0.61770
487.50000	-0.61618
487.60000	-0.61458
487.70000	-0.61288
487.80000	-0.61109
487.90000	-0.60922
488.00000	-0.60724
488.10000	-0.60517
488.20000	-0.60299
488.30000	-0.60071
488.40000	-0.59832
488.50000	-0.59583
488.60000	-0.59322
488.70000	-0.59049
488.80000	-0.58764
488.90000	-0.58468
489.00000	-0.58159
489.10000	-0.57837
489.20000	-0.57502
489.30000	-0.57155
489.40000	-0.56794
489.50000	-0.56420
489.60000	-0.56032
489.70000	-0.55631
489.80000	-0.55217
489.90000	-0.54788
490.00000	-0.54347
490.10000	-0.53891
490.20000	-0.53423
490.30000	-0.52941
490.40000	-0.52446
490.50000	-0.51937
490.60000	-0.51417
490.70000	-0.50883
490.80000	-0.50338
490.90000	-0.49780
491.00000	-0.49211
491.10000	-0.48631
491.20000	-0.48040
491.30000	-0.47438
491.40000	-0.46827
491.50000	-0.46205
491.60000	-0.45575
491.70000	-0.44936
491.80000	-0.44288
491.90000	-0.43633
492.00000	-0.42970
492.10000	-0.42300
492.20000	-0.41624
492.30000	-0.40942
492.40000	-0.40253
492.50000	-0.39560
492.60000	-0.38861
492.70000	-0.38158
492.80000	-0.37451
492.90000	-0.36740
493.00000	-0.36025
493.10000	-0.35306
493.20000	-0.34584
493.30000	-0.33860
493.40000	-0.33132
493.50000	-0.32402
493.60000	-0.31669
493.70000	-0.30933
493.80000	-0.30195
493.90000	-0.29455
494.00000	-0.28712
494.10000	-0.27966
494.20000	-0.27218
494.30000	-0.26467
494.40000	-0.25714
494.50000	-0.24957
494.60000	-0.24198
494.70000	-0.23435
494.80000	-0.22669
494.90000	-0.21899
495.00000	-0.21126
495.10000	-0.20349
495.20000	-0.19568
495.30000	-0.18782
495.40000	-0.17993
495.50000	-0.17198
495.60000	-0.16399
495.70000	-0.15596
495.80000	-0.14787
495.90000	-0.13974
496.00000	-0.13155
496.10000	-0.12331
496.20000	-0.11503
496.30000	-0.10669
496.40000	-0.09830
496.50000	-0.08986
496.60000	-0.08137
496.70000	-0.07283
496.80000	-0.06425
496.90000	-0.05562
497.00000	-0.04695
497.10000	-0.03824
497.20000	-0.02950
497.30000	-0.02072
497.40000	-0.01190
497.50000	-0.00307
497.60000	0.00580
497.70000	0.01468
497.80000	0.02358
497.90000	0.03249
498.00000	0.04140
498.10000	0.05032
498.20000	0.05923
498.30000	0.06814
498.40000	0.07704
498.50000	0.08592
498.60000	0.09478
498.70000	0.10361
498.80000	0.11242
498.90000	0.12118
499.00000	0.12991
499.10000	0.13860
499.20000	0.14724
499.30000	0.15583
499.40000	0.16437
499.50000	0.17284
499.60000	0.18126
499.70000	0.18961
499.80000	0.19790
499.90000	0.20613
500.00000	0.21428
