WSM
F3OF
DT1
PITCH
t(s)	PITCH(deg)
0.00000	-0.00000
0.10000	0.00093
0.20000	0.00434
0.30000	0.01127
0.40000	0.02245
0.50000	0.03819
0.60000	0.05843
0.70000	0.08285
0.80000	0.11112
0.90000	0.14295
1.00000	0.17815
1.10000	0.21652
1.20000	0.25789
1.30000	0.30200
1.40000	0.34851
1.50000	0.39698
1.60000	0.44694
1.70000	0.49785
1.80000	0.54920
1.90000	0.60045
2.00000	0.65109
2.10000	0.70061
2.20000	0.74850
2.30000	0.79429
2.40000	0.83752
2.50000	0.87774
2.60000	0.91455
2.70000	0.94758
2.80000	0.97649
2.90000	1.00099
3.00000	1.02083
3.10000	1.03579
3.20000	1.04571
3.30000	1.05044
3.40000	1.04991
3.50000	1.04408
3.60000	1.03294
3.70000	1.01655
3.80000	0.99499
3.90000	0.96842
4.00000	0.93702
4.10000	0.90103
4.20000	0.86074
4.30000	0.81647
4.40000	0.76861
4.50000	0.71756
4.60000	0.66378
4.70000	0.60774
4.80000	0.54994
4.90000	0.49090
5.00000	0.43117
5.10000	0.37127
5.20000	0.31174
5.30000	0.25312
5.40000	0.19590
5.50000	0.14059
5.60000	0.08765
5.70000	0.03752
5.80000	-0.00940
5.90000	-0.05275
6.00000	-0.09220
6.10000	-0.12747
6.20000	-0.15832
6.30000	-0.18455
6.40000	-0.20601
6.50000	-0.22259
6.60000	-0.23421
6.70000	-0.24086
6.80000	-0.24254
6.90000	-0.23931
7.00000	-0.23126
7.10000	-0.21854
7.20000	-0.20131
7.30000	-0.17978
7.40000	-0.15420
7.50000	-0.12485
7.60000	-0.09206
7.70000	-0.05615
7.80000	-0.01752
7.90000	0.02344
8.00000	0.06630
8.10000	0.11062
8.20000	0.15595
8.30000	0.20181
8.40000	0.24773
8.50000	0.29324
8.60000	0.33786
8.70000	0.38114
8.80000	0.42263
8.90000	0.46190
9.00000	0.49853
9.10000	0.53215
9.20000	0.56240
9.30000	0.58896
9.40000	0.61155
9.50000	0.62992
9.60000	0.64386
9.70000	0.65319
9.80000	0.65780
9.90000	0.65759
10.00000	0.65253
10.10000	0.64262
10.20000	0.62790
10.30000	0.60846
10.40000	0.58443
10.50000	0.55597
10.60000	0.52330
10.70000	0.48665
10.80000	0.44630
10.90000	0.40257
11.00000	0.35580
11.10000	0.30633
11.20000	0.25457
11.30000	0.20092
11.40000	0.14579
11.50000	0.08962
11.60000	0.03284
11.70000	-0.02410
11.80000	-0.08078
11.90000	-0.13674
12.00000	-0.19158
12.10000	-0.24487
12.20000	-0.29623
12.30000	-0.34526
12.40000	-0.39162
12.50000	-0.43497
12.60000	-0.47501
12.70000	-0.51146
12.80000	-0.54407
12.90000	-0.57265
13.00000	-0.59700
13.10000	-0.61699
13.20000	-0.63252
13.30000	-0.64350
13.40000	-0.64993
13.50000	-0.65179
13.60000	-0.64915
13.70000	-0.64208
13.80000	-0.63070
13.90000	-0.61517
14.00000	-0.59568
14.10000	-0.57246
14.20000	-0.54575
14.30000	-0.51586
14.40000	-0.48309
14.50000	-0.44778
14.60000	-0.41029
14.70000	-0.37101
14.80000	-0.33033
14.90000	-0.28866
15.00000	-0.24643
15.10000	-0.20406
15.20000	-0.16199
15.30000	-0.12064
15.40000	-0.08044
15.50000	-0.04180
15.60000	-0.00514
15.70000	0.02917
15.80000	0.06075
15.90000	0.08925
16.00000	0.11437
16.10000	0.13580
16.20000	0.15330
16.30000	0.16665
16.40000	0.17565
16.50000	0.18018
16.60000	0.18014
16.70000	0.17546
16.80000	0.16613
16.90000	0.15220
17.00000	0.13373
17.10000	0.11084
17.20000	0.08371
17.30000	0.05253
17.40000	0.01754
17.50000	-0.02097
17.60000	-0.06269
17.70000	-0.10728
17.80000	-0.15436
17.90000	-0.20354
18.00000	-0.25440
18.10000	-0.30652
18.20000	-0.35945
18.30000	-0.41274
18.40000	-0.46593
18.50000	-0.51858
18.60000	-0.57023
18.70000	-0.62046
18.80000	-0.66884
18.90000	-0.71495
19.00000	-0.75843
19.10000	-0.79891
19.20000	-0.83605
19.30000	-0.86957
19.40000	-0.89920
19.50000	-0.92470
19.60000	-0.94589
19.70000	-0.96262
19.80000	-0.97477
19.90000	-0.98229
20.00000	-0.98515
20.10000	-0.98336
20.20000	-0.97699
20.30000	-0.96613
20.40000	-0.95093
20.50000	-0.93155
20.60000	-0.90822
20.70000	-0.88119
20.80000	-0.85072
20.90000	-0.81713
21.00000	-0.78074
21.10000	-0.74193
21.20000	-0.70105
21.30000	-0.65850
21.40000	-0.61469
21.50000	-0.57002
21.60000	-0.52491
21.70000	-0.47978
21.80000	-0.43504
21.90000	-0.39111
22.00000	-0.34840
22.10000	-0.30728
22.20000	-0.26813
22.30000	-0.23130
22.40000	-0.19713
22.50000	-0.16592
22.60000	-0.13795
22.70000	-0.11346
22.80000	-0.09268
22.90000	-0.07577
23.00000	-0.06289
23.10000	-0.05414
23.20000	-0.04958
23.30000	-0.04926
23.40000	-0.05315
23.50000	-0.06121
23.60000	-0.07335
23.70000	-0.08946
23.80000	-0.10936
23.90000	-0.13287
24.00000	-0.15976
24.10000	-0.18977
24.20000	-0.22261
24.30000	-0.25799
24.40000	-0.29555
24.50000	-0.33495
24.60000	-0.37582
24.70000	-0.41778
24.80000	-0.46044
24.90000	-0.50340
25.00000	-0.54626
25.10000	-0.58863
25.20000	-0.63010
25.30000	-0.67030
25.40000	-0.70885
25.50000	-0.74538
25.60000	-0.77957
25.70000	-0.81110
25.80000	-0.83965
25.90000	-0.86497
26.00000	-0.88682
26.10000	-0.90497
26.20000	-0.91927
26.30000	-0.92955
26.40000	-0.93571
26.50000	-0.93768
26.60000	-0.93541
26.70000	-0.92892
26.80000	-0.91822
26.90000	-0.90341
27.00000	-0.88458
27.10000	-0.86187
27.20000	-0.83547
27.30000	-0.80558
27.40000	-0.77244
27.50000	-0.73631
27.60000	-0.69749
27.70000	-0.65630
27.80000	-0.61306
27.90000	-0.56813
28.00000	-0.52187
28.10000	-0.47468
28.20000	-0.42692
28.30000	-0.37899
28.40000	-0.33129
28.50000	-0.28419
28.60000	-0.23808
28.70000	-0.19334
28.80000	-0.15031
28.90000	-0.10934
29.00000	-0.07075
29.10000	-0.03485
29.20000	-0.00190
29.30000	0.02785
29.40000	0.05418
29.50000	0.07690
29.60000	0.09587
29.70000	0.11096
29.80000	0.12210
29.90000	0.12924
30.00000	0.13237
30.10000	0.13152
30.20000	0.12676
30.30000	0.11819
30.40000	0.10594
30.50000	0.09019
30.60000	0.07113
30.70000	0.04901
30.80000	0.02408
30.90000	-0.00338
31.00000	-0.03305
31.10000	-0.06460
31.20000	-0.09769
31.30000	-0.13196
31.40000	-0.16703
31.50000	-0.20254
31.60000	-0.23809
31.70000	-0.27330
31.80000	-0.30781
31.90000	-0.34124
32.00000	-0.37323
32.10000	-0.40343
32.20000	-0.43152
32.30000	-0.45719
32.40000	-0.48014
32.50000	-0.50013
32.60000	-0.51691
32.70000	-0.53028
32.80000	-0.54007
32.90000	-0.54613
33.00000	-0.54836
33.10000	-0.54668
33.20000	-0.54106
33.30000	-0.53149
33.40000	-0.51801
33.50000	-0.50068
33.60000	-0.47962
33.70000	-0.45494
33.80000	-0.42683
33.90000	-0.39548
34.00000	-0.36111
34.10000	-0.32398
34.20000	-0.28437
34.30000	-0.24258
34.40000	-0.19893
34.50000	-0.15374
34.60000	-0.10737
34.70000	-0.06018
34.80000	-0.01253
34.90000	0.03522
35.00000	0.08270
35.10000	0.12954
35.20000	0.17538
35.30000	0.21988
35.40000	0.26271
35.50000	0.30355
35.60000	0.34210
35.70000	0.37807
35.80000	0.41122
35.90000	0.44131
36.00000	0.46816
36.10000	0.49157
36.20000	0.51143
36.30000	0.52761
36.40000	0.54004
36.50000	0.54869
36.60000	0.55355
36.70000	0.55464
36.80000	0.55202
36.90000	0.54579
37.00000	0.53608
37.10000	0.52303
37.20000	0.50684
37.30000	0.48772
37.40000	0.46590
37.50000	0.44165
37.60000	0.41526
37.70000	0.38701
37.80000	0.35723
37.90000	0.32625
38.00000	0.29440
38.10000	0.26203
38.20000	0.22949
38.30000	0.19712
38.40000	0.16528
38.50000	0.13430
38.60000	0.10451
38.70000	0.07623
38.80000	0.04978
38.90000	0.02542
39.00000	0.00344
39.10000	-0.01593
39.20000	-0.03246
39.30000	-0.04596
39.40000	-0.05626
39.50000	-0.06323
39.60000	-0.06676
39.70000	-0.06677
39.80000	-0.06323
39.90000	-0.05612
40.00000	-0.04546
40.10000	-0.03132
40.20000	-0.01378
40.30000	0.00705
40.40000	0.03102
40.50000	0.05795
40.60000	0.08764
40.70000	0.11986
40.80000	0.15436
40.90000	0.19087
41.00000	0.22911
41.10000	0.26876
41.20000	0.30951
41.30000	0.35103
41.40000	0.39299
41.50000	0.43504
41.60000	0.47686
41.70000	0.51809
41.80000	0.55841
41.90000	0.59749
42.00000	0.63502
42.10000	0.67070
42.20000	0.70425
42.30000	0.73539
42.40000	0.76389
42.50000	0.78953
42.60000	0.81211
42.70000	0.83147
42.80000	0.84746
42.90000	0.85998
43.00000	0.86896
43.10000	0.87433
43.20000	0.87610
43.30000	0.87428
43.40000	0.86891
43.50000	0.86008
43.60000	0.84790
43.70000	0.83250
43.80000	0.81406
43.90000	0.79276
44.00000	0.76883
44.10000	0.74250
44.20000	0.71404
44.30000	0.68371
44.40000	0.65183
44.50000	0.61868
44.60000	0.58459
44.70000	0.54989
44.80000	0.51489
44.90000	0.47993
45.00000	0.44533
45.10000	0.41141
45.20000	0.37849
45.30000	0.34688
45.40000	0.31685
45.50000	0.28870
45.60000	0.26267
45.70000	0.23900
45.80000	0.21791
45.90000	0.19958
46.00000	0.18418
46.10000	0.17184
46.20000	0.16268
46.30000	0.15676
46.40000	0.15414
46.50000	0.15483
46.60000	0.15881
46.70000	0.16605
46.80000	0.17647
46.90000	0.18995
47.00000	0.20638
47.10000	0.22558
47.20000	0.24737
47.30000	0.27155
47.40000	0.29787
47.50000	0.32610
47.60000	0.35595
47.70000	0.38714
47.80000	0.41938
47.90000	0.45236
48.00000	0.48577
48.10000	0.51929
48.20000	0.55259
48.30000	0.58537
48.40000	0.61731
48.50000	0.64810
48.60000	0.67745
48.70000	0.70508
48.80000	0.73072
48.90000	0.75413
49.00000	0.77507
49.10000	0.79334
49.20000	0.80876
49.30000	0.82116
49.40000	0.83043
49.50000	0.83646
49.60000	0.83917
49.70000	0.83852
49.80000	0.83450
49.90000	0.82712
50.00000	0.81643
50.10000	0.80250
50.20000	0.78543
50.30000	0.76536
50.40000	0.74243
50.50000	0.71684
50.60000	0.68877
50.70000	0.65846
50.80000	0.62614
50.90000	0.59208
51.00000	0.55655
51.10000	0.51983
51.20000	0.48222
51.30000	0.44401
51.40000	0.40552
51.50000	0.36704
51.60000	0.32888
51.70000	0.29135
51.80000	0.25472
51.90000	0.21929
52.00000	0.18533
52.10000	0.15309
52.20000	0.12281
52.30000	0.09471
52.40000	0.06900
52.50000	0.04585
52.60000	0.02541
52.70000	0.00782
52.80000	-0.00683
52.90000	-0.01845
53.00000	-0.02700
53.10000	-0.03246
53.20000	-0.03484
53.30000	-0.03417
53.40000	-0.03052
53.50000	-0.02398
53.60000	-0.01466
53.70000	-0.00271
53.80000	0.01171
53.90000	0.02840
54.00000	0.04716
54.10000	0.06777
54.20000	0.08997
54.30000	0.11351
54.40000	0.13812
54.50000	0.16352
54.60000	0.18942
54.70000	0.21553
54.80000	0.24156
54.90000	0.26722
55.00000	0.29221
55.10000	0.31626
55.20000	0.33909
55.30000	0.36044
55.40000	0.38006
55.50000	0.39772
55.60000	0.41320
55.70000	0.42630
55.80000	0.43685
55.90000	0.44470
56.00000	0.44973
56.10000	0.45182
56.20000	0.45090
56.30000	0.44693
56.40000	0.43989
56.50000	0.42977
56.60000	0.41662
56.70000	0.40049
56.80000	0.38148
56.90000	0.35969
57.00000	0.33527
57.10000	0.30837
57.20000	0.27918
57.30000	0.24790
57.40000	0.21476
57.50000	0.18000
57.60000	0.14386
57.70000	0.10661
57.80000	0.06853
57.90000	0.02990
58.00000	-0.00900
58.10000	-0.04788
58.20000	-0.08645
58.30000	-0.12442
58.40000	-0.16153
58.50000	-0.19749
58.60000	-0.23206
58.70000	-0.26499
58.80000	-0.29604
58.90000	-0.32500
59.00000	-0.35169
59.10000	-0.37592
59.20000	-0.39755
59.30000	-0.41644
59.40000	-0.43251
59.50000	-0.44566
59.60000	-0.45586
59.70000	-0.46307
59.80000	-0.46731
59.90000	-0.46859
60.00000	-0.46698
60.10000	-0.46257
60.20000	-0.45545
60.30000	-0.44576
60.40000	-0.43365
60.50000	-0.41929
60.60000	-0.40289
60.70000	-0.38465
60.80000	-0.36480
60.90000	-0.34359
61.00000	-0.32126
61.10000	-0.29808
61.20000	-0.27432
61.30000	-0.25025
61.40000	-0.22614
61.50000	-0.20227
61.60000	-0.17891
61.70000	-0.15633
61.80000	-0.13478
61.90000	-0.11450
62.00000	-0.09574
62.10000	-0.07871
62.20000	-0.06361
62.30000	-0.05063
62.40000	-0.03993
62.50000	-0.03166
62.60000	-0.02593
62.70000	-0.02284
62.80000	-0.02246
62.90000	-0.02484
63.00000	-0.03000
63.10000	-0.03794
63.20000	-0.04862
63.30000	-0.06199
63.40000	-0.07797
63.50000	-0.09646
63.60000	-0.11733
63.70000	-0.14043
63.80000	-0.16559
63.90000	-0.19264
64.00000	-0.22136
64.10000	-0.25153
64.20000	-0.28293
64.30000	-0.31530
64.40000	-0.34841
64.50000	-0.38198
64.60000	-0.41576
64.70000	-0.44948
64.80000	-0.48288
64.90000	-0.51569
65.00000	-0.54767
65.10000	-0.57855
65.20000	-0.60810
65.30000	-0.63610
65.40000	-0.66232
65.50000	-0.68657
65.60000	-0.70867
65.70000	-0.72846
65.80000	-0.74579
65.90000	-0.76054
66.00000	-0.77261
66.10000	-0.78194
66.20000	-0.78846
66.30000	-0.79216
66.40000	-0.79303
66.50000	-0.79109
66.60000	-0.78640
66.70000	-0.77902
66.80000	-0.76905
66.90000	-0.75660
67.00000	-0.74182
67.10000	-0.72485
67.20000	-0.70588
67.30000	-0.68510
67.40000	-0.66272
67.50000	-0.63895
67.60000	-0.61404
67.70000	-0.58821
67.80000	-0.56173
67.90000	-0.53484
68.00000	-0.50780
68.10000	-0.48087
68.20000	-0.45429
68.30000	-0.42833
68.40000	-0.40321
68.50000	-0.37917
68.60000	-0.35644
68.70000	-0.33523
68.80000	-0.31572
68.90000	-0.29810
69.00000	-0.28253
69.10000	-0.26914
69.20000	-0.25806
69.30000	-0.24938
69.40000	-0.24318
69.50000	-0.23951
69.60000	-0.23839
69.70000	-0.23983
69.80000	-0.24381
69.90000	-0.25029
70.00000	-0.25919
70.10000	-0.27043
70.20000	-0.28389
70.30000	-0.29945
70.40000	-0.31695
70.50000	-0.33622
70.60000	-0.35707
70.70000	-0.37931
70.80000	-0.40271
70.90000	-0.42706
71.00000	-0.45211
71.10000	-0.47763
71.20000	-0.50337
71.30000	-0.52909
71.40000	-0.55453
71.50000	-0.57944
71.60000	-0.60360
71.70000	-0.62675
71.80000	-0.64868
71.90000	-0.66917
72.00000	-0.68801
72.10000	-0.70501
72.20000	-0.72001
72.30000	-0.73285
72.40000	-0.74339
72.50000	-0.75152
72.60000	-0.75714
72.70000	-0.76018
72.80000	-0.76059
72.90000	-0.75834
73.00000	-0.75344
73.10000	-0.74589
73.20000	-0.73575
73.30000	-0.72308
73.40000	-0.70797
73.50000	-0.69052
73.60000	-0.67087
73.70000	-0.64916
73.80000	-0.62556
73.90000	-0.60026
74.00000	-0.57343
74.10000	-0.54530
74.20000	-0.51609
74.30000	-0.48601
74.40000	-0.45530
74.50000	-0.42421
74.60000	-0.39296
74.70000	-0.36181
74.80000	-0.33099
74.90000	-0.30073
75.00000	-0.27126
75.10000	-0.24281
75.20000	-0.21557
75.30000	-0.18975
75.40000	-0.16553
75.50000	-0.14308
75.60000	-0.12255
75.70000	-0.10406
75.80000	-0.08774
75.90000	-0.07368
76.00000	-0.06194
76.10000	-0.05259
76.20000	-0.04563
76.30000	-0.04109
76.40000	-0.03895
76.50000	-0.03916
76.60000	-0.04168
76.70000	-0.04640
76.80000	-0.05325
76.90000	-0.06209
77.00000	-0.07278
77.10000	-0.08518
77.20000	-0.09911
77.30000	-0.11438
77.40000	-0.13081
77.50000	-0.14818
77.60000	-0.16628
77.70000	-0.18488
77.80000	-0.20377
77.90000	-0.22271
78.00000	-0.24147
78.10000	-0.25983
78.20000	-0.27757
78.30000	-0.29446
78.40000	-0.31030
78.50000	-0.32489
78.60000	-0.33803
78.70000	-0.34956
78.80000	-0.35932
78.90000	-0.36714
79.00000	-0.37292
79.10000	-0.37654
79.20000	-0.37791
79.30000	-0.37696
79.40000	-0.37364
79.50000	-0.36793
79.60000	-0.35981
79.70000	-0.34931
79.80000	-0.33646
79.90000	-0.32131
80.00000	-0.30394
80.10000	-0.28446
80.20000	-0.26298
80.30000	-0.23962
80.40000	-0.21455
80.50000	-0.18792
80.60000	-0.15992
80.70000	-0.13074
80.80000	-0.10057
80.90000	-0.06963
81.00000	-0.03813
81.10000	-0.00630
81.20000	0.02565
81.30000	0.05748
81.40000	0.08899
81.50000	0.11994
81.60000	0.15013
81.70000	0.17935
81.80000	0.20740
81.90000	0.23409
82.00000	0.25926
82.10000	0.28274
82.20000	0.30438
82.30000	0.32407
82.40000	0.34168
82.50000	0.35713
82.60000	0.37035
82.70000	0.38128
82.80000	0.38989
82.90000	0.39617
83.00000	0.40013
83.10000	0.40180
83.20000	0.40124
83.30000	0.39851
83.40000	0.39370
83.50000	0.38692
83.60000	0.37829
83.70000	0.36796
83.80000	0.35609
83.90000	0.34283
84.00000	0.32838
84.10000	0.31292
84.20000	0.29666
84.30000	0.27979
84.40000	0.26254
84.50000	0.24511
84.60000	0.22771
84.70000	0.21057
84.80000	0.19389
84.90000	0.17787
85.00000	0.16271
85.10000	0.14861
85.20000	0.13575
85.30000	0.12428
85.40000	0.11437
85.50000	0.10615
85.60000	0.09975
85.70000	0.09527
85.80000	0.09280
85.90000	0.09241
86.00000	0.09415
86.10000	0.09805
86.20000	0.10411
86.30000	0.11234
86.40000	0.12269
86.50000	0.13512
86.60000	0.14956
86.70000	0.16592
86.80000	0.18409
86.90000	0.20395
87.00000	0.22537
87.10000	0.24818
87.20000	0.27223
87.30000	0.29734
87.40000	0.32331
87.50000	0.34997
87.60000	0.37709
87.70000	0.40448
87.80000	0.43193
87.90000	0.45923
88.00000	0.48618
88.10000	0.51255
88.20000	0.53817
88.30000	0.56282
88.40000	0.58634
88.50000	0.60853
88.60000	0.62924
88.70000	0.64832
88.80000	0.66563
88.90000	0.68105
89.00000	0.69448
89.10000	0.70582
89.20000	0.71502
89.30000	0.72202
89.40000	0.72678
89.50000	0.72931
89.60000	0.72960
89.70000	0.72768
89.80000	0.72361
89.90000	0.71744
90.00000	0.70926
90.10000	0.69917
90.20000	0.68728
90.30000	0.67372
90.40000	0.65865
90.50000	0.64221
90.60000	0.62457
90.70000	0.60592
90.80000	0.58644
90.90000	0.56632
91.00000	0.54576
91.10000	0.52495
91.20000	0.50410
91.30000	0.48340
91.40000	0.46306
91.50000	0.44326
91.60000	0.42419
91.70000	0.40603
91.80000	0.38894
91.90000	0.37309
92.00000	0.35862
92.10000	0.34566
92.20000	0.33433
92.30000	0.32472
92.40000	0.31693
92.50000	0.31102
92.60000	0.30703
92.70000	0.30501
92.80000	0.30496
92.90000	0.30688
93.00000	0.31074
93.10000	0.31649
93.20000	0.32409
93.30000	0.33344
93.40000	0.34446
93.50000	0.35703
93.60000	0.37104
93.70000	0.38634
93.80000	0.40278
93.90000	0.42020
94.00000	0.43843
94.10000	0.45729
94.20000	0.47660
94.30000	0.49617
94.40000	0.51581
94.50000	0.53532
94.60000	0.55451
94.70000	0.57320
94.80000	0.59120
94.90000	0.60832
95.00000	0.62440
95.10000	0.63927
95.20000	0.65277
95.30000	0.66478
95.40000	0.67515
95.50000	0.68378
95.60000	0.69056
95.70000	0.69541
95.80000	0.69826
95.90000	0.69908
96.00000	0.69781
96.10000	0.69445
96.20000	0.68901
96.30000	0.68150
96.40000	0.67197
96.50000	0.66048
96.60000	0.64709
96.70000	0.63190
96.80000	0.61501
96.90000	0.59655
97.00000	0.57665
97.10000	0.55545
97.20000	0.53310
97.30000	0.50979
97.40000	0.48567
97.50000	0.46093
97.60000	0.43575
97.70000	0.41032
97.80000	0.38483
97.90000	0.35947
98.00000	0.33441
98.10000	0.30985
98.20000	0.28596
98.30000	0.26291
98.40000	0.24085
98.50000	0.21995
98.60000	0.20034
98.70000	0.18215
98.80000	0.16549
98.90000	0.15046
99.00000	0.13714
99.10000	0.12560
99.20000	0.11589
99.30000	0.10805
99.40000	0.10209
99.50000	0.09800
99.60000	0.09577
99.70000	0.09536
99.80000	0.09672
99.90000	0.09978
100.00000	0.10445
100.10000	0.11063
100.20000	0.11822
100.30000	0.12707
100.40000	0.13705
100.50000	0.14801
100.60000	0.15980
100.70000	0.17225
100.80000	0.18519
100.90000	0.19844
101.00000	0.21183
101.10000	0.22517
101.20000	0.23828
101.30000	0.25099
101.40000	0.26313
101.50000	0.27452
101.60000	0.28501
101.70000	0.29445
101.80000	0.30268
101.90000	0.30958
102.00000	0.31502
102.10000	0.31890
102.20000	0.32113
102.30000	0.32163
102.40000	0.32033
102.50000	0.31718
102.60000	0.31217
102.70000	0.30527
102.80000	0.29648
102.90000	0.28584
103.00000	0.27336
103.10000	0.25912
103.20000	0.24317
103.30000	0.22559
103.40000	0.20650
103.50000	0.18600
103.60000	0.16420
103.70000	0.14126
103.80000	0.11731
103.90000	0.09250
104.00000	0.06701
104.10000	0.04098
104.20000	0.01460
104.30000	-0.01196
104.40000	-0.03852
104.50000	-0.06492
104.60000	-0.09097
104.70000	-0.11651
104.80000	-0.14138
104.90000	-0.16541
105.00000	-0.18845
105.10000	-0.21037
105.20000	-0.23103
105.30000	-0.25032
105.40000	-0.26811
105.50000	-0.28433
105.60000	-0.29890
105.70000	-0.31174
105.80000	-0.32281
105.90000	-0.33207
106.00000	-0.33951
106.10000	-0.34513
106.20000	-0.34894
106.30000	-0.35098
106.40000	-0.35128
106.50000	-0.34992
106.60000	-0.34696
106.70000	-0.34251
106.80000	-0.33665
106.90000	-0.32952
107.00000	-0.32122
107.10000	-0.31191
107.20000	-0.30172
107.30000	-0.29081
107.40000	-0.27933
107.50000	-0.26745
107.60000	-0.25533
107.70000	-0.24314
107.80000	-0.23104
107.90000	-0.21920
108.00000	-0.20778
108.10000	-0.19694
108.20000	-0.18683
108.30000	-0.17759
108.40000	-0.16936
108.50000	-0.16227
108.60000	-0.15642
108.70000	-0.15193
108.80000	-0.14887
108.90000	-0.14734
109.00000	-0.14738
109.10000	-0.14905
109.20000	-0.15238
109.30000	-0.15739
109.40000	-0.16407
109.50000	-0.17241
109.60000	-0.18238
109.70000	-0.19394
109.80000	-0.20702
109.90000	-0.22154
110.00000	-0.23743
110.10000	-0.25458
110.20000	-0.27287
110.30000	-0.29219
110.40000	-0.31239
110.50000	-0.33334
110.60000	-0.35489
110.70000	-0.37688
110.80000	-0.39916
110.90000	-0.42156
111.00000	-0.44391
111.10000	-0.46606
111.20000	-0.48785
111.30000	-0.50911
111.40000	-0.52968
111.50000	-0.54943
111.60000	-0.56820
111.70000	-0.58587
111.80000	-0.60230
111.90000	-0.61740
112.00000	-0.63105
112.10000	-0.64316
112.20000	-0.65366
112.30000	-0.66249
112.40000	-0.66960
112.50000	-0.67495
112.60000	-0.67854
112.70000	-0.68035
112.80000	-0.68040
112.90000	-0.67872
113.00000	-0.67534
113.10000	-0.67034
113.20000	-0.66377
113.30000	-0.65572
113.40000	-0.64629
113.50000	-0.63558
113.60000	-0.62371
113.70000	-0.61081
113.80000	-0.59702
113.90000	-0.58247
114.00000	-0.56732
114.10000	-0.55172
114.20000	-0.53581
114.30000	-0.51977
114.40000	-0.50374
114.50000	-0.48788
114.60000	-0.47235
114.70000	-0.45728
114.80000	-0.44283
114.90000	-0.42913
115.00000	-0.41631
115.10000	-0.40448
115.20000	-0.39377
115.30000	-0.38425
115.40000	-0.37603
115.50000	-0.36917
115.60000	-0.36374
115.70000	-0.35978
115.80000	-0.35732
115.90000	-0.35637
116.00000	-0.35696
116.10000	-0.35905
116.20000	-0.36263
116.30000	-0.36765
116.40000	-0.37407
116.50000	-0.38180
116.60000	-0.39079
116.70000	-0.40092
116.80000	-0.41210
116.90000	-0.42422
117.00000	-0.43716
117.10000	-0.45078
117.20000	-0.46494
117.30000	-0.47951
117.40000	-0.49435
117.50000	-0.50929
117.60000	-0.52419
117.70000	-0.53891
117.80000	-0.55328
117.90000	-0.56716
118.00000	-0.58042
118.10000	-0.59290
118.20000	-0.60448
118.30000	-0.61504
118.40000	-0.62446
118.50000	-0.63264
118.60000	-0.63947
118.70000	-0.64488
118.80000	-0.64880
118.90000	-0.65115
119.00000	-0.65191
119.10000	-0.65104
119.20000	-0.64852
119.30000	-0.64434
119.40000	-0.63853
119.50000	-0.63109
119.60000	-0.62207
119.70000	-0.61153
119.80000	-0.59952
119.90000	-0.58612
120.00000	-0.57142
120.10000	-0.55553
120.20000	-0.53854
120.30000	-0.52058
120.40000	-0.50177
120.50000	-0.48224
120.60000	-0.46214
120.70000	-0.44160
120.80000	-0.42077
120.90000	-0.39979
121.00000	-0.37882
121.10000	-0.35800
121.20000	-0.33747
121.30000	-0.31737
121.40000	-0.29784
121.50000	-0.27901
121.60000	-0.26101
121.70000	-0.24393
121.80000	-0.22790
121.90000	-0.21300
122.00000	-0.19931
122.10000	-0.18692
122.20000	-0.17587
122.30000	-0.16623
122.40000	-0.15801
122.50000	-0.15124
122.60000	-0.14593
122.70000	-0.14207
122.80000	-0.13963
122.90000	-0.13859
123.00000	-0.13890
123.10000	-0.14049
123.20000	-0.14331
123.30000	-0.14725
123.40000	-0.15223
123.50000	-0.15815
123.60000	-0.16490
123.70000	-0.17235
123.80000	-0.18038
123.90000	-0.18885
124.00000	-0.19765
124.10000	-0.20661
124.20000	-0.21561
124.30000	-0.22451
124.40000	-0.23316
124.50000	-0.24143
124.60000	-0.24918
124.70000	-0.25629
124.80000	-0.26262
124.90000	-0.26808
125.00000	-0.27253
125.10000	-0.27590
125.20000	-0.27808
125.30000	-0.27900
125.40000	-0.27859
125.50000	-0.27679
125.60000	-0.27356
125.70000	-0.26886
125.80000	-0.26269
125.90000	-0.25504
126.00000	-0.24591
126.10000	-0.23533
126.20000	-0.22333
126.30000	-0.20995
126.40000	-0.19527
126.50000	-0.17935
126.60000	-0.16226
126.70000	-0.14411
126.80000	-0.12500
126.90000	-0.10503
127.00000	-0.08433
127.10000	-0.06301
127.20000	-0.04121
127.30000	-0.01905
127.40000	0.00332
127.50000	0.02576
127.60000	0.04815
127.70000	0.07034
127.80000	0.09219
127.90000	0.11358
128.00000	0.13438
128.10000	0.15446
128.20000	0.17372
128.30000	0.19203
128.40000	0.20931
128.50000	0.22546
128.60000	0.24041
128.70000	0.25407
128.80000	0.26641
128.90000	0.27737
129.00000	0.28692
129.10000	0.29503
129.20000	0.30171
129.30000	0.30696
129.40000	0.31079
129.50000	0.31323
129.60000	0.31433
129.70000	0.31415
129.80000	0.31274
129.90000	0.31018
130.00000	0.30656
130.10000	0.30198
130.20000	0.29653
130.30000	0.29033
130.40000	0.28349
130.50000	0.27614
130.60000	0.26840
130.70000	0.26039
130.80000	0.25225
130.90000	0.24412
131.00000	0.23611
131.10000	0.22835
131.20000	0.22098
131.30000	0.21411
131.40000	0.20786
131.50000	0.20233
131.60000	0.19763
131.70000	0.19385
131.80000	0.19108
131.90000	0.18938
132.00000	0.18884
132.10000	0.18949
132.20000	0.19139
132.30000	0.19456
132.40000	0.19902
132.50000	0.20477
132.60000	0.21182
132.70000	0.22014
132.80000	0.22970
132.90000	0.24047
133.00000	0.25238
133.10000	0.26537
133.20000	0.27938
133.30000	0.29431
133.40000	0.31007
133.50000	0.32656
133.60000	0.34369
133.70000	0.36132
133.80000	0.37935
133.90000	0.39764
134.00000	0.41609
134.10000	0.43455
134.20000	0.45290
134.30000	0.47101
134.40000	0.48877
134.50000	0.50603
134.60000	0.52269
134.70000	0.53864
134.80000	0.55375
134.90000	0.56794
135.00000	0.58111
135.10000	0.59317
135.20000	0.60405
135.30000	0.61368
135.40000	0.62201
135.50000	0.62899
135.60000	0.63460
135.70000	0.63880
135.80000	0.64160
135.90000	0.64299
136.00000	0.64299
136.10000	0.64163
136.20000	0.63894
136.30000	0.63498
136.40000	0.62979
136.50000	0.62346
136.60000	0.61606
136.70000	0.60768
136.80000	0.59841
136.90000	0.58836
137.00000	0.57763
137.10000	0.56634
137.20000	0.55460
137.30000	0.54254
137.40000	0.53028
137.50000	0.51794
137.60000	0.50565
137.70000	0.49352
137.80000	0.48167
137.90000	0.47022
138.00000	0.45928
138.10000	0.44895
138.20000	0.43934
138.30000	0.43052
138.40000	0.42259
138.50000	0.41561
138.60000	0.40965
138.70000	0.40477
138.80000	0.40100
138.90000	0.39838
139.00000	0.39692
139.10000	0.39664
139.20000	0.39754
139.30000	0.39959
139.40000	0.40278
139.50000	0.40706
139.60000	0.41240
139.70000	0.41873
139.80000	0.42598
139.90000	0.43408
140.00000	0.44295
140.10000	0.45249
140.20000	0.46260
140.30000	0.47318
140.40000	0.48412
140.50000	0.49530
140.60000	0.50661
140.70000	0.51794
140.80000	0.52915
140.90000	0.54014
141.00000	0.55078
141.10000	0.56096
141.20000	0.57058
141.30000	0.57952
141.40000	0.58768
141.50000	0.59498
141.60000	0.60131
141.70000	0.60661
141.80000	0.61080
141.90000	0.61382
142.00000	0.61562
142.10000	0.61616
142.20000	0.61541
142.30000	0.61335
142.40000	0.60998
142.50000	0.60528
142.60000	0.59929
142.70000	0.59202
142.80000	0.58350
142.90000	0.57380
143.00000	0.56295
143.10000	0.55103
143.20000	0.53811
143.30000	0.52427
143.40000	0.50960
143.50000	0.49420
143.60000	0.47817
143.70000	0.46161
143.80000	0.44464
143.90000	0.42737
144.00000	0.40991
144.10000	0.39239
144.20000	0.37490
144.30000	0.35757
144.40000	0.34052
144.50000	0.32384
144.60000	0.30764
144.70000	0.29202
144.80000	0.27708
144.90000	0.26289
145.00000	0.24955
145.10000	0.23711
145.20000	0.22563
145.30000	0.21518
145.40000	0.20579
145.50000	0.19750
145.60000	0.19032
145.70000	0.18426
145.80000	0.17933
145.90000	0.17552
146.00000	0.17280
146.10000	0.17114
146.20000	0.17050
146.30000	0.17083
146.40000	0.17207
146.50000	0.17416
146.60000	0.17701
146.70000	0.18054
146.80000	0.18466
146.90000	0.18928
147.00000	0.19430
147.10000	0.19960
147.20000	0.20510
147.30000	0.21067
147.40000	0.21621
147.50000	0.22160
147.60000	0.22675
147.70000	0.23154
147.80000	0.23587
147.90000	0.23965
148.00000	0.24277
148.10000	0.24516
148.20000	0.24672
148.30000	0.24739
148.40000	0.24710
148.50000	0.24578
148.60000	0.24340
148.70000	0.23991
148.80000	0.23529
148.90000	0.22951
149.00000	0.22256
149.10000	0.21445
149.20000	0.20518
149.30000	0.19479
149.40000	0.18329
149.50000	0.17074
149.60000	0.15719
149.70000	0.14268
149.80000	0.12730
149.90000	0.11112
150.00000	0.09422
150.10000	0.07668
150.20000	0.05861
150.30000	0.04011
150.40000	0.02127
150.50000	0.00221
150.60000	-0.01698
150.70000	-0.03618
150.80000	-0.05528
150.90000	-0.07417
151.00000	-0.09275
151.10000	-0.11093
151.20000	-0.12858
151.30000	-0.14564
151.40000	-0.16200
151.50000	-0.17758
151.60000	-0.19232
151.70000	-0.20613
151.80000	-0.21897
151.90000	-0.23078
152.00000	-0.24152
152.10000	-0.25116
152.20000	-0.25967
152.30000	-0.26706
152.40000	-0.27330
152.50000	-0.27842
152.60000	-0.28243
152.70000	-0.28536
152.80000	-0.28725
152.90000	-0.28814
153.00000	-0.28808
153.10000	-0.28715
153.20000	-0.28540
153.30000	-0.28293
153.40000	-0.27980
153.50000	-0.27612
153.60000	-0.27197
153.70000	-0.26746
153.80000	-0.26267
153.90000	-0.25772
154.00000	-0.25270
154.10000	-0.24771
154.20000	-0.24287
154.30000	-0.23826
154.40000	-0.23399
154.50000	-0.23014
154.60000	-0.22681
154.70000	-0.22408
154.80000	-0.22202
154.90000	-0.22071
155.00000	-0.22020
155.10000	-0.22056
155.20000	-0.22183
155.30000	-0.22405
155.40000	-0.22724
155.50000	-0.23143
155.60000	-0.23662
155.70000	-0.24282
155.80000	-0.25001
155.90000	-0.25818
156.00000	-0.26729
156.10000	-0.27731
156.20000	-0.28819
156.30000	-0.29988
156.40000	-0.31232
156.50000	-0.32543
156.60000	-0.33915
156.70000	-0.35338
156.80000	-0.36804
156.90000	-0.38304
157.00000	-0.39828
157.10000	-0.41367
157.20000	-0.42910
157.30000	-0.44449
157.40000	-0.45971
157.50000	-0.47469
157.60000	-0.48931
157.70000	-0.50348
157.80000	-0.51712
157.90000	-0.53013
158.00000	-0.54244
158.10000	-0.55395
158.20000	-0.56462
158.30000	-0.57437
158.40000	-0.58314
158.50000	-0.59089
158.60000	-0.59759
158.70000	-0.60319
158.80000	-0.60769
158.90000	-0.61107
159.00000	-0.61332
159.10000	-0.61445
159.20000	-0.61448
159.30000	-0.61344
159.40000	-0.61135
159.50000	-0.60827
159.60000	-0.60424
159.70000	-0.59931
159.80000	-0.59356
159.90000	-0.58706
160.00000	-0.57988
160.10000	-0.57210
160.20000	-0.56382
160.30000	-0.55512
160.40000	-0.54610
160.50000	-0.53685
160.60000	-0.52747
160.70000	-0.51805
160.80000	-0.50869
160.90000	-0.49948
161.00000	-0.49052
161.10000	-0.48189
161.20000	-0.47368
161.30000	-0.46596
161.40000	-0.45881
161.50000	-0.45230
161.60000	-0.44649
161.70000	-0.44142
161.80000	-0.43716
161.90000	-0.43373
162.00000	-0.43117
162.10000	-0.42950
162.20000	-0.42872
162.30000	-0.42884
162.40000	-0.42985
162.50000	-0.43174
162.60000	-0.43449
162.70000	-0.43806
162.80000	-0.44241
162.90000	-0.44749
163.00000	-0.45324
163.10000	-0.45962
163.20000	-0.46653
163.30000	-0.47392
163.40000	-0.48170
163.50000	-0.48978
163.60000	-0.49808
163.70000	-0.50651
163.80000	-0.51498
163.90000	-0.52339
164.00000	-0.53165
164.10000	-0.53968
164.20000	-0.54737
164.30000	-0.55463
164.40000	-0.56140
164.50000	-0.56757
164.60000	-0.57309
164.70000	-0.57786
164.80000	-0.58184
164.90000	-0.58495
165.00000	-0.58715
165.10000	-0.58840
165.20000	-0.58865
165.30000	-0.58788
165.40000	-0.58607
165.50000	-0.58320
165.60000	-0.57928
165.70000	-0.57432
165.80000	-0.56831
165.90000	-0.56130
166.00000	-0.55331
166.10000	-0.54438
166.20000	-0.53456
166.30000	-0.52390
166.40000	-0.51247
166.50000	-0.50033
166.60000	-0.48755
166.70000	-0.47422
166.80000	-0.46042
166.90000	-0.44622
167.00000	-0.43173
167.10000	-0.41702
167.20000	-0.40219
167.30000	-0.38733
167.40000	-0.37254
167.50000	-0.35790
167.60000	-0.34349
167.70000	-0.32941
167.80000	-0.31572
167.90000	-0.30252
168.00000	-0.28987
168.10000	-0.27783
168.20000	-0.26646
168.30000	-0.25582
168.40000	-0.24595
168.50000	-0.23688
168.60000	-0.22866
168.70000	-0.22129
168.80000	-0.21479
168.90000	-0.20916
169.00000	-0.20441
169.10000	-0.20052
169.20000	-0.19746
169.30000	-0.19521
169.40000	-0.19374
169.50000	-0.19300
169.60000	-0.19294
169.70000	-0.19350
169.80000	-0.19461
169.90000	-0.19622
170.00000	-0.19825
170.10000	-0.20062
170.20000	-0.20326
170.30000	-0.20607
170.40000	-0.20897
170.50000	-0.21189
170.60000	-0.21472
170.70000	-0.21740
170.80000	-0.21982
170.90000	-0.22192
171.00000	-0.22361
171.10000	-0.22482
171.20000	-0.22548
171.30000	-0.22551
171.40000	-0.22486
171.50000	-0.22348
171.60000	-0.22131
171.70000	-0.21831
171.80000	-0.21445
171.90000	-0.20971
172.00000	-0.20406
172.10000	-0.19749
172.20000	-0.19000
172.30000	-0.18160
172.40000	-0.17230
172.50000	-0.16212
172.60000	-0.15109
172.70000	-0.13925
172.80000	-0.12664
172.90000	-0.11331
173.00000	-0.09932
173.10000	-0.08473
173.20000	-0.06961
173.30000	-0.05403
173.40000	-0.03806
173.50000	-0.02180
173.60000	-0.00531
173.70000	0.01131
173.80000	0.02798
173.90000	0.04462
174.00000	0.06114
174.10000	0.07746
174.20000	0.09349
174.30000	0.10915
174.40000	0.12438
174.50000	0.13909
174.60000	0.15323
174.70000	0.16672
174.80000	0.17952
174.90000	0.19157
175.00000	0.20282
175.10000	0.21325
175.20000	0.22282
175.30000	0.23152
175.40000	0.23932
175.50000	0.24623
175.60000	0.25224
175.70000	0.25736
175.80000	0.26162
175.90000	0.26503
176.00000	0.26764
176.10000	0.26947
176.20000	0.27057
176.30000	0.27100
176.40000	0.27082
176.50000	0.27008
176.60000	0.26886
176.70000	0.26722
176.80000	0.26524
176.90000	0.26299
177.00000	0.26056
177.10000	0.25802
177.20000	0.25546
177.30000	0.25295
177.40000	0.25058
177.50000	0.24841
177.60000	0.24653
177.70000	0.24501
177.80000	0.24391
177.90000	0.24330
178.00000	0.24323
178.10000	0.24376
178.20000	0.24493
178.30000	0.24679
178.40000	0.24936
178.50000	0.25268
178.60000	0.25676
178.70000	0.26162
178.80000	0.26725
178.90000	0.27365
179.00000	0.28082
179.10000	0.28873
179.20000	0.29736
179.30000	0.30668
179.40000	0.31663
179.50000	0.32719
179.60000	0.33830
179.70000	0.34989
179.80000	0.36191
179.90000	0.37429
180.00000	0.38696
180.10000	0.39985
180.20000	0.41287
180.30000	0.42596
180.40000	0.43902
180.50000	0.45199
180.60000	0.46478
180.70000	0.47732
180.80000	0.48952
180.90000	0.50132
181.00000	0.51264
181.10000	0.52342
181.20000	0.53359
181.30000	0.54310
181.40000	0.55189
181.50000	0.55992
181.60000	0.56714
181.70000	0.57352
181.80000	0.57903
181.90000	0.58366
182.00000	0.58739
182.10000	0.59022
182.20000	0.59214
182.30000	0.59317
182.40000	0.59332
182.50000	0.59261
182.60000	0.59108
182.70000	0.58876
182.80000	0.58570
182.90000	0.58194
183.00000	0.57754
183.10000	0.57255
183.20000	0.56704
183.30000	0.56108
183.40000	0.55473
183.50000	0.54807
183.60000	0.54117
183.70000	0.53410
183.80000	0.52695
183.90000	0.51979
184.00000	0.51269
184.10000	0.50572
184.20000	0.49896
184.30000	0.49247
184.40000	0.48632
184.50000	0.48056
184.60000	0.47526
184.70000	0.47046
184.80000	0.46621
184.90000	0.46254
185.00000	0.45950
185.10000	0.45710
185.20000	0.45537
185.30000	0.45432
185.40000	0.45395
185.50000	0.45426
185.60000	0.45525
185.70000	0.45690
185.80000	0.45918
185.90000	0.46208
186.00000	0.46554
186.10000	0.46954
186.20000	0.47403
186.30000	0.47895
186.40000	0.48426
186.50000	0.48988
186.60000	0.49575
186.70000	0.50181
186.80000	0.50799
186.90000	0.51421
187.00000	0.52041
187.10000	0.52652
187.20000	0.53245
187.30000	0.53813
187.40000	0.54351
187.50000	0.54850
187.60000	0.55304
187.70000	0.55708
187.80000	0.56055
187.90000	0.56340
188.00000	0.56557
188.10000	0.56703
188.20000	0.56774
188.30000	0.56767
188.40000	0.56679
188.50000	0.56507
188.60000	0.56252
188.70000	0.55911
188.80000	0.55487
188.90000	0.54978
189.00000	0.54387
189.10000	0.53715
189.20000	0.52967
189.30000	0.52144
189.40000	0.51251
189.50000	0.50293
189.60000	0.49275
189.70000	0.48201
189.80000	0.47079
189.90000	0.45914
190.00000	0.44712
190.10000	0.43482
190.20000	0.42229
190.30000	0.40961
190.40000	0.39685
190.50000	0.38409
190.60000	0.37139
190.70000	0.35882
190.80000	0.34645
190.90000	0.33435
191.00000	0.32258
191.10000	0.31119
191.20000	0.30025
191.30000	0.28980
191.40000	0.27988
191.50000	0.27054
191.60000	0.26180
191.70000	0.25370
191.80000	0.24625
191.90000	0.23947
192.00000	0.23337
192.10000	0.22795
192.20000	0.22319
192.30000	0.21910
192.40000	0.21564
192.50000	0.21280
192.60000	0.21055
192.70000	0.20884
192.80000	0.20764
192.90000	0.20689
193.00000	0.20656
193.10000	0.20657
193.20000	0.20688
193.30000	0.20742
193.40000	0.20813
193.50000	0.20894
193.60000	0.20978
193.70000	0.21059
193.80000	0.21130
193.90000	0.21185
194.00000	0.21216
194.10000	0.21218
194.20000	0.21184
194.30000	0.21108
194.40000	0.20986
194.50000	0.20812
194.60000	0.20581
194.70000	0.20290
194.80000	0.19935
194.90000	0.19512
195.00000	0.19021
195.10000	0.18458
195.20000	0.17823
195.30000	0.17115
195.40000	0.16335
195.50000	0.15482
195.60000	0.14560
195.70000	0.13568
195.80000	0.12511
195.90000	0.11392
196.00000	0.10213
196.10000	0.08980
196.20000	0.07697
196.30000	0.06369
196.40000	0.05002
196.50000	0.03602
196.60000	0.02174
196.70000	0.00727
196.80000	-0.00736
196.90000	-0.02205
197.00000	-0.03675
197.10000	-0.05139
197.20000	-0.06590
197.30000	-0.08022
197.40000	-0.09428
197.50000	-0.10803
197.60000	-0.12139
197.70000	-0.13433
197.80000	-0.14678
197.90000	-0.15870
198.00000	-0.17005
198.10000	-0.18079
198.20000	-0.19089
198.30000	-0.20032
198.40000	-0.20907
198.50000	-0.21711
198.60000	-0.22445
198.70000	-0.23107
198.80000	-0.23699
198.90000	-0.24220
199.00000	-0.24674
199.10000	-0.25062
199.20000	-0.25387
199.30000	-0.25652
199.40000	-0.25861
199.50000	-0.26019
199.60000	-0.26129
199.70000	-0.26197
199.80000	-0.26229
199.90000	-0.26230
200.00000	-0.26206
200.10000	-0.26163
200.20000	-0.26107
200.30000	-0.26045
200.40000	-0.25983
200.50000	-0.25926
200.60000	-0.25882
200.70000	-0.25856
200.80000	-0.25854
200.90000	-0.25881
201.00000	-0.25942
201.10000	-0.26043
201.20000	-0.26187
201.30000	-0.26379
201.40000	-0.26622
201.50000	-0.26918
201.60000	-0.27271
201.70000	-0.27682
201.80000	-0.28152
201.90000	-0.28682
202.00000	-0.29271
202.10000	-0.29920
202.20000	-0.30627
202.30000	-0.31390
202.40000	-0.32208
202.50000	-0.33076
202.60000	-0.33993
202.70000	-0.34953
202.80000	-0.35953
202.90000	-0.36987
203.00000	-0.38052
203.10000	-0.39140
203.20000	-0.40247
203.30000	-0.41367
203.40000	-0.42493
203.50000	-0.43620
203.60000	-0.44740
203.70000	-0.45848
203.80000	-0.46938
203.90000	-0.48003
204.00000	-0.49037
204.10000	-0.50035
204.20000	-0.50990
204.30000	-0.51899
204.40000	-0.52755
204.50000	-0.53555
204.60000	-0.54295
204.70000	-0.54971
204.80000	-0.55580
204.90000	-0.56119
205.00000	-0.56588
205.10000	-0.56983
205.20000	-0.57306
205.30000	-0.57555
205.40000	-0.57730
205.50000	-0.57833
205.60000	-0.57866
205.70000	-0.57830
205.80000	-0.57728
205.90000	-0.57563
206.00000	-0.57339
206.10000	-0.57060
206.20000	-0.56729
206.30000	-0.56353
206.40000	-0.55936
206.50000	-0.55484
206.60000	-0.55001
206.70000	-0.54495
206.80000	-0.53970
206.90000	-0.53433
207.00000	-0.52890
207.10000	-0.52347
207.20000	-0.51809
207.30000	-0.51282
207.40000	-0.50772
207.50000	-0.50284
207.60000	-0.49823
207.70000	-0.49393
207.80000	-0.48999
207.90000	-0.48645
208.00000	-0.48333
208.10000	-0.48067
208.20000	-0.47849
208.30000	-0.47681
208.40000	-0.47564
208.50000	-0.47499
208.60000	-0.47485
208.70000	-0.47524
208.80000	-0.47614
208.90000	-0.47752
209.00000	-0.47939
209.10000	-0.48170
209.20000	-0.48442
209.30000	-0.48754
209.40000	-0.49099
209.50000	-0.49475
209.60000	-0.49877
209.70000	-0.50299
209.80000	-0.50737
209.90000	-0.51185
210.00000	-0.51638
210.10000	-0.52090
210.20000	-0.52534
210.30000	-0.52967
210.40000	-0.53381
210.50000	-0.53771
210.60000	-0.54131
210.70000	-0.54458
210.80000	-0.54744
210.90000	-0.54986
211.00000	-0.55179
211.10000	-0.55319
211.20000	-0.55402
211.30000	-0.55425
211.40000	-0.55386
211.50000	-0.55282
211.60000	-0.55111
211.70000	-0.54872
211.80000	-0.54564
211.90000	-0.54188
212.00000	-0.53743
212.10000	-0.53230
212.20000	-0.52651
212.30000	-0.52008
212.40000	-0.51303
212.50000	-0.50539
212.60000	-0.49719
212.70000	-0.48848
212.80000	-0.47929
212.90000	-0.46967
213.00000	-0.45967
213.10000	-0.44934
213.20000	-0.43873
213.30000	-0.42790
213.40000	-0.41690
213.50000	-0.40579
213.60000	-0.39463
213.70000	-0.38347
213.80000	-0.37237
213.90000	-0.36138
214.00000	-0.35057
214.10000	-0.33997
214.20000	-0.32963
214.30000	-0.31961
214.40000	-0.30994
214.50000	-0.30066
214.60000	-0.29181
214.70000	-0.28341
214.80000	-0.27548
214.90000	-0.26806
215.00000	-0.26114
215.10000	-0.25474
215.20000	-0.24887
215.30000	-0.24352
215.40000	-0.23869
215.50000	-0.23436
215.60000	-0.23052
215.70000	-0.22714
215.80000	-0.22421
215.90000	-0.22169
216.00000	-0.21954
216.10000	-0.21773
216.20000	-0.21621
216.30000	-0.21494
216.40000	-0.21388
216.50000	-0.21297
216.60000	-0.21216
216.70000	-0.21140
216.80000	-0.21064
216.90000	-0.20983
217.00000	-0.20890
217.10000	-0.20781
217.20000	-0.20651
217.30000	-0.20495
217.40000	-0.20308
217.50000	-0.20085
217.60000	-0.19823
217.70000	-0.19518
217.80000	-0.19166
217.90000	-0.18764
218.00000	-0.18310
218.10000	-0.17801
218.20000	-0.17236
218.30000	-0.16613
218.40000	-0.15933
218.50000	-0.15194
218.60000	-0.14397
218.70000	-0.13544
218.80000	-0.12634
218.90000	-0.11671
219.00000	-0.10656
219.10000	-0.09592
219.20000	-0.08483
219.30000	-0.07331
219.40000	-0.06142
219.50000	-0.04918
219.60000	-0.03665
219.70000	-0.02388
219.80000	-0.01092
219.90000	0.00219
220.00000	0.01539
220.10000	0.02863
220.20000	0.04184
220.30000	0.05499
220.40000	0.06801
220.50000	0.08085
220.60000	0.09346
220.70000	0.10580
220.80000	0.11781
220.90000	0.12947
221.00000	0.14071
221.10000	0.15152
221.20000	0.16185
221.30000	0.17168
221.40000	0.18099
221.50000	0.18976
221.60000	0.19796
221.70000	0.20560
221.80000	0.21267
221.90000	0.21916
222.00000	0.22509
222.10000	0.23046
222.20000	0.23529
222.30000	0.23960
222.40000	0.24340
222.50000	0.24674
222.60000	0.24963
222.70000	0.25212
222.80000	0.25425
222.90000	0.25604
223.00000	0.25756
223.10000	0.25885
223.20000	0.25994
223.30000	0.26090
223.40000	0.26176
223.50000	0.26259
223.60000	0.26342
223.70000	0.26432
223.80000	0.26532
223.90000	0.26647
224.00000	0.26782
224.10000	0.26941
224.20000	0.27128
224.30000	0.27347
224.40000	0.27600
224.50000	0.27891
224.60000	0.28223
224.70000	0.28596
224.80000	0.29014
224.90000	0.29477
225.00000	0.29985
225.10000	0.30540
225.20000	0.31142
225.30000	0.31788
225.40000	0.32479
225.50000	0.33212
225.60000	0.33985
225.70000	0.34797
225.80000	0.35644
225.90000	0.36523
226.00000	0.37431
226.10000	0.38362
226.20000	0.39315
226.30000	0.40283
226.40000	0.41262
226.50000	0.42247
226.60000	0.43234
226.70000	0.44218
226.80000	0.45193
226.90000	0.46155
227.00000	0.47098
227.10000	0.48018
227.20000	0.48910
227.30000	0.49769
227.40000	0.50592
227.50000	0.51374
227.60000	0.52111
227.70000	0.52801
227.80000	0.53439
227.90000	0.54024
228.00000	0.54553
228.10000	0.55024
228.20000	0.55436
228.30000	0.55789
228.40000	0.56081
228.50000	0.56312
228.60000	0.56484
228.70000	0.56597
228.80000	0.56652
228.90000	0.56651
229.00000	0.56597
229.10000	0.56492
229.20000	0.56338
229.30000	0.56141
229.40000	0.55902
229.50000	0.55626
229.60000	0.55317
229.70000	0.54980
229.80000	0.54618
229.90000	0.54237
230.00000	0.53842
230.10000	0.53436
230.20000	0.53026
230.30000	0.52614
230.40000	0.52207
230.50000	0.51809
230.60000	0.51424
230.70000	0.51055
230.80000	0.50707
230.90000	0.50384
231.00000	0.50088
231.10000	0.49823
231.20000	0.49591
231.30000	0.49394
231.40000	0.49234
231.50000	0.49112
231.60000	0.49029
231.70000	0.48986
231.80000	0.48982
231.90000	0.49017
232.00000	0.49090
232.10000	0.49200
232.20000	0.49344
232.30000	0.49522
232.40000	0.49730
232.50000	0.49965
232.60000	0.50225
232.70000	0.50505
232.80000	0.50802
232.90000	0.51113
233.00000	0.51431
233.10000	0.51754
233.20000	0.52077
233.30000	0.52396
233.40000	0.52705
233.50000	0.53000
233.60000	0.53276
233.70000	0.53530
233.80000	0.53757
233.90000	0.53952
234.00000	0.54113
234.10000	0.54234
234.20000	0.54313
234.30000	0.54347
234.40000	0.54332
234.50000	0.54267
234.60000	0.54149
234.70000	0.53976
234.80000	0.53748
234.90000	0.53464
235.00000	0.53123
235.10000	0.52725
235.20000	0.52272
235.30000	0.51763
235.40000	0.51200
235.50000	0.50584
235.60000	0.49919
235.70000	0.49206
235.80000	0.48449
235.90000	0.47650
236.00000	0.46812
236.10000	0.45941
236.20000	0.45039
236.30000	0.44111
236.40000	0.43161
236.50000	0.42194
236.60000	0.41214
236.70000	0.40225
236.80000	0.39233
236.90000	0.38242
237.00000	0.37255
237.10000	0.36278
237.20000	0.35315
237.30000	0.34369
237.40000	0.33445
237.50000	0.32545
237.60000	0.31673
237.70000	0.30833
237.80000	0.30025
237.90000	0.29254
238.00000	0.28520
238.10000	0.27824
238.20000	0.27168
238.30000	0.26553
238.40000	0.25978
238.50000	0.25443
238.60000	0.24948
238.70000	0.24492
238.80000	0.24072
238.90000	0.23688
239.00000	0.23337
239.10000	0.23016
239.20000	0.22723
239.30000	0.22454
239.40000	0.22206
239.50000	0.21976
239.60000	0.21759
239.70000	0.21552
239.80000	0.21351
239.90000	0.21151
240.00000	0.20948
240.10000	0.20738
240.20000	0.20518
240.30000	0.20281
240.40000	0.20026
240.50000	0.19748
240.60000	0.19443
240.70000	0.19107
240.80000	0.18739
240.90000	0.18334
241.00000	0.17891
241.10000	0.17407
241.20000	0.16879
241.30000	0.16307
241.40000	0.15690
241.50000	0.15026
241.60000	0.14316
241.70000	0.13559
241.80000	0.12756
241.90000	0.11907
242.00000	0.11014
242.10000	0.10079
242.20000	0.09103
242.30000	0.08090
242.40000	0.07041
242.50000	0.05959
242.60000	0.04849
242.70000	0.03712
242.80000	0.02554
242.90000	0.01378
243.00000	0.00188
243.10000	-0.01011
243.20000	-0.02216
243.30000	-0.03422
243.40000	-0.04625
243.50000	-0.05820
243.60000	-0.07003
243.70000	-0.08170
243.80000	-0.09317
243.90000	-0.10440
244.00000	-0.11536
244.10000	-0.12602
244.20000	-0.13633
244.30000	-0.14628
244.40000	-0.15584
244.50000	-0.16499
244.60000	-0.17371
244.70000	-0.18198
244.80000	-0.18980
244.90000	-0.19716
245.00000	-0.20406
245.10000	-0.21050
245.20000	-0.21648
245.30000	-0.22202
245.40000	-0.22712
245.50000	-0.23180
245.60000	-0.23609
245.70000	-0.24001
245.80000	-0.24358
245.90000	-0.24683
246.00000	-0.24979
246.10000	-0.25250
246.20000	-0.25499
246.30000	-0.25730
246.40000	-0.25947
246.50000	-0.26153
246.60000	-0.26353
246.70000	-0.26551
246.80000	-0.26750
246.90000	-0.26954
247.00000	-0.27167
247.10000	-0.27392
247.20000	-0.27634
247.30000	-0.27895
247.40000	-0.28179
247.50000	-0.28487
247.60000	-0.28823
247.70000	-0.29189
247.80000	-0.29586
247.90000	-0.30016
248.00000	-0.30481
248.10000	-0.30981
248.20000	-0.31516
248.30000	-0.32086
248.40000	-0.32692
248.50000	-0.33332
248.60000	-0.34005
248.70000	-0.34710
248.80000	-0.35445
248.90000	-0.36208
249.00000	-0.36996
249.10000	-0.37807
249.20000	-0.38638
249.30000	-0.39486
249.40000	-0.40346
249.50000	-0.41216
249.60000	-0.42092
249.70000	-0.42969
249.80000	-0.43844
249.90000	-0.44714
250.00000	-0.45573
250.10000	-0.46418
250.20000	-0.47244
250.30000	-0.48049
250.40000	-0.48829
250.50000	-0.49579
250.60000	-0.50297
250.70000	-0.50979
250.80000	-0.51623
250.90000	-0.52226
251.00000	-0.52786
251.10000	-0.53300
251.20000	-0.53768
251.30000	-0.54187
251.40000	-0.54557
251.50000	-0.54877
251.60000	-0.55147
251.70000	-0.55367
251.80000	-0.55538
251.90000	-0.55660
252.00000	-0.55736
252.10000	-0.55765
252.20000	-0.55751
252.30000	-0.55695
252.40000	-0.55600
252.50000	-0.55469
252.60000	-0.55305
252.70000	-0.55110
252.80000	-0.54888
252.90000	-0.54644
253.00000	-0.54379
253.10000	-0.54099
253.20000	-0.53806
253.30000	-0.53505
253.40000	-0.53199
253.50000	-0.52893
253.60000	-0.52589
253.70000	-0.52291
253.80000	-0.52003
253.90000	-0.51728
254.00000	-0.51468
254.10000	-0.51227
254.20000	-0.51007
254.30000	-0.50809
254.40000	-0.50637
254.50000	-0.50491
254.60000	-0.50373
254.70000	-0.50284
254.80000	-0.50224
254.90000	-0.50193
255.00000	-0.50191
255.10000	-0.50218
255.20000	-0.50274
255.30000	-0.50355
255.40000	-0.50462
255.50000	-0.50592
255.60000	-0.50744
255.70000	-0.50914
255.80000	-0.51100
255.90000	-0.51300
256.00000	-0.51510
256.10000	-0.51727
256.20000	-0.51947
256.30000	-0.52167
256.40000	-0.52384
256.50000	-0.52593
256.60000	-0.52792
256.70000	-0.52976
256.80000	-0.53142
256.90000	-0.53287
257.00000	-0.53406
257.10000	-0.53498
257.20000	-0.53558
257.30000	-0.53584
257.40000	-0.53573
257.50000	-0.53524
257.60000	-0.53433
257.70000	-0.53299
257.80000	-0.53121
257.90000	-0.52897
258.00000	-0.52627
258.10000	-0.52310
258.20000	-0.51946
258.30000	-0.51535
258.40000	-0.51078
258.50000	-0.50575
258.60000	-0.50028
258.70000	-0.49439
258.80000	-0.48808
258.90000	-0.48139
259.00000	-0.47434
259.10000	-0.46695
259.20000	-0.45925
259.30000	-0.45127
259.40000	-0.44305
259.50000	-0.43462
259.60000	-0.42602
259.70000	-0.41727
259.80000	-0.40842
259.90000	-0.39951
260.00000	-0.39056
260.10000	-0.38162
260.20000	-0.37272
260.30000	-0.36390
260.40000	-0.35518
260.50000	-0.34660
260.60000	-0.33819
260.70000	-0.32998
260.80000	-0.32198
260.90000	-0.31423
261.00000	-0.30674
261.10000	-0.29952
261.20000	-0.29260
261.30000	-0.28597
261.40000	-0.27965
261.50000	-0.27365
261.60000	-0.26795
261.70000	-0.26256
261.80000	-0.25747
261.90000	-0.25267
262.00000	-0.24815
262.10000	-0.24390
262.20000	-0.23988
262.30000	-0.23609
262.40000	-0.23250
262.50000	-0.22908
262.60000	-0.22581
262.70000	-0.22266
262.80000	-0.21959
262.90000	-0.21658
263.00000	-0.21359
263.10000	-0.21059
263.20000	-0.20755
263.30000	-0.20442
263.40000	-0.20119
263.50000	-0.19782
263.60000	-0.19427
263.70000	-0.19052
263.80000	-0.18654
263.90000	-0.18230
264.00000	-0.17778
264.10000	-0.17296
264.20000	-0.16782
264.30000	-0.16234
264.40000	-0.15651
264.50000	-0.15032
264.60000	-0.14375
264.70000	-0.13681
264.80000	-0.12950
264.90000	-0.12181
265.00000	-0.11375
265.10000	-0.10534
265.20000	-0.09657
265.30000	-0.08748
265.40000	-0.07806
265.50000	-0.06835
265.60000	-0.05837
265.70000	-0.04814
265.80000	-0.03768
265.90000	-0.02704
266.00000	-0.01623
266.10000	-0.00529
266.20000	0.00574
266.30000	0.01684
266.40000	0.02796
266.50000	0.03907
266.60000	0.05015
266.70000	0.06114
266.80000	0.07203
266.90000	0.08278
267.00000	0.09335
267.10000	0.10371
267.20000	0.11385
267.30000	0.12372
267.40000	0.13332
267.50000	0.14261
267.60000	0.15158
267.70000	0.16021
267.80000	0.16848
267.90000	0.17640
268.00000	0.18395
268.10000	0.19112
268.20000	0.19792
268.30000	0.20435
268.40000	0.21042
268.50000	0.21612
268.60000	0.22148
268.70000	0.22650
268.80000	0.23121
268.90000	0.23563
269.00000	0.23976
269.10000	0.24365
269.20000	0.24731
269.30000	0.25077
269.40000	0.25406
269.50000	0.25720
269.60000	0.26024
269.70000	0.26320
269.80000	0.26611
269.90000	0.26900
270.00000	0.27191
270.10000	0.27486
270.20000	0.27788
270.30000	0.28100
270.40000	0.28425
270.50000	0.28765
270.60000	0.29123
270.70000	0.29500
270.80000	0.29898
270.90000	0.30320
271.00000	0.30766
271.10000	0.31238
271.20000	0.31736
271.30000	0.32261
271.40000	0.32812
271.50000	0.33390
271.60000	0.33995
271.70000	0.34625
271.80000	0.35280
271.90000	0.35959
272.00000	0.36659
272.10000	0.37379
272.20000	0.38116
272.30000	0.38870
272.40000	0.39637
272.50000	0.40414
272.60000	0.41198
272.70000	0.41988
272.80000	0.42779
272.90000	0.43569
273.00000	0.44353
273.10000	0.45130
273.20000	0.45896
273.30000	0.46648
273.40000	0.47382
273.50000	0.48096
273.60000	0.48786
273.70000	0.49451
273.80000	0.50087
273.90000	0.50691
274.00000	0.51262
274.10000	0.51798
274.20000	0.52297
274.30000	0.52758
274.40000	0.53178
274.50000	0.53558
274.60000	0.53897
274.70000	0.54194
274.80000	0.54450
274.90000	0.54663
275.00000	0.54836
275.10000	0.54969
275.20000	0.55063
275.30000	0.55119
275.40000	0.55138
275.50000	0.55124
275.60000	0.55077
275.70000	0.55000
275.80000	0.54896
275.90000	0.54767
276.00000	0.54616
276.10000	0.54445
276.20000	0.54258
276.30000	0.54058
276.40000	0.53847
276.50000	0.53628
276.60000	0.53405
276.70000	0.53181
276.80000	0.52957
276.90000	0.52738
277.00000	0.52525
277.10000	0.52322
277.20000	0.52130
277.30000	0.51951
277.40000	0.51787
277.50000	0.51641
277.60000	0.51513
277.70000	0.51404
277.80000	0.51315
277.90000	0.51248
278.00000	0.51202
278.10000	0.51177
278.20000	0.51173
278.30000	0.51190
278.40000	0.51226
278.50000	0.51281
278.60000	0.51354
278.70000	0.51442
278.80000	0.51545
278.90000	0.51659
279.00000	0.51783
279.10000	0.51915
279.20000	0.52052
279.30000	0.52191
279.40000	0.52330
279.50000	0.52466
279.60000	0.52596
279.70000	0.52716
279.80000	0.52825
279.90000	0.52920
280.00000	0.52996
280.10000	0.53053
280.20000	0.53086
280.30000	0.53095
280.40000	0.53075
280.50000	0.53026
280.60000	0.52945
280.70000	0.52830
280.80000	0.52679
280.90000	0.52493
281.00000	0.52268
281.10000	0.52006
281.20000	0.51704
281.30000	0.51363
281.40000	0.50983
281.50000	0.50563
281.60000	0.50106
281.70000	0.49611
281.80000	0.49079
281.90000	0.48512
282.00000	0.47912
282.10000	0.47280
282.20000	0.46618
282.30000	0.45929
282.40000	0.45214
282.50000	0.44477
282.60000	0.43720
282.70000	0.42945
282.80000	0.42157
282.90000	0.41356
283.00000	0.40547
283.10000	0.39733
283.20000	0.38915
283.30000	0.38098
283.40000	0.37283
283.50000	0.36475
283.60000	0.35674
283.70000	0.34884
283.80000	0.34107
283.90000	0.33345
284.00000	0.32600
284.10000	0.31873
284.20000	0.31166
284.30000	0.30481
284.40000	0.29817
284.50000	0.29177
284.60000	0.28560
284.70000	0.27967
284.80000	0.27397
284.90000	0.26850
285.00000	0.26326
285.10000	0.25823
285.20000	0.25341
285.30000	0.24879
285.40000	0.24434
285.50000	0.24005
285.60000	0.23590
285.70000	0.23187
285.80000	0.22794
285.90000	0.22408
286.00000	0.22028
286.10000	0.21649
286.20000	0.21271
286.30000	0.20890
286.40000	0.20503
286.50000	0.20108
286.60000	0.19703
286.70000	0.19285
286.80000	0.18851
286.90000	0.18400
287.00000	0.17929
287.10000	0.17436
287.20000	0.16919
287.30000	0.16377
287.40000	0.15808
287.50000	0.15212
287.60000	0.14586
287.70000	0.13931
287.80000	0.13246
287.90000	0.12531
288.00000	0.11786
288.10000	0.11010
288.20000	0.10205
288.30000	0.09372
288.40000	0.08511
288.50000	0.07624
288.60000	0.06712
288.70000	0.05778
288.80000	0.04822
288.90000	0.03847
289.00000	0.02855
289.10000	0.01850
289.20000	0.00832
289.30000	-0.00195
289.40000	-0.01228
289.50000	-0.02265
289.60000	-0.03303
289.70000	-0.04339
289.80000	-0.05371
289.90000	-0.06395
290.00000	-0.07409
290.10000	-0.08410
290.20000	-0.09396
290.30000	-0.10365
290.40000	-0.11314
290.50000	-0.12242
290.60000	-0.13146
290.70000	-0.14024
290.80000	-0.14876
290.90000	-0.15701
291.00000	-0.16496
291.10000	-0.17262
291.20000	-0.17997
291.30000	-0.18703
291.40000	-0.19378
291.50000	-0.20023
291.60000	-0.20639
291.70000	-0.21226
291.80000	-0.21784
291.90000	-0.22317
292.00000	-0.22824
292.10000	-0.23307
292.20000	-0.23768
292.30000	-0.24209
292.40000	-0.24633
292.50000	-0.25040
292.60000	-0.25434
292.70000	-0.25817
292.80000	-0.26191
292.90000	-0.26558
293.00000	-0.26922
293.10000	-0.27285
293.20000	-0.27648
293.30000	-0.28015
293.40000	-0.28387
293.50000	-0.28767
293.60000	-0.29157
293.70000	-0.29558
293.80000	-0.29973
293.90000	-0.30403
294.00000	-0.30850
294.10000	-0.31313
294.20000	-0.31796
294.30000	-0.32297
294.40000	-0.32818
294.50000	-0.33360
294.60000	-0.33921
294.70000	-0.34502
294.80000	-0.35102
294.90000	-0.35721
295.00000	-0.36358
295.10000	-0.37011
295.20000	-0.37680
295.30000	-0.38362
295.40000	-0.39057
295.50000	-0.39761
295.60000	-0.40474
295.70000	-0.41192
295.80000	-0.41914
295.90000	-0.42637
296.00000	-0.43358
296.10000	-0.44076
296.20000	-0.44787
296.30000	-0.45489
296.40000	-0.46180
296.50000	-0.46856
296.60000	-0.47516
296.70000	-0.48157
296.80000	-0.48777
296.90000	-0.49373
297.00000	-0.49944
297.10000	-0.50487
297.20000	-0.51002
297.30000	-0.51486
297.40000	-0.51938
297.50000	-0.52357
297.60000	-0.52742
297.70000	-0.53093
297.80000	-0.53409
297.90000	-0.53690
298.00000	-0.53935
298.10000	-0.54146
298.20000	-0.54323
298.30000	-0.54465
298.40000	-0.54576
298.50000	-0.54654
298.60000	-0.54703
298.70000	-0.54723
298.80000	-0.54716
298.90000	-0.54684
299.00000	-0.54629
299.10000	-0.54553
299.20000	-0.54458
299.30000	-0.54347
299.40000	-0.54221
299.50000	-0.54084
299.60000	-0.53937
299.70000	-0.53784
299.80000	-0.53625
299.90000	-0.53465
300.00000	-0.53304
300.10000	-0.53145
300.20000	-0.52990
300.30000	-0.52842
300.40000	-0.52700
300.50000	-0.52568
300.60000	-0.52447
300.70000	-0.52338
300.80000	-0.52242
300.90000	-0.52159
301.00000	-0.52091
301.10000	-0.52037
301.20000	-0.51998
301.30000	-0.51974
301.40000	-0.51965
301.50000	-0.51970
301.60000	-0.51988
301.70000	-0.52018
301.80000	-0.52060
301.90000	-0.52112
302.00000	-0.52172
302.10000	-0.52239
302.20000	-0.52311
302.30000	-0.52386
302.40000	-0.52463
302.50000	-0.52538
302.60000	-0.52610
302.70000	-0.52676
302.80000	-0.52735
302.90000	-0.52784
303.00000	-0.52820
303.10000	-0.52842
303.20000	-0.52847
303.30000	-0.52833
303.40000	-0.52797
303.50000	-0.52740
303.60000	-0.52657
303.70000	-0.52548
303.80000	-0.52411
303.90000	-0.52244
304.00000	-0.52048
304.10000	-0.51820
304.20000	-0.51560
304.30000	-0.51267
304.40000	-0.50941
304.50000	-0.50582
304.60000	-0.50191
304.70000	-0.49766
304.80000	-0.49310
304.90000	-0.48822
305.00000	-0.48304
305.10000	-0.47757
305.20000	-0.47182
305.30000	-0.46580
305.40000	-0.45954
305.50000	-0.45305
305.60000	-0.44636
305.70000	-0.43947
305.80000	-0.43242
305.90000	-0.42522
306.00000	-0.41790
306.10000	-0.41049
306.20000	-0.40300
306.30000	-0.39546
306.40000	-0.38789
306.50000	-0.38032
306.60000	-0.37276
306.70000	-0.36525
306.80000	-0.35779
306.90000	-0.35041
307.00000	-0.34312
307.10000	-0.33595
307.20000	-0.32891
307.30000	-0.32200
307.40000	-0.31525
307.50000	-0.30865
307.60000	-0.30222
307.70000	-0.29596
307.80000	-0.28988
307.90000	-0.28397
308.00000	-0.27824
308.10000	-0.27268
308.20000	-0.26728
308.30000	-0.26204
308.40000	-0.25695
308.50000	-0.25200
308.60000	-0.24717
308.70000	-0.24246
308.80000	-0.23784
308.90000	-0.23330
309.00000	-0.22882
309.10000	-0.22439
309.20000	-0.21997
309.30000	-0.21556
309.40000	-0.21113
309.50000	-0.20666
309.60000	-0.20213
309.70000	-0.19753
309.80000	-0.19282
309.90000	-0.18799
310.00000	-0.18303
310.10000	-0.17791
310.20000	-0.17263
310.30000	-0.16715
310.40000	-0.16148
310.50000	-0.15559
310.60000	-0.14949
310.70000	-0.14315
310.80000	-0.13658
310.90000	-0.12976
311.00000	-0.12270
311.10000	-0.11540
311.20000	-0.10785
311.30000	-0.10007
311.40000	-0.09204
311.50000	-0.08380
311.60000	-0.07533
311.70000	-0.06666
311.80000	-0.05780
311.90000	-0.04876
312.00000	-0.03955
312.10000	-0.03021
312.20000	-0.02073
312.30000	-0.01115
312.40000	-0.00149
312.50000	0.00824
312.60000	0.01802
312.70000	0.02781
312.80000	0.03759
312.90000	0.04736
313.00000	0.05707
313.10000	0.06672
313.20000	0.07627
313.30000	0.08571
313.40000	0.09502
313.50000	0.10418
313.60000	0.11318
313.70000	0.12199
313.80000	0.13060
313.90000	0.13901
314.00000	0.14719
314.10000	0.15515
314.20000	0.16286
314.30000	0.17034
314.40000	0.17757
314.50000	0.18455
314.60000	0.19128
314.70000	0.19777
314.80000	0.20402
314.90000	0.21004
315.00000	0.21583
315.10000	0.22141
315.20000	0.22678
315.30000	0.23196
315.40000	0.23697
315.50000	0.24181
315.60000	0.24651
315.70000	0.25109
315.80000	0.25555
315.90000	0.25992
316.00000	0.26422
316.10000	0.26847
316.20000	0.27269
316.30000	0.27689
316.40000	0.28110
316.50000	0.28533
316.60000	0.28960
316.70000	0.29393
316.80000	0.29833
316.90000	0.30282
317.00000	0.30741
317.10000	0.31211
317.20000	0.31693
317.30000	0.32188
317.40000	0.32697
317.50000	0.33220
317.60000	0.33758
317.70000	0.34310
317.80000	0.34876
317.90000	0.35457
318.00000	0.36051
318.10000	0.36659
318.20000	0.37279
318.30000	0.37910
318.40000	0.38551
318.50000	0.39201
318.60000	0.39858
318.70000	0.40521
318.80000	0.41189
318.90000	0.41858
319.00000	0.42528
319.10000	0.43196
319.20000	0.43861
319.30000	0.44520
319.40000	0.45172
319.50000	0.45813
319.60000	0.46443
319.70000	0.47060
319.80000	0.47660
319.90000	0.48243
320.00000	0.48806
320.10000	0.49348
320.20000	0.49868
320.30000	0.50363
320.40000	0.50833
320.50000	0.51276
320.60000	0.51692
320.70000	0.52079
320.80000	0.52438
320.90000	0.52766
321.00000	0.53065
321.10000	0.53334
321.20000	0.53574
321.30000	0.53783
321.40000	0.53964
321.50000	0.54116
321.60000	0.54241
321.70000	0.54339
321.80000	0.54412
321.90000	0.54460
322.00000	0.54485
322.10000	0.54489
322.20000	0.54474
322.30000	0.54440
322.40000	0.54391
322.50000	0.54326
322.60000	0.54250
322.70000	0.54162
322.80000	0.54066
322.90000	0.53963
323.00000	0.53855
323.10000	0.53744
323.20000	0.53631
323.30000	0.53519
323.40000	0.53408
323.50000	0.53301
323.60000	0.53198
323.70000	0.53101
323.80000	0.53010
323.90000	0.52928
324.00000	0.52854
324.10000	0.52789
324.20000	0.52734
324.30000	0.52688
324.40000	0.52652
324.50000	0.52626
324.60000	0.52609
324.70000	0.52601
324.80000	0.52601
324.90000	0.52608
325.00000	0.52623
325.10000	0.52642
325.20000	0.52666
325.30000	0.52692
325.40000	0.52720
325.50000	0.52748
325.60000	0.52774
325.70000	0.52796
325.80000	0.52813
325.90000	0.52823
326.00000	0.52824
326.10000	0.52814
326.20000	0.52791
326.30000	0.52754
326.40000	0.52702
326.50000	0.52631
326.60000	0.52541
326.70000	0.52430
326.80000	0.52297
326.90000	0.52141
327.00000	0.51960
327.10000	0.51753
327.20000	0.51520
327.30000	0.51260
327.40000	0.50972
327.50000	0.50657
327.60000	0.50313
327.70000	0.49941
327.80000	0.49541
327.90000	0.49114
328.00000	0.48659
328.10000	0.48179
328.20000	0.47672
328.30000	0.47141
328.40000	0.46587
328.50000	0.46010
328.60000	0.45413
328.70000	0.44797
328.80000	0.44163
328.90000	0.43513
329.00000	0.42849
329.10000	0.42173
329.20000	0.41486
329.30000	0.40791
329.40000	0.40089
329.50000	0.39382
329.60000	0.38673
329.70000	0.37962
329.80000	0.37252
329.90000	0.36544
330.00000	0.35840
330.10000	0.35142
330.20000	0.34450
330.30000	0.33766
330.40000	0.33092
330.50000	0.32427
330.60000	0.31774
330.70000	0.31132
330.80000	0.30503
330.90000	0.29886
331.00000	0.29282
331.10000	0.28690
331.20000	0.28111
331.30000	0.27545
331.40000	0.26990
331.50000	0.26446
331.60000	0.25913
331.70000	0.25390
331.80000	0.24875
331.90000	0.24367
332.00000	0.23866
332.10000	0.23369
332.20000	0.22875
332.30000	0.22384
332.40000	0.21892
332.50000	0.21400
332.60000	0.20904
332.70000	0.20404
332.80000	0.19898
332.90000	0.19384
333.00000	0.18860
333.10000	0.18326
333.20000	0.17780
333.30000	0.17221
333.40000	0.16646
333.50000	0.16056
333.60000	0.15449
333.70000	0.14825
333.80000	0.14182
333.90000	0.13520
334.00000	0.12838
334.10000	0.12137
334.20000	0.11416
334.30000	0.10675
334.40000	0.09915
334.50000	0.09135
334.60000	0.08337
334.70000	0.07521
334.80000	0.06687
334.90000	0.05838
335.00000	0.04973
335.10000	0.04095
335.20000	0.03204
335.30000	0.02302
335.40000	0.01391
335.50000	0.00472
335.60000	-0.00453
335.70000	-0.01382
335.80000	-0.02314
335.90000	-0.03247
336.00000	-0.04179
336.10000	-0.05107
336.20000	-0.06031
336.30000	-0.06949
336.40000	-0.07858
336.50000	-0.08757
336.60000	-0.09645
336.70000	-0.10521
336.80000	-0.11382
336.90000	-0.12228
337.00000	-0.13057
337.10000	-0.13868
337.20000	-0.14662
337.30000	-0.15436
337.40000	-0.16191
337.50000	-0.16925
337.60000	-0.17640
337.70000	-0.18334
337.80000	-0.19008
337.90000	-0.19662
338.00000	-0.20297
338.10000	-0.20912
338.20000	-0.21510
338.30000	-0.22089
338.40000	-0.22652
338.50000	-0.23200
338.60000	-0.23733
338.70000	-0.24253
338.80000	-0.24761
338.90000	-0.25258
339.00000	-0.25747
339.10000	-0.26228
339.20000	-0.26703
339.30000	-0.27174
339.40000	-0.27641
339.50000	-0.28107
339.60000	-0.28573
339.70000	-0.29040
339.80000	-0.29510
339.90000	-0.29983
340.00000	-0.30462
340.10000	-0.30947
340.20000	-0.31439
340.30000	-0.31939
340.40000	-0.32448
340.50000	-0.32966
340.60000	-0.33494
340.70000	-0.34032
340.80000	-0.34580
340.90000	-0.35138
341.00000	-0.35706
341.10000	-0.36284
341.20000	-0.36871
341.30000	-0.37467
341.40000	-0.38071
341.50000	-0.38682
341.60000	-0.39299
341.70000	-0.39921
341.80000	-0.40547
341.90000	-0.41176
342.00000	-0.41805
342.10000	-0.42434
342.20000	-0.43061
342.30000	-0.43684
342.40000	-0.44303
342.50000	-0.44914
342.60000	-0.45517
342.70000	-0.46110
342.80000	-0.46691
342.90000	-0.47258
343.00000	-0.47811
343.10000	-0.48347
343.20000	-0.48866
343.30000	-0.49365
343.40000	-0.49844
343.50000	-0.50301
343.60000	-0.50736
343.70000	-0.51148
343.80000	-0.51535
343.90000	-0.51898
344.00000	-0.52235
344.10000	-0.52547
344.20000	-0.52834
344.30000	-0.53094
344.40000	-0.53329
344.50000	-0.53539
344.60000	-0.53724
344.70000	-0.53885
344.80000	-0.54022
344.90000	-0.54136
345.00000	-0.54228
345.10000	-0.54299
345.20000	-0.54351
345.30000	-0.54384
345.40000	-0.54400
345.50000	-0.54401
345.60000	-0.54387
345.70000	-0.54360
345.80000	-0.54321
345.90000	-0.54273
346.00000	-0.54216
346.10000	-0.54153
346.20000	-0.54084
346.30000	-0.54011
346.40000	-0.53935
346.50000	-0.53858
346.60000	-0.53780
346.70000	-0.53704
346.80000	-0.53629
346.90000	-0.53558
347.00000	-0.53490
347.10000	-0.53426
347.20000	-0.53367
347.30000	-0.53314
347.40000	-0.53266
347.50000	-0.53223
347.60000	-0.53187
347.70000	-0.53156
347.80000	-0.53130
347.90000	-0.53109
348.00000	-0.53092
348.10000	-0.53079
348.20000	-0.53068
348.30000	-0.53060
348.40000	-0.53052
348.50000	-0.53044
348.60000	-0.53034
348.70000	-0.53022
348.80000	-0.53006
348.90000	-0.52984
349.00000	-0.52955
349.10000	-0.52918
349.20000	-0.52872
349.30000	-0.52814
349.40000	-0.52743
349.50000	-0.52659
349.60000	-0.52559
349.70000	-0.52443
349.80000	-0.52309
349.90000	-0.52156
350.00000	-0.51983
350.10000	-0.51789
350.20000	-0.51573
350.30000	-0.51335
350.40000	-0.51073
350.50000	-0.50788
350.60000	-0.50479
350.70000	-0.50146
350.80000	-0.49788
350.90000	-0.49407
351.00000	-0.49001
351.10000	-0.48572
351.20000	-0.48120
351.30000	-0.47645
351.40000	-0.47148
351.50000	-0.46631
351.60000	-0.46094
351.70000	-0.45538
351.80000	-0.44964
351.90000	-0.44373
352.00000	-0.43768
352.10000	-0.43149
352.20000	-0.42518
352.30000	-0.41876
352.40000	-0.41225
352.50000	-0.40566
352.60000	-0.39900
352.70000	-0.39230
352.80000	-0.38557
352.90000	-0.37882
353.00000	-0.37207
353.10000	-0.36532
353.20000	-0.35860
353.30000	-0.35191
353.40000	-0.34527
353.50000	-0.33868
353.60000	-0.33215
353.70000	-0.32569
353.80000	-0.31932
353.90000	-0.31302
354.00000	-0.30681
354.10000	-0.30068
354.20000	-0.29465
354.30000	-0.28871
354.40000	-0.28285
354.50000	-0.27708
354.60000	-0.27139
354.70000	-0.26578
354.80000	-0.26023
354.90000	-0.25475
355.00000	-0.24932
355.10000	-0.24394
355.20000	-0.23859
355.30000	-0.23327
355.40000	-0.22796
355.50000	-0.22264
355.60000	-0.21732
355.70000	-0.21197
355.80000	-0.20659
355.90000	-0.20116
356.00000	-0.19566
356.10000	-0.19009
356.20000	-0.18444
356.30000	-0.17869
356.40000	-0.17283
356.50000	-0.16685
356.60000	-0.16075
356.70000	-0.15451
356.80000	-0.14814
356.90000	-0.14161
357.00000	-0.13493
357.10000	-0.12809
357.20000	-0.12109
357.30000	-0.11393
357.40000	-0.10661
357.50000	-0.09913
357.60000	-0.09149
357.70000	-0.08370
357.80000	-0.07575
357.90000	-0.06767
358.00000	-0.05945
358.10000	-0.05111
358.20000	-0.04264
358.30000	-0.03407
358.40000	-0.02541
358.50000	-0.01666
358.60000	-0.00784
358.70000	0.00103
358.80000	0.00995
358.90000	0.01889
359.00000	0.02785
359.10000	0.03680
359.20000	0.04574
359.30000	0.05465
359.40000	0.06351
359.50000	0.07232
359.60000	0.08105
359.70000	0.08969
359.80000	0.09824
359.90000	0.10668
360.00000	0.11499
360.10000	0.12318
360.20000	0.13123
360.30000	0.13913
360.40000	0.14687
360.50000	0.15446
360.60000	0.16189
360.70000	0.16915
360.80000	0.17624
360.90000	0.18317
361.00000	0.18993
361.10000	0.19652
361.20000	0.20295
361.30000	0.20923
361.40000	0.21536
361.50000	0.22134
361.60000	0.22719
361.70000	0.23291
361.80000	0.23850
361.90000	0.24399
362.00000	0.24938
362.10000	0.25469
362.20000	0.25991
362.30000	0.26507
362.40000	0.27018
362.50000	0.27525
362.60000	0.28029
362.70000	0.28531
362.80000	0.29032
362.90000	0.29533
363.00000	0.30036
363.10000	0.30541
363.20000	0.31050
363.30000	0.31562
363.40000	0.32080
363.50000	0.32602
363.60000	0.33131
363.70000	0.33665
363.80000	0.34206
363.90000	0.34754
364.00000	0.35309
364.10000	0.35870
364.20000	0.36438
364.30000	0.37011
364.40000	0.37591
364.50000	0.38176
364.60000	0.38765
364.70000	0.39359
364.80000	0.39955
364.90000	0.40553
365.00000	0.41152
365.10000	0.41751
365.20000	0.42349
365.30000	0.42944
365.40000	0.43536
365.50000	0.44122
365.60000	0.44703
365.70000	0.45275
365.80000	0.45839
365.90000	0.46392
366.00000	0.46933
366.10000	0.47462
366.20000	0.47976
366.30000	0.48475
366.40000	0.48958
366.50000	0.49423
366.60000	0.49869
366.70000	0.50297
366.80000	0.50704
366.90000	0.51091
367.00000	0.51456
367.10000	0.51800
367.20000	0.52121
367.30000	0.52420
367.40000	0.52697
367.50000	0.52951
367.60000	0.53184
367.70000	0.53394
367.80000	0.53583
367.90000	0.53750
368.00000	0.53897
368.10000	0.54024
368.20000	0.54132
368.30000	0.54222
368.40000	0.54295
368.50000	0.54351
368.60000	0.54392
368.70000	0.54419
368.80000	0.54433
368.90000	0.54435
369.00000	0.54427
369.10000	0.54409
369.20000	0.54382
369.30000	0.54349
369.40000	0.54310
369.50000	0.54266
369.60000	0.54218
369.70000	0.54167
369.80000	0.54115
369.90000	0.54061
370.00000	0.54007
370.10000	0.53954
370.20000	0.53902
370.30000	0.53851
370.40000	0.53802
370.50000	0.53756
370.60000	0.53711
370.70000	0.53670
370.80000	0.53630
370.90000	0.53593
371.00000	0.53558
371.10000	0.53524
371.20000	0.53491
371.30000	0.53459
371.40000	0.53427
371.50000	0.53394
371.60000	0.53359
371.70000	0.53321
371.80000	0.53280
371.90000	0.53234
372.00000	0.53182
372.10000	0.53124
372.20000	0.53057
372.30000	0.52982
372.40000	0.52896
372.50000	0.52799
372.60000	0.52689
372.70000	0.52566
372.80000	0.52428
372.90000	0.52275
373.00000	0.52105
373.10000	0.51918
373.20000	0.51713
373.30000	0.51489
373.40000	0.51245
373.50000	0.50981
373.60000	0.50697
373.70000	0.50392
373.80000	0.50066
373.90000	0.49719
374.00000	0.49351
374.10000	0.48961
374.20000	0.48552
374.30000	0.48121
374.40000	0.47671
374.50000	0.47201
374.60000	0.46713
374.70000	0.46206
374.80000	0.45683
374.90000	0.45143
375.00000	0.44587
375.10000	0.44018
375.20000	0.43435
375.30000	0.42840
375.40000	0.42234
375.50000	0.41619
375.60000	0.40995
375.70000	0.40364
375.80000	0.39727
375.90000	0.39085
376.00000	0.38440
376.10000	0.37792
376.20000	0.37143
376.30000	0.36494
376.40000	0.35845
376.50000	0.35198
376.60000	0.34554
376.70000	0.33913
376.80000	0.33275
376.90000	0.32643
377.00000	0.32015
377.10000	0.31393
377.20000	0.30776
377.30000	0.30166
377.40000	0.29561
377.50000	0.28962
377.60000	0.28369
377.70000	0.27782
377.80000	0.27199
377.90000	0.26622
378.00000	0.26048
378.10000	0.25479
378.20000	0.24912
378.30000	0.24348
378.40000	0.23785
378.50000	0.23223
378.60000	0.22660
378.70000	0.22096
378.80000	0.21530
378.90000	0.20961
379.00000	0.20388
379.10000	0.19810
379.20000	0.19225
379.30000	0.18634
379.40000	0.18035
379.50000	0.17427
379.60000	0.16809
379.70000	0.16181
379.80000	0.15543
379.90000	0.14892
380.00000	0.14230
380.10000	0.13555
380.20000	0.12868
380.30000	0.12167
380.40000	0.11453
380.50000	0.10726
380.60000	0.09986
380.70000	0.09233
380.80000	0.08467
380.90000	0.07689
381.00000	0.06899
381.10000	0.06097
381.20000	0.05285
381.30000	0.04463
381.40000	0.03632
381.50000	0.02793
381.60000	0.01946
381.70000	0.01093
381.80000	0.00236
381.90000	-0.00626
382.00000	-0.01491
382.10000	-0.02357
382.20000	-0.03224
382.30000	-0.04090
382.40000	-0.04954
382.50000	-0.05815
382.60000	-0.06672
382.70000	-0.07523
382.80000	-0.08368
382.90000	-0.09205
383.00000	-0.10034
383.10000	-0.10853
383.20000	-0.11662
383.30000	-0.12460
383.40000	-0.13246
383.50000	-0.14020
383.60000	-0.14781
383.70000	-0.15528
383.80000	-0.16262
383.90000	-0.16983
384.00000	-0.17689
384.10000	-0.18381
384.20000	-0.19060
384.30000	-0.19725
384.40000	-0.20376
384.50000	-0.21015
384.60000	-0.21641
384.70000	-0.22255
384.80000	-0.22857
384.90000	-0.23449
385.00000	-0.24031
385.10000	-0.24603
385.20000	-0.25167
385.30000	-0.25724
385.40000	-0.26274
385.50000	-0.26818
385.60000	-0.27357
385.70000	-0.27892
385.80000	-0.28425
385.90000	-0.28955
386.00000	-0.29483
386.10000	-0.30012
386.20000	-0.30540
386.30000	-0.31070
386.40000	-0.31601
386.50000	-0.32134
386.60000	-0.32670
386.70000	-0.33209
386.80000	-0.33752
386.90000	-0.34298
387.00000	-0.34848
387.10000	-0.35402
387.20000	-0.35960
387.30000	-0.36522
387.40000	-0.37088
387.50000	-0.37657
387.60000	-0.38229
387.70000	-0.38803
387.80000	-0.39379
387.90000	-0.39957
388.00000	-0.40534
388.10000	-0.41112
388.20000	-0.41688
388.30000	-0.42263
388.40000	-0.42834
388.50000	-0.43402
388.60000	-0.43964
388.70000	-0.44520
388.80000	-0.45069
388.90000	-0.45609
389.00000	-0.46141
389.10000	-0.46662
389.20000	-0.47171
389.30000	-0.47668
389.40000	-0.48151
389.50000	-0.48620
389.60000	-0.49074
389.70000	-0.49512
389.80000	-0.49933
389.90000	-0.50336
390.00000	-0.50722
390.10000	-0.51089
390.20000	-0.51437
390.30000	-0.51765
390.40000	-0.52074
390.50000	-0.52363
390.60000	-0.52633
390.70000	-0.52883
390.80000	-0.53113
390.90000	-0.53324
391.00000	-0.53515
391.10000	-0.53689
391.20000	-0.53844
391.30000	-0.53981
391.40000	-0.54102
391.50000	-0.54206
391.60000	-0.54295
391.70000	-0.54370
391.80000	-0.54430
391.90000	-0.54478
392.00000	-0.54513
392.10000	-0.54538
392.20000	-0.54552
392.30000	-0.54557
392.40000	-0.54554
392.50000	-0.54544
392.60000	-0.54527
392.70000	-0.54505
392.80000	-0.54478
392.90000	-0.54446
393.00000	-0.54412
393.10000	-0.54375
393.20000	-0.54336
393.30000	-0.54295
393.40000	-0.54253
393.50000	-0.54211
393.60000	-0.54168
393.70000	-0.54125
393.80000	-0.54081
393.90000	-0.54038
394.00000	-0.53994
394.10000	-0.53950
394.20000	-0.53905
394.30000	-0.53859
394.40000	-0.53812
394.50000	-0.53763
394.60000	-0.53711
394.70000	-0.53656
394.80000	-0.53598
394.90000	-0.53535
395.00000	-0.53467
395.10000	-0.53392
395.20000	-0.53311
395.30000	-0.53222
395.40000	-0.53124
395.50000	-0.53017
395.60000	-0.52899
395.70000	-0.52769
395.80000	-0.52628
395.90000	-0.52473
396.00000	-0.52304
396.10000	-0.52121
396.20000	-0.51922
396.30000	-0.51707
396.40000	-0.51476
396.50000	-0.51228
396.60000	-0.50961
396.70000	-0.50677
396.80000	-0.50375
396.90000	-0.50054
397.00000	-0.49715
397.10000	-0.49357
397.20000	-0.48980
397.30000	-0.48585
397.40000	-0.48171
397.50000	-0.47740
397.60000	-0.47292
397.70000	-0.46826
397.80000	-0.46344
397.90000	-0.45846
398.00000	-0.45333
398.10000	-0.44806
398.20000	-0.44265
398.30000	-0.43711
398.40000	-0.43146
398.50000	-0.42570
398.60000	-0.41984
398.70000	-0.41389
398.80000	-0.40786
398.90000	-0.40177
399.00000	-0.39561
399.10000	-0.38941
399.20000	-0.38317
399.30000	-0.37690
399.40000	-0.37060
399.50000	-0.36429
399.60000	-0.35798
399.70000	-0.35167
399.80000	-0.34537
399.90000	-0.33908
400.00000	-0.33282
400.10000	-0.32658
400.20000	-0.32036
400.30000	-0.31418
400.40000	-0.30803
400.50000	-0.30192
400.60000	-0.29585
400.70000	-0.28980
400.80000	-0.28380
400.90000	-0.27782
401.00000	-0.27187
401.10000	-0.26595
401.20000	-0.26005
401.30000	-0.25417
401.40000	-0.24830
401.50000	-0.24244
401.60000	-0.23657
401.70000	-0.23070
401.80000	-0.22481
401.90000	-0.21890
402.00000	-0.21297
402.10000	-0.20699
402.20000	-0.20098
402.30000	-0.19491
402.40000	-0.18878
402.50000	-0.18259
402.60000	-0.17632
402.70000	-0.16998
402.80000	-0.16355
402.90000	-0.15703
403.00000	-0.15042
403.10000	-0.14371
403.20000	-0.13690
403.30000	-0.12998
403.40000	-0.12295
403.50000	-0.11582
403.60000	-0.10858
403.70000	-0.10122
403.80000	-0.09376
403.90000	-0.08620
404.00000	-0.07853
404.10000	-0.07076
404.20000	-0.06290
404.30000	-0.05494
404.40000	-0.04691
404.50000	-0.03879
404.60000	-0.03061
404.70000	-0.02236
404.80000	-0.01405
404.90000	-0.00570
405.00000	0.00268
405.10000	0.01110
405.20000	0.01953
405.30000	0.02797
405.40000	0.03641
405.50000	0.04484
405.60000	0.05324
405.70000	0.06162
405.80000	0.06995
405.90000	0.07824
406.00000	0.08647
406.10000	0.09463
406.20000	0.10272
406.30000	0.11072
406.40000	0.11864
406.50000	0.12646
406.60000	0.13418
406.70000	0.14180
406.80000	0.14931
406.90000	0.15670
407.00000	0.16398
407.10000	0.17115
407.20000	0.17820
407.30000	0.18513
407.40000	0.19194
407.50000	0.19864
407.60000	0.20523
407.70000	0.21171
407.80000	0.21808
407.90000	0.22435
408.00000	0.23053
408.10000	0.23661
408.20000	0.24260
408.30000	0.24852
408.40000	0.25436
408.50000	0.26014
408.60000	0.26585
408.70000	0.27152
408.80000	0.27713
408.90000	0.28271
409.00000	0.28826
409.10000	0.29378
409.20000	0.29928
409.30000	0.30477
409.40000	0.31025
409.50000	0.31573
409.60000	0.32121
409.70000	0.32670
409.80000	0.33219
409.90000	0.33770
410.00000	0.34323
410.10000	0.34877
410.20000	0.35434
410.30000	0.35992
410.40000	0.36551
410.50000	0.37112
410.60000	0.37675
410.70000	0.38238
410.80000	0.38803
410.90000	0.39367
411.00000	0.39931
411.10000	0.40495
411.20000	0.41057
411.30000	0.41617
411.40000	0.42174
411.50000	0.42728
411.60000	0.43277
411.70000	0.43821
411.80000	0.44358
411.90000	0.44889
412.00000	0.45413
412.10000	0.45927
412.20000	0.46432
412.30000	0.46927
412.40000	0.47410
412.50000	0.47881
412.60000	0.48340
412.70000	0.48785
412.80000	0.49215
412.90000	0.49631
413.00000	0.50031
413.10000	0.50416
413.20000	0.50784
413.30000	0.51135
413.40000	0.51469
413.50000	0.51785
413.60000	0.52084
413.70000	0.52366
413.80000	0.52630
413.90000	0.52876
414.00000	0.53104
414.10000	0.53316
414.20000	0.53510
414.30000	0.53688
414.40000	0.53849
414.50000	0.53995
414.60000	0.54126
414.70000	0.54241
414.80000	0.54343
414.90000	0.54431
415.00000	0.54507
415.10000	0.54570
415.20000	0.54623
415.30000	0.54664
415.40000	0.54696
415.50000	0.54719
415.60000	0.54733
415.70000	0.54740
415.80000	0.54739
415.90000	0.54733
416.00000	0.54721
416.10000	0.54704
416.20000	0.54682
416.30000	0.54657
416.40000	0.54627
416.50000	0.54595
416.60000	0.54560
416.70000	0.54522
416.80000	0.54482
416.90000	0.54440
417.00000	0.54395
417.10000	0.54348
417.20000	0.54299
417.30000	0.54247
417.40000	0.54193
417.50000	0.54135
417.60000	0.54074
417.70000	0.54010
417.80000	0.53941
417.90000	0.53867
418.00000	0.53789
418.10000	0.53704
418.20000	0.53613
418.30000	0.53514
418.40000	0.53408
418.50000	0.53293
418.60000	0.53169
418.70000	0.53035
418.80000	0.52890
418.90000	0.52734
419.00000	0.52566
419.10000	0.52385
419.20000	0.52191
419.30000	0.51983
419.40000	0.51760
419.50000	0.51523
419.60000	0.51270
419.70000	0.51002
419.80000	0.50718
419.90000	0.50417
420.00000	0.50100
420.10000	0.49766
420.20000	0.49416
420.30000	0.49048
420.40000	0.48665
420.50000	0.48265
420.60000	0.47849
420.70000	0.47416
420.80000	0.46969
420.90000	0.46506
421.00000	0.46029
421.10000	0.45537
421.20000	0.45033
421.30000	0.44515
421.40000	0.43985
421.50000	0.43444
421.60000	0.42892
421.70000	0.42330
421.80000	0.41759
421.90000	0.41180
422.00000	0.40593
422.10000	0.40000
422.20000	0.39401
422.30000	0.38797
422.40000	0.38188
422.50000	0.37576
422.60000	0.36961
422.70000	0.36343
422.80000	0.35725
422.90000	0.35105
423.00000	0.34485
423.10000	0.33864
423.20000	0.33245
423.30000	0.32626
423.40000	0.32008
423.50000	0.31392
423.60000	0.30777
423.70000	0.30163
423.80000	0.29552
423.90000	0.28942
424.00000	0.28333
424.10000	0.27726
424.20000	0.27120
424.30000	0.26515
424.40000	0.25910
424.50000	0.25306
424.60000	0.24701
424.70000	0.24095
424.80000	0.23489
424.90000	0.22880
425.00000	0.22270
425.10000	0.21657
425.20000	0.21040
425.30000	0.20419
425.40000	0.19794
425.50000	0.19164
425.60000	0.18528
425.70000	0.17886
425.80000	0.17238
425.90000	0.16582
426.00000	0.15919
426.10000	0.15248
426.20000	0.14569
426.30000	0.13881
426.40000	0.13185
426.50000	0.12479
426.60000	0.11765
426.70000	0.11041
426.80000	0.10309
426.90000	0.09567
427.00000	0.08817
427.10000	0.08058
427.20000	0.07291
427.30000	0.06516
427.40000	0.05733
427.50000	0.04943
427.60000	0.04146
427.70000	0.03343
427.80000	0.02535
427.90000	0.01722
428.00000	0.00905
428.10000	0.00084
428.20000	-0.00739
428.30000	-0.01564
428.40000	-0.02390
428.50000	-0.03216
428.60000	-0.04042
428.70000	-0.04866
428.80000	-0.05688
428.90000	-0.06507
429.00000	-0.07323
429.10000	-0.08134
429.20000	-0.08939
429.30000	-0.09739
429.40000	-0.10532
429.50000	-0.11319
429.60000	-0.12097
429.70000	-0.12867
429.80000	-0.13629
429.90000	-0.14382
430.00000	-0.15125
430.10000	-0.15859
430.20000	-0.16584
430.30000	-0.17298
430.40000	-0.18002
430.50000	-0.18697
430.60000	-0.19381
430.70000	-0.20056
430.80000	-0.20721
430.90000	-0.21377
431.00000	-0.22024
431.10000	-0.22662
431.20000	-0.23291
431.30000	-0.23913
431.40000	-0.24527
431.50000	-0.25134
431.60000	-0.25734
431.70000	-0.26329
431.80000	-0.26918
431.90000	-0.27501
432.00000	-0.28081
432.10000	-0.28656
432.20000	-0.29228
432.30000	-0.29797
432.40000	-0.30364
432.50000	-0.30928
432.60000	-0.31491
432.70000	-0.32053
432.80000	-0.32614
432.90000	-0.33174
433.00000	-0.33734
433.10000	-0.34293
433.20000	-0.34853
433.30000	-0.35413
433.40000	-0.35972
433.50000	-0.36532
433.60000	-0.37091
433.70000	-0.37651
433.80000	-0.38209
433.90000	-0.38767
434.00000	-0.39324
434.10000	-0.39880
434.20000	-0.40433
434.30000	-0.40984
434.40000	-0.41533
434.50000	-0.42077
434.60000	-0.42618
434.70000	-0.43154
434.80000	-0.43684
434.90000	-0.44208
435.00000	-0.44726
435.10000	-0.45236
435.20000	-0.45737
435.30000	-0.46230
435.40000	-0.46714
435.50000	-0.47186
435.60000	-0.47648
435.70000	-0.48099
435.80000	-0.48537
435.90000	-0.48962
436.00000	-0.49374
436.10000	-0.49772
436.20000	-0.50155
436.30000	-0.50524
436.40000	-0.50878
436.50000	-0.51216
436.60000	-0.51539
436.70000	-0.51846
436.80000	-0.52137
436.90000	-0.52412
437.00000	-0.52671
437.10000	-0.52914
437.20000	-0.53141
437.30000	-0.53353
437.40000	-0.53549
437.50000	-0.53730
437.60000	-0.53896
437.70000	-0.54048
437.80000	-0.54186
437.90000	-0.54310
438.00000	-0.54421
438.10000	-0.54520
438.20000	-0.54607
438.30000	-0.54682
438.40000	-0.54747
438.50000	-0.54801
438.60000	-0.54846
438.70000	-0.54882
438.80000	-0.54909
438.90000	-0.54928
439.00000	-0.54940
439.10000	-0.54945
439.20000	-0.54943
439.30000	-0.54936
439.40000	-0.54923
439.50000	-0.54905
439.60000	-0.54883
439.70000	-0.54855
439.80000	-0.54824
439.90000	-0.54788
440.00000	-0.54749
440.10000	-0.54705
440.20000	-0.54658
440.30000	-0.54606
440.40000	-0.54551
440.50000	-0.54492
440.60000	-0.54428
440.70000	-0.54359
440.80000	-0.54286
440.90000	-0.54208
441.00000	-0.54124
441.10000	-0.54033
441.20000	-0.53937
441.30000	-0.53833
441.40000	-0.53722
441.50000	-0.53603
441.60000	-0.53476
441.70000	-0.53339
441.80000	-0.53193
441.90000	-0.53037
442.00000	-0.52869
442.10000	-0.52691
442.20000	-0.52501
442.30000	-0.52298
442.40000	-0.52083
442.50000	-0.51855
442.60000	-0.51613
442.70000	-0.51357
442.80000	-0.51087
442.90000	-0.50802
443.00000	-0.50503
443.10000	-0.50189
443.20000	-0.49859
443.30000	-0.49515
443.40000	-0.49155
443.50000	-0.48781
443.60000	-0.48391
443.70000	-0.47987
443.80000	-0.47568
443.90000	-0.47135
444.00000	-0.46687
444.10000	-0.46227
444.20000	-0.45753
444.30000	-0.45266
444.40000	-0.44767
444.50000	-0.44257
444.60000	-0.43735
444.70000	-0.43203
444.80000	-0.42661
444.90000	-0.42110
445.00000	-0.41550
445.10000	-0.40982
445.20000	-0.40408
445.30000	-0.39826
445.40000	-0.39239
445.50000	-0.38646
445.60000	-0.38049
445.70000	-0.37448
445.80000	-0.36843
445.90000	-0.36235
446.00000	-0.35625
446.10000	-0.35013
446.20000	-0.34399
446.30000	-0.33784
446.40000	-0.33169
446.50000	-0.32553
446.60000	-0.31936
446.70000	-0.31320
446.80000	-0.30703
446.90000	-0.30087
447.00000	-0.29471
447.10000	-0.28854
447.20000	-0.28238
447.30000	-0.27622
447.40000	-0.27006
447.50000	-0.26389
447.60000	-0.25771
447.70000	-0.25153
447.80000	-0.24533
447.90000	-0.23911
448.00000	-0.23288
448.10000	-0.22662
448.20000	-0.22033
448.30000	-0.21401
448.40000	-0.20765
448.50000	-0.20126
448.60000	-0.19481
448.70000	-0.18832
448.80000	-0.18177
448.90000	-0.17517
449.00000	-0.16851
449.10000	-0.16178
449.20000	-0.15498
449.30000	-0.14812
449.40000	-0.14118
449.50000	-0.13417
449.60000	-0.12709
449.70000	-0.11993
449.80000	-0.11269
449.90000	-0.10538
450.00000	-0.09799
450.10000	-0.09053
450.20000	-0.08299
450.30000	-0.07539
450.40000	-0.06771
450.50000	-0.05997
450.60000	-0.05217
450.70000	-0.04432
450.80000	-0.03641
450.90000	-0.02845
451.00000	-0.02045
451.10000	-0.01242
451.20000	-0.00435
451.30000	0.00374
451.40000	0.01185
451.50000	0.01997
451.60000	0.02809
451.70000	0.03621
451.80000	0.04433
451.90000	0.05242
452.00000	0.06050
452.10000	0.06855
452.20000	0.07656
452.30000	0.08453
452.40000	0.09246
452.50000	0.10033
452.60000	0.10815
452.70000	0.11590
452.80000	0.12359
452.90000	0.13120
453.00000	0.13874
453.10000	0.14620
453.20000	0.15359
453.30000	0.16089
453.40000	0.16810
453.50000	0.17523
453.60000	0.18228
453.70000	0.18924
453.80000	0.19611
453.90000	0.20290
454.00000	0.20961
454.10000	0.21624
454.20000	0.22278
454.30000	0.22925
454.40000	0.23565
454.50000	0.24197
454.60000	0.24823
454.70000	0.25442
454.80000	0.26055
454.90000	0.26663
455.00000	0.27266
455.10000	0.27863
455.20000	0.28456
455.30000	0.29045
455.40000	0.29631
455.50000	0.30213
455.60000	0.30792
455.70000	0.31368
455.80000	0.31942
455.90000	0.32514
456.00000	0.33084
456.10000	0.33653
456.20000	0.34220
456.30000	0.34785
456.40000	0.35349
456.50000	0.35912
456.60000	0.36474
456.70000	0.37034
456.80000	0.37592
456.90000	0.38149
457.00000	0.38703
457.10000	0.39256
457.20000	0.39806
457.30000	0.40353
457.40000	0.40897
457.50000	0.41437
457.60000	0.41974
457.70000	0.42505
457.80000	0.43032
457.90000	0.43552
458.00000	0.44067
458.10000	0.44575
458.20000	0.45075
458.30000	0.45568
458.40000	0.46052
458.50000	0.46527
458.60000	0.46992
458.70000	0.47447
458.80000	0.47892
458.90000	0.48325
459.00000	0.48746
459.10000	0.49155
459.20000	0.49552
459.30000	0.49935
459.40000	0.50305
459.50000	0.50661
459.60000	0.51003
459.70000	0.51331
459.80000	0.51645
459.90000	0.51944
460.00000	0.52228
460.10000	0.52497
460.20000	0.52752
460.30000	0.52992
460.40000	0.53218
460.50000	0.53430
460.60000	0.53627
460.70000	0.53810
460.80000	0.53979
460.90000	0.54136
461.00000	0.54279
461.10000	0.54409
461.20000	0.54528
461.30000	0.54634
461.40000	0.54729
461.50000	0.54813
461.60000	0.54887
461.70000	0.54950
461.80000	0.55004
461.90000	0.55049
462.00000	0.55086
462.10000	0.55114
462.20000	0.55134
462.30000	0.55147
462.40000	0.55152
462.50000	0.55152
462.60000	0.55144
462.70000	0.55131
462.80000	0.55112
462.90000	0.55087
463.00000	0.55057
463.10000	0.55021
463.20000	0.54980
463.30000	0.54935
463.40000	0.54883
463.50000	0.54827
463.60000	0.54765
463.70000	0.54698
463.80000	0.54625
463.90000	0.54546
464.00000	0.54462
464.10000	0.54371
464.20000	0.54273
464.30000	0.54168
464.40000	0.54056
464.50000	0.53936
464.60000	0.53808
464.70000	0.53671
464.80000	0.53526
464.90000	0.53370
465.00000	0.53205
465.10000	0.53030
465.20000	0.52844
465.30000	0.52647
465.40000	0.52439
465.50000	0.52218
465.60000	0.51985
465.70000	0.51740
465.80000	0.51482
465.90000	0.51210
466.00000	0.50926
466.10000	0.50627
466.20000	0.50315
466.30000	0.49990
466.40000	0.49650
466.50000	0.49296
466.60000	0.48929
466.70000	0.48548
466.80000	0.48153
466.90000	0.47745
467.00000	0.47323
467.10000	0.46889
467.20000	0.46441
467.30000	0.45981
467.40000	0.45510
467.50000	0.45026
467.60000	0.44531
467.70000	0.44026
467.80000	0.43510
467.90000	0.42985
468.00000	0.42450
468.10000	0.41906
468.20000	0.41355
468.30000	0.40795
468.40000	0.40229
468.50000	0.39656
468.60000	0.39077
468.70000	0.38493
468.80000	0.37903
468.90000	0.37309
469.00000	0.36711
469.10000	0.36110
469.20000	0.35505
469.30000	0.34898
469.40000	0.34288
469.50000	0.33676
469.60000	0.33063
469.70000	0.32447
469.80000	0.31831
469.90000	0.31213
470.00000	0.30593
470.10000	0.29973
470.20000	0.29352
470.30000	0.28730
470.40000	0.28106
470.50000	0.27482
470.60000	0.26856
470.70000	0.26228
470.80000	0.25599
470.90000	0.24968
471.00000	0.24335
471.10000	0.23700
471.20000	0.23062
471.30000	0.22421
471.40000	0.21777
471.50000	0.21129
471.60000	0.20478
471.70000	0.19822
471.80000	0.19161
471.90000	0.18496
472.00000	0.17826
472.10000	0.17151
472.20000	0.16470
472.30000	0.15783
472.40000	0.15090
472.50000	0.14392
472.60000	0.13686
472.70000	0.12975
472.80000	0.12257
472.90000	0.11532
473.00000	0.10801
473.10000	0.10063
473.20000	0.09320
473.30000	0.08570
473.40000	0.07814
473.50000	0.07052
473.60000	0.06284
473.70000	0.05512
473.80000	0.04734
473.90000	0.03952
474.00000	0.03166
474.10000	0.02376
474.20000	0.01583
474.30000	0.00787
474.40000	-0.00011
474.50000	-0.00811
474.60000	-0.01612
474.70000	-0.02414
474.80000	-0.03215
474.90000	-0.04017
475.00000	-0.04817
475.10000	-0.05615
475.20000	-0.06412
475.30000	-0.07205
475.40000	-0.07996
475.50000	-0.08782
475.60000	-0.09565
475.70000	-0.10342
475.80000	-0.11115
475.90000	-0.11882
476.00000	-0.12643
476.10000	-0.13398
476.20000	-0.14146
476.30000	-0.14888
476.40000	-0.15622
476.50000	-0.16350
476.60000	-0.17070
476.70000	-0.17782
476.80000	-0.18487
476.90000	-0.19185
477.00000	-0.19875
477.10000	-0.20558
477.20000	-0.21233
477.30000	-0.21902
477.40000	-0.22563
477.50000	-0.23217
477.60000	-0.23865
477.70000	-0.24506
477.80000	-0.25141
477.90000	-0.25770
478.00000	-0.26393
478.10000	-0.27011
478.20000	-0.27624
478.30000	-0.28233
478.40000	-0.28836
478.50000	-0.29436
478.60000	-0.30031
478.70000	-0.30623
478.80000	-0.31212
478.90000	-0.31797
479.00000	-0.32379
479.10000	-0.32959
479.20000	-0.33536
479.30000	-0.34110
479.40000	-0.34681
479.50000	-0.35251
479.60000	-0.35817
479.70000	-0.36382
479.80000	-0.36944
479.90000	-0.37503
480.00000	-0.38059
480.10000	-0.38613
480.20000	-0.39163
480.30000	-0.39710
480.40000	-0.40254
480.50000	-0.40793
480.60000	-0.41329
480.70000	-0.41859
480.80000	-0.42385
480.90000	-0.42905
481.00000	-0.43419
481.10000	-0.43927
481.20000	-0.44428
481.30000	-0.44922
481.40000	-0.45408
481.50000	-0.45886
481.60000	-0.46355
481.70000	-0.46815
481.80000	-0.47266
481.90000	-0.47706
482.00000	-0.48136
482.10000	-0.48554
482.20000	-0.48962
482.30000	-0.49358
482.40000	-0.49741
482.50000	-0.50112
482.60000	-0.50471
482.70000	-0.50817
482.80000	-0.51149
482.90000	-0.51468
483.00000	-0.51774
483.10000	-0.52066
483.20000	-0.52345
483.30000	-0.52609
483.40000	-0.52861
483.50000	-0.53098
483.60000	-0.53322
483.70000	-0.53533
483.80000	-0.53731
483.90000	-0.53915
484.00000	-0.54087
484.10000	-0.54246
484.20000	-0.54393
484.30000	-0.54527
484.40000	-0.54650
484.50000	-0.54762
484.60000	-0.54863
484.70000	-0.54953
484.80000	-0.55033
484.90000	-0.55103
485.00000	-0.55164
485.10000	-0.55215
485.20000	-0.55257
485.30000	-0.55291
485.40000	-0.55317
485.50000	-0.55335
485.60000	-0.55345
485.70000	-0.55348
485.80000	-0.55344
485.90000	-0.55333
486.00000	-0.55315
486.10000	-0.55291
486.20000	-0.55260
486.30000	-0.55223
486.40000	-0.55180
486.50000	-0.55130
486.60000	-0.55075
486.70000	-0.55013
486.80000	-0.54944
486.90000	-0.54869
487.00000	-0.54788
487.10000	-0.54700
487.20000	-0.54604
487.30000	-0.54502
487.40000	-0.54391
487.50000	-0.54274
487.60000	-0.54148
487.70000	-0.54013
487.80000	-0.53870
487.90000	-0.53718
488.00000	-0.53557
488.10000	-0.53386
488.20000	-0.53205
488.30000	-0.53014
488.40000	-0.52812
488.50000	-0.52599
488.60000	-0.52374
488.70000	-0.52139
488.80000	-0.51891
488.90000	-0.51631
489.00000	-0.51359
489.10000	-0.51075
489.20000	-0.50778
489.30000	-0.50468
489.40000	-0.50145
489.50000	-0.49810
489.60000	-0.49461
489.70000	-0.49100
489.80000	-0.48726
489.90000	-0.48339
490.00000	-0.47939
490.10000	-0.47527
490.20000	-0.47103
490.30000	-0.46667
490.40000	-0.46219
490.50000	-0.45759
490.60000	-0.45288
490.70000	-0.44806
490.80000	-0.44314
490.90000	-0.43812
491.00000	-0.43300
491.10000	-0.42779
491.20000	-0.42249
491.30000	-0.41711
491.40000	-0.41165
491.50000	-0.40611
491.60000	-0.40051
491.70000	-0.39484
491.80000	-0.38911
491.90000	-0.38332
492.00000	-0.37748
492.10000	-0.37159
492.20000	-0.36565
492.30000	-0.35968
492.40000	-0.35367
492.50000	-0.34762
492.60000	-0.34154
492.70000	-0.33543
492.80000	-0.32930
492.90000	-0.32314
493.00000	-0.31696
493.10000	-0.31075
493.20000	-0.30453
493.30000	-0.29829
493.40000	-0.29202
493.50000	-0.28574
493.60000	-0.27944
493.70000	-0.27311
493.80000	-0.26677
493.90000	-0.26040
494.00000	-0.25401
494.10000	-0.24759
494.20000	-0.24114
494.30000	-0.23467
494.40000	-0.22817
494.50000	-0.22163
494.60000	-0.21506
494.70000	-0.20845
494.80000	-0.20180
494.90000	-0.19511
495.00000	-0.18837
495.10000	-0.18159
495.20000	-0.17476
495.30000	-0.16788
495.40000	-0.16095
495.50000	-0.15397
495.60000	-0.14693
495.70000	-0.13984
495.80000	-0.13270
495.90000	-0.12549
496.00000	-0.11823
496.10000	-0.11092
496.20000	-0.10355
496.30000	-0.09612
496.40000	-0.08864
496.50000	-0.08111
496.60000	-0.07353
496.70000	-0.06591
496.80000	-0.05823
496.90000	-0.05052
497.00000	-0.04276
497.10000	-0.03497
497.20000	-0.02714
497.30000	-0.01929
497.40000	-0.01141
497.50000	-0.00351
497.60000	0.00440
497.70000	0.01233
497.80000	0.02026
497.90000	0.02820
498.00000	0.03613
498.10000	0.04406
498.20000	0.05197
498.30000	0.05987
498.40000	0.06774
498.50000	0.07559
498.60000	0.08341
498.70000	0.09120
498.80000	0.09894
498.90000	0.10665
499.00000	0.11430
499.10000	0.12191
499.20000	0.12947
499.30000	0.13697
499.40000	0.14441
499.50000	0.15179
499.60000	0.15911
499.70000	0.16637
499.80000	0.17356
499.90000	0.18068
500.00000	0.18774
