WSM
F3OF
DT2
HEAVE
t(s)	HEAVE(m)
0.00000	-9.00000
0.10000	-9.00007
0.20000	-9.00027
0.30000	-9.00053
0.40000	-9.00076
0.50000	-9.00085
0.60000	-9.00077
0.70000	-9.00054
0.80000	-9.00021
0.90000	-8.99981
1.00000	-8.99935
1.10000	-8.99880
1.20000	-8.99813
1.30000	-8.99730
1.40000	-8.99630
1.50000	-8.99514
1.60000	-8.99381
1.70000	-8.99234
1.80000	-8.99075
1.90000	-8.98903
2.00000	-8.98721
2.10000	-8.98530
2.20000	-8.98333
2.30000	-8.98131
2.40000	-8.97928
2.50000	-8.97726
2.60000	-8.97528
2.70000	-8.97336
2.80000	-8.97152
2.90000	-8.96979
3.00000	-8.96817
3.10000	-8.96670
3.20000	-8.96537
3.30000	-8.96420
3.40000	-8.96319
3.50000	-8.96235
3.60000	-8.96167
3.70000	-8.96116
3.80000	-8.96080
3.90000	-8.96059
4.00000	-8.96051
4.10000	-8.96056
4.20000	-8.96072
4.30000	-8.96098
4.40000	-8.96132
4.50000	-8.96173
4.60000	-8.96220
4.70000	-8.96271
4.80000	-8.96326
4.90000	-8.96384
5.00000	-8.96443
5.10000	-8.96505
5.20000	-8.96568
5.30000	-8.96633
5.40000	-8.96700
5.50000	-8.96771
5.60000	-8.96845
5.70000	-8.96924
5.80000	-8.97008
5.90000	-8.97100
6.00000	-8.97199
6.10000	-8.97307
6.20000	-8.97424
6.30000	-8.97552
6.40000	-8.97691
6.50000	-8.97840
6.60000	-8.98000
6.70000	-8.98171
6.80000	-8.98351
6.90000	-8.98541
7.00000	-8.98738
7.10000	-8.98940
7.20000	-8.99148
7.30000	-8.99357
7.40000	-8.99566
7.50000	-8.99773
7.60000	-8.99975
7.70000	-9.00170
7.80000	-9.00356
7.90000	-9.00530
8.00000	-9.00689
8.10000	-9.00832
8.20000	-9.00958
8.30000	-9.01064
8.40000	-9.01149
8.50000	-9.01214
8.60000	-9.01257
8.70000	-9.01278
8.80000	-9.01278
8.90000	-9.01257
9.00000	-9.01217
9.10000	-9.01159
9.20000	-9.01083
9.30000	-9.00992
9.40000	-9.00886
9.50000	-9.00769
9.60000	-9.00640
9.70000	-9.00503
9.80000	-9.00358
9.90000	-9.00207
10.00000	-9.00051
10.10000	-8.99892
10.20000	-8.99729
10.30000	-8.99565
10.40000	-8.99400
10.50000	-8.99234
10.60000	-8.99068
10.70000	-8.98901
10.80000	-8.98734
10.90000	-8.98568
11.00000	-8.98400
11.10000	-8.98233
11.20000	-8.98066
11.30000	-8.97898
11.40000	-8.97730
11.50000	-8.97562
11.60000	-8.97394
11.70000	-8.97228
11.80000	-8.97064
11.90000	-8.96902
12.00000	-8.96746
12.10000	-8.96595
12.20000	-8.96451
12.30000	-8.96317
12.40000	-8.96194
12.50000	-8.96083
12.60000	-8.95987
12.70000	-8.95907
12.80000	-8.95845
12.90000	-8.95802
13.00000	-8.95778
13.10000	-8.95776
13.20000	-8.95794
13.30000	-8.95834
13.40000	-8.95894
13.50000	-8.95976
13.60000	-8.96077
13.70000	-8.96196
13.80000	-8.96332
13.90000	-8.96484
14.00000	-8.96650
14.10000	-8.96827
14.20000	-8.97013
14.30000	-8.97207
14.40000	-8.97406
14.50000	-8.97607
14.60000	-8.97810
14.70000	-8.98011
14.80000	-8.98209
14.90000	-8.98403
15.00000	-8.98591
15.10000	-8.98772
15.20000	-8.98945
15.30000	-8.99111
15.40000	-8.99269
15.50000	-8.99418
15.60000	-8.99560
15.70000	-8.99695
15.80000	-8.99823
15.90000	-8.99945
16.00000	-9.00061
16.10000	-9.00172
16.20000	-9.00279
16.30000	-9.00381
16.40000	-9.00480
16.50000	-9.00575
16.60000	-9.00667
16.70000	-9.00754
16.80000	-9.00837
16.90000	-9.00914
17.00000	-9.00986
17.10000	-9.01051
17.20000	-9.01108
17.30000	-9.01155
17.40000	-9.01193
17.50000	-9.01218
17.60000	-9.01231
17.70000	-9.01230
17.80000	-9.01215
17.90000	-9.01183
18.00000	-9.01135
18.10000	-9.01070
18.20000	-9.00988
18.30000	-9.00889
18.40000	-9.00773
18.50000	-9.00641
18.60000	-9.00494
18.70000	-9.00333
18.80000	-9.00160
18.90000	-8.99977
19.00000	-8.99784
19.10000	-8.99585
19.20000	-8.99381
19.30000	-8.99175
19.40000	-8.98969
19.50000	-8.98765
19.60000	-8.98564
19.70000	-8.98369
19.80000	-8.98182
19.90000	-8.98003
20.00000	-8.97835
20.10000	-8.97679
20.20000	-8.97534
20.30000	-8.97403
20.40000	-8.97284
20.50000	-8.97179
20.60000	-8.97088
20.70000	-8.97009
20.80000	-8.96943
20.90000	-8.96888
21.00000	-8.96845
21.10000	-8.96813
21.20000	-8.96791
21.30000	-8.96778
21.40000	-8.96773
21.50000	-8.96776
21.60000	-8.96787
21.70000	-8.96804
21.80000	-8.96828
21.90000	-8.96859
22.00000	-8.96896
22.10000	-8.96941
22.20000	-8.96992
22.30000	-8.97050
22.40000	-8.97117
22.50000	-8.97191
22.60000	-8.97275
22.70000	-8.97367
22.80000	-8.97468
22.90000	-8.97578
23.00000	-8.97698
23.10000	-8.97826
23.20000	-8.97964
23.30000	-8.98109
23.40000	-8.98263
23.50000	-8.98422
23.60000	-8.98588
23.70000	-8.98757
23.80000	-8.98930
23.90000	-8.99104
24.00000	-8.99279
24.10000	-8.99451
24.20000	-8.99620
24.30000	-8.99785
24.40000	-8.99942
24.50000	-9.00092
24.60000	-9.00232
24.70000	-9.00362
24.80000	-9.00479
24.90000	-9.00585
25.00000	-9.00677
25.10000	-9.00755
25.20000	-9.00820
25.30000	-9.00872
25.40000	-9.00910
25.50000	-9.00936
25.60000	-9.00950
25.70000	-9.00953
25.80000	-9.00945
25.90000	-9.00929
26.00000	-9.00905
26.10000	-9.00875
26.20000	-9.00838
26.30000	-9.00797
26.40000	-9.00751
26.50000	-9.00702
26.60000	-9.00651
26.70000	-9.00597
26.80000	-9.00542
26.90000	-9.00484
27.00000	-9.00424
27.10000	-9.00362
27.20000	-9.00298
27.30000	-9.00230
27.40000	-9.00159
27.50000	-9.00085
27.60000	-9.00005
27.70000	-8.99921
27.80000	-8.99831
27.90000	-8.99735
28.00000	-8.99634
28.10000	-8.99525
28.20000	-8.99411
28.30000	-8.99291
28.40000	-8.99165
28.50000	-8.99034
28.60000	-8.98899
28.70000	-8.98761
28.80000	-8.98621
28.90000	-8.98480
29.00000	-8.98340
29.10000	-8.98202
29.20000	-8.98067
29.30000	-8.97938
29.40000	-8.97815
29.50000	-8.97699
29.60000	-8.97593
29.70000	-8.97497
29.80000	-8.97412
29.90000	-8.97339
30.00000	-8.97278
30.10000	-8.97230
30.20000	-8.97196
30.30000	-8.97174
30.40000	-8.97165
30.50000	-8.97169
30.60000	-8.97185
30.70000	-8.97212
30.80000	-8.97250
30.90000	-8.97297
31.00000	-8.97353
31.10000	-8.97417
31.20000	-8.97489
31.30000	-8.97566
31.40000	-8.97648
31.50000	-8.97735
31.60000	-8.97825
31.70000	-8.97919
31.80000	-8.98015
31.90000	-8.98114
32.00000	-8.98215
32.10000	-8.98319
32.20000	-8.98425
32.30000	-8.98533
32.40000	-8.98643
32.50000	-8.98756
32.60000	-8.98872
32.70000	-8.98991
32.80000	-8.99113
32.90000	-8.99237
33.00000	-8.99365
33.10000	-8.99495
33.20000	-8.99627
33.30000	-8.99761
33.40000	-8.99897
33.50000	-9.00032
33.60000	-9.00167
33.70000	-9.00301
33.80000	-9.00431
33.90000	-9.00558
34.00000	-9.00680
34.10000	-9.00796
34.20000	-9.00904
34.30000	-9.01004
34.40000	-9.01093
34.50000	-9.01171
34.60000	-9.01238
34.70000	-9.01291
34.80000	-9.01331
34.90000	-9.01357
35.00000	-9.01369
35.10000	-9.01366
35.20000	-9.01349
35.30000	-9.01318
35.40000	-9.01274
35.50000	-9.01217
35.60000	-9.01148
35.70000	-9.01067
35.80000	-9.00977
35.90000	-9.00878
36.00000	-9.00770
36.10000	-9.00656
36.20000	-9.00537
36.30000	-9.00413
36.40000	-9.00285
36.50000	-9.00155
36.60000	-9.00024
36.70000	-8.99891
36.80000	-8.99757
36.90000	-8.99624
37.00000	-8.99492
37.10000	-8.99360
37.20000	-8.99229
37.30000	-8.99100
37.40000	-8.98972
37.50000	-8.98845
37.60000	-8.98719
37.70000	-8.98595
37.80000	-8.98473
37.90000	-8.98352
38.00000	-8.98234
38.10000	-8.98117
38.20000	-8.98004
38.30000	-8.97893
38.40000	-8.97786
38.50000	-8.97684
38.60000	-8.97587
38.70000	-8.97496
38.80000	-8.97412
38.90000	-8.97337
39.00000	-8.97270
39.10000	-8.97214
39.20000	-8.97169
39.30000	-8.97136
39.40000	-8.97116
39.50000	-8.97110
39.60000	-8.97118
39.70000	-8.97141
39.80000	-8.97178
39.90000	-8.97230
40.00000	-8.97297
40.10000	-8.97378
40.20000	-8.97473
40.30000	-8.97581
40.40000	-8.97702
40.50000	-8.97833
40.60000	-8.97975
40.70000	-8.98125
40.80000	-8.98283
40.90000	-8.98446
41.00000	-8.98614
41.10000	-8.98785
41.20000	-8.98957
41.30000	-8.99130
41.40000	-8.99301
41.50000	-8.99470
41.60000	-8.99635
41.70000	-8.99796
41.80000	-8.99952
41.90000	-9.00101
42.00000	-9.00244
42.10000	-9.00380
42.20000	-9.00508
42.30000	-9.00629
42.40000	-9.00742
42.50000	-9.00848
42.60000	-9.00945
42.70000	-9.01035
42.80000	-9.01116
42.90000	-9.01190
43.00000	-9.01256
43.10000	-9.01314
43.20000	-9.01364
43.30000	-9.01405
43.40000	-9.01438
43.50000	-9.01462
43.60000	-9.01477
43.70000	-9.01483
43.80000	-9.01479
43.90000	-9.01466
44.00000	-9.01441
44.10000	-9.01406
44.20000	-9.01360
44.30000	-9.01303
44.40000	-9.01234
44.50000	-9.01154
44.60000	-9.01062
44.70000	-9.00960
44.80000	-9.00846
44.90000	-9.00723
45.00000	-9.00590
45.10000	-9.00448
45.20000	-9.00299
45.30000	-9.00143
45.40000	-8.99981
45.50000	-8.99815
45.60000	-8.99647
45.70000	-8.99477
45.80000	-8.99307
45.90000	-8.99139
46.00000	-8.98973
46.10000	-8.98812
46.20000	-8.98657
46.30000	-8.98508
46.40000	-8.98368
46.50000	-8.98236
46.60000	-8.98113
46.70000	-8.98001
46.80000	-8.97899
46.90000	-8.97809
47.00000	-8.97730
47.10000	-8.97662
47.20000	-8.97606
47.30000	-8.97560
47.40000	-8.97525
47.50000	-8.97501
47.60000	-8.97487
47.70000	-8.97483
47.80000	-8.97488
47.90000	-8.97501
48.00000	-8.97523
48.10000	-8.97552
48.20000	-8.97589
48.30000	-8.97633
48.40000	-8.97684
48.50000	-8.97742
48.60000	-8.97806
48.70000	-8.97876
48.80000	-8.97953
48.90000	-8.98035
49.00000	-8.98124
49.10000	-8.98219
49.20000	-8.98321
49.30000	-8.98428
49.40000	-8.98541
49.50000	-8.98659
49.60000	-8.98783
49.70000	-8.98912
49.80000	-8.99045
49.90000	-8.99182
50.00000	-8.99323
50.10000	-8.99465
50.20000	-8.99609
50.30000	-8.99754
50.40000	-8.99898
50.50000	-9.00041
50.60000	-9.00182
50.70000	-9.00318
50.80000	-9.00450
50.90000	-9.00576
51.00000	-9.00695
51.10000	-9.00806
51.20000	-9.00908
51.30000	-9.01001
51.40000	-9.01084
51.50000	-9.01156
51.60000	-9.01217
51.70000	-9.01266
51.80000	-9.01304
51.90000	-9.01331
52.00000	-9.01347
52.10000	-9.01351
52.20000	-9.01345
52.30000	-9.01330
52.40000	-9.01304
52.50000	-9.01270
52.60000	-9.01228
52.70000	-9.01178
52.80000	-9.01122
52.90000	-9.01060
53.00000	-9.00992
53.10000	-9.00919
53.20000	-9.00841
53.30000	-9.00760
53.40000	-9.00675
53.50000	-9.00587
53.60000	-9.00496
53.70000	-9.00402
53.80000	-9.00305
53.90000	-9.00206
54.00000	-9.00105
54.10000	-9.00001
54.20000	-8.99895
54.30000	-8.99787
54.40000	-8.99677
54.50000	-8.99566
54.60000	-8.99452
54.70000	-8.99338
54.80000	-8.99222
54.90000	-8.99106
55.00000	-8.98991
55.10000	-8.98876
55.20000	-8.98762
55.30000	-8.98651
55.40000	-8.98543
55.50000	-8.98439
55.60000	-8.98340
55.70000	-8.98246
55.80000	-8.98159
55.90000	-8.98079
56.00000	-8.98007
56.10000	-8.97943
56.20000	-8.97889
56.30000	-8.97845
56.40000	-8.97812
56.50000	-8.97788
56.60000	-8.97775
56.70000	-8.97773
56.80000	-8.97782
56.90000	-8.97801
57.00000	-8.97830
57.10000	-8.97868
57.20000	-8.97916
57.30000	-8.97972
57.40000	-8.98036
57.50000	-8.98107
57.60000	-8.98184
57.70000	-8.98268
57.80000	-8.98356
57.90000	-8.98449
58.00000	-8.98545
58.10000	-8.98645
58.20000	-8.98747
58.30000	-8.98851
58.40000	-8.98957
58.50000	-8.99064
58.60000	-8.99172
58.70000	-8.99281
58.80000	-8.99390
58.90000	-8.99500
59.00000	-8.99610
59.10000	-8.99720
59.20000	-8.99830
59.30000	-8.99940
59.40000	-9.00050
59.50000	-9.00159
59.60000	-9.00267
59.70000	-9.00374
59.80000	-9.00479
59.90000	-9.00582
60.00000	-9.00683
60.10000	-9.00780
60.20000	-9.00873
60.30000	-9.00962
60.40000	-9.01045
60.50000	-9.01122
60.60000	-9.01193
60.70000	-9.01256
60.80000	-9.01311
60.90000	-9.01357
61.00000	-9.01393
61.10000	-9.01419
61.20000	-9.01435
61.30000	-9.01440
61.40000	-9.01434
61.50000	-9.01416
61.60000	-9.01388
61.70000	-9.01348
61.80000	-9.01298
61.90000	-9.01237
62.00000	-9.01166
62.10000	-9.01086
62.20000	-9.00997
62.30000	-9.00900
62.40000	-9.00796
62.50000	-9.00686
62.60000	-9.00571
62.70000	-9.00451
62.80000	-9.00327
62.90000	-9.00200
63.00000	-9.00072
63.10000	-8.99942
63.20000	-8.99812
63.30000	-8.99682
63.40000	-8.99553
63.50000	-8.99426
63.60000	-8.99300
63.70000	-8.99177
63.80000	-8.99056
63.90000	-8.98939
64.00000	-8.98825
64.10000	-8.98714
64.20000	-8.98608
64.30000	-8.98506
64.40000	-8.98409
64.50000	-8.98316
64.60000	-8.98229
64.70000	-8.98147
64.80000	-8.98072
64.90000	-8.98003
65.00000	-8.97940
65.10000	-8.97885
65.20000	-8.97838
65.30000	-8.97799
65.40000	-8.97769
65.50000	-8.97748
65.60000	-8.97737
65.70000	-8.97737
65.80000	-8.97746
65.90000	-8.97767
66.00000	-8.97799
66.10000	-8.97841
66.20000	-8.97895
66.30000	-8.97961
66.40000	-8.98037
66.50000	-8.98123
66.60000	-8.98220
66.70000	-8.98326
66.80000	-8.98441
66.90000	-8.98564
67.00000	-8.98694
67.10000	-8.98831
67.20000	-8.98973
67.30000	-8.99119
67.40000	-8.99268
67.50000	-8.99419
67.60000	-8.99571
67.70000	-8.99722
67.80000	-8.99872
67.90000	-9.00020
68.00000	-9.00165
68.10000	-9.00305
68.20000	-9.00440
68.30000	-9.00570
68.40000	-9.00693
68.50000	-9.00809
68.60000	-9.00918
68.70000	-9.01019
68.80000	-9.01112
68.90000	-9.01196
69.00000	-9.01273
69.10000	-9.01340
69.20000	-9.01399
69.30000	-9.01449
69.40000	-9.01490
69.50000	-9.01523
69.60000	-9.01546
69.70000	-9.01561
69.80000	-9.01567
69.90000	-9.01564
70.00000	-9.01552
70.10000	-9.01532
70.20000	-9.01502
70.30000	-9.01464
70.40000	-9.01417
70.50000	-9.01360
70.60000	-9.01296
70.70000	-9.01222
70.80000	-9.01140
70.90000	-9.01049
71.00000	-9.00950
71.10000	-9.00844
71.20000	-9.00730
71.30000	-9.00609
71.40000	-9.00483
71.50000	-9.00350
71.60000	-9.00213
71.70000	-9.00072
71.80000	-8.99927
71.90000	-8.99781
72.00000	-8.99633
72.10000	-8.99486
72.20000	-8.99339
72.30000	-8.99195
72.40000	-8.99053
72.50000	-8.98916
72.60000	-8.98784
72.70000	-8.98659
72.80000	-8.98540
72.90000	-8.98429
73.00000	-8.98327
73.10000	-8.98234
73.20000	-8.98150
73.30000	-8.98077
73.40000	-8.98014
73.50000	-8.97961
73.60000	-8.97920
73.70000	-8.97888
73.80000	-8.97868
73.90000	-8.97858
74.00000	-8.97858
74.10000	-8.97867
74.20000	-8.97887
74.30000	-8.97915
74.40000	-8.97952
74.50000	-8.97997
74.60000	-8.98051
74.70000	-8.98111
74.80000	-8.98179
74.90000	-8.98253
75.00000	-8.98333
75.10000	-8.98419
75.20000	-8.98511
75.30000	-8.98607
75.40000	-8.98709
75.50000	-8.98814
75.60000	-8.98924
75.70000	-8.99038
75.80000	-8.99154
75.90000	-8.99274
76.00000	-8.99396
76.10000	-8.99520
76.20000	-8.99645
76.30000	-8.99772
76.40000	-8.99899
76.50000	-9.00025
76.60000	-9.00150
76.70000	-9.00274
76.80000	-9.00396
76.90000	-9.00514
77.00000	-9.00628
77.10000	-9.00737
77.20000	-9.00841
77.30000	-9.00939
77.40000	-9.01030
77.50000	-9.01113
77.60000	-9.01188
77.70000	-9.01255
77.80000	-9.01312
77.90000	-9.01360
78.00000	-9.01397
78.10000	-9.01425
78.20000	-9.01443
78.30000	-9.01451
78.40000	-9.01448
78.50000	-9.01436
78.60000	-9.01415
78.70000	-9.01384
78.80000	-9.01345
78.90000	-9.01297
79.00000	-9.01242
79.10000	-9.01180
79.20000	-9.01111
79.30000	-9.01036
79.40000	-9.00956
79.50000	-9.00871
79.60000	-9.00782
79.70000	-9.00690
79.80000	-9.00594
79.90000	-9.00496
80.00000	-9.00395
80.10000	-9.00293
80.20000	-9.00189
80.30000	-9.00084
80.40000	-8.99979
80.50000	-8.99873
80.60000	-8.99767
80.70000	-8.99661
80.80000	-8.99556
80.90000	-8.99451
81.00000	-8.99348
81.10000	-8.99246
81.20000	-8.99146
81.30000	-8.99048
81.40000	-8.98952
81.50000	-8.98860
81.60000	-8.98771
81.70000	-8.98686
81.80000	-8.98605
81.90000	-8.98530
82.00000	-8.98460
82.10000	-8.98396
82.20000	-8.98338
82.30000	-8.98288
82.40000	-8.98245
82.50000	-8.98211
82.60000	-8.98184
82.70000	-8.98166
82.80000	-8.98157
82.90000	-8.98157
83.00000	-8.98166
83.10000	-8.98184
83.20000	-8.98210
83.30000	-8.98245
83.40000	-8.98289
83.50000	-8.98341
83.60000	-8.98400
83.70000	-8.98467
83.80000	-8.98540
83.90000	-8.98620
84.00000	-8.98704
84.10000	-8.98794
84.20000	-8.98888
84.30000	-8.98985
84.40000	-8.99086
84.50000	-8.99189
84.60000	-8.99293
84.70000	-8.99399
84.80000	-8.99505
84.90000	-8.99612
85.00000	-8.99718
85.10000	-8.99824
85.20000	-8.99928
85.30000	-9.00031
85.40000	-9.00132
85.50000	-9.00232
85.60000	-9.00329
85.70000	-9.00423
85.80000	-9.00514
85.90000	-9.00603
86.00000	-9.00688
86.10000	-9.00769
86.20000	-9.00846
86.30000	-9.00919
86.40000	-9.00988
86.50000	-9.01051
86.60000	-9.01109
86.70000	-9.01162
86.80000	-9.01208
86.90000	-9.01248
87.00000	-9.01281
87.10000	-9.01307
87.20000	-9.01326
87.30000	-9.01337
87.40000	-9.01339
87.50000	-9.01334
87.60000	-9.01320
87.70000	-9.01297
87.80000	-9.01267
87.90000	-9.01227
88.00000	-9.01180
88.10000	-9.01124
88.20000	-9.01060
88.30000	-9.00989
88.40000	-9.00911
88.50000	-9.00826
88.60000	-9.00736
88.70000	-9.00640
88.80000	-9.00539
88.90000	-9.00434
89.00000	-9.00326
89.10000	-9.00215
89.20000	-9.00102
89.30000	-8.99988
89.40000	-8.99874
89.50000	-8.99760
89.60000	-8.99646
89.70000	-8.99534
89.80000	-8.99424
89.90000	-8.99317
90.00000	-8.99212
90.10000	-8.99111
90.20000	-8.99014
90.30000	-8.98921
90.40000	-8.98833
90.50000	-8.98749
90.60000	-8.98671
90.70000	-8.98598
90.80000	-8.98530
90.90000	-8.98469
91.00000	-8.98413
91.10000	-8.98363
91.20000	-8.98320
91.30000	-8.98284
91.40000	-8.98254
91.50000	-8.98232
91.60000	-8.98216
91.70000	-8.98208
91.80000	-8.98208
91.90000	-8.98215
92.00000	-8.98231
92.10000	-8.98254
92.20000	-8.98286
92.30000	-8.98325
92.40000	-8.98373
92.50000	-8.98429
92.60000	-8.98493
92.70000	-8.98565
92.80000	-8.98644
92.90000	-8.98731
93.00000	-8.98824
93.10000	-8.98924
93.20000	-8.99029
93.30000	-8.99139
93.40000	-8.99254
93.50000	-8.99373
93.60000	-8.99495
93.70000	-8.99618
93.80000	-8.99744
93.90000	-8.99869
94.00000	-8.99995
94.10000	-9.00119
94.20000	-9.00241
94.30000	-9.00361
94.40000	-9.00477
94.50000	-9.00588
94.60000	-9.00695
94.70000	-9.00796
94.80000	-9.00892
94.90000	-9.00980
95.00000	-9.01062
95.10000	-9.01136
95.20000	-9.01203
95.30000	-9.01262
95.40000	-9.01313
95.50000	-9.01356
95.60000	-9.01390
95.70000	-9.01417
95.80000	-9.01435
95.90000	-9.01445
96.00000	-9.01446
96.10000	-9.01440
96.20000	-9.01426
96.30000	-9.01403
96.40000	-9.01373
96.50000	-9.01336
96.60000	-9.01290
96.70000	-9.01238
96.80000	-9.01179
96.90000	-9.01112
97.00000	-9.01039
97.10000	-9.00960
97.20000	-9.00874
97.30000	-9.00783
97.40000	-9.00686
97.50000	-9.00584
97.60000	-9.00478
97.70000	-9.00367
97.80000	-9.00253
97.90000	-9.00136
98.00000	-9.00017
98.10000	-8.99895
98.20000	-8.99773
98.30000	-8.99651
98.40000	-8.99529
98.50000	-8.99409
98.60000	-8.99290
98.70000	-8.99175
98.80000	-8.99063
98.90000	-8.98955
99.00000	-8.98853
99.10000	-8.98756
99.20000	-8.98666
99.30000	-8.98583
99.40000	-8.98508
99.50000	-8.98440
99.60000	-8.98381
99.70000	-8.98331
99.80000	-8.98290
99.90000	-8.98258
100.00000	-8.98235
100.10000	-8.98221
100.20000	-8.98216
100.30000	-8.98221
100.40000	-8.98234
100.50000	-8.98256
100.60000	-8.98286
100.70000	-8.98324
100.80000	-8.98369
100.90000	-8.98422
101.00000	-8.98482
101.10000	-8.98548
101.20000	-8.98620
101.30000	-8.98697
101.40000	-8.98780
101.50000	-8.98867
101.60000	-8.98959
101.70000	-8.99054
101.80000	-8.99152
101.90000	-8.99254
102.00000	-8.99358
102.10000	-8.99464
102.20000	-8.99571
102.30000	-8.99680
102.40000	-8.99789
102.50000	-8.99899
102.60000	-9.00009
102.70000	-9.00118
102.80000	-9.00225
102.90000	-9.00331
103.00000	-9.00435
103.10000	-9.00536
103.20000	-9.00634
103.30000	-9.00727
103.40000	-9.00816
103.50000	-9.00900
103.60000	-9.00979
103.70000	-9.01051
103.80000	-9.01117
103.90000	-9.01176
104.00000	-9.01228
104.10000	-9.01271
104.20000	-9.01307
104.30000	-9.01335
104.40000	-9.01354
104.50000	-9.01364
104.60000	-9.01366
104.70000	-9.01359
104.80000	-9.01344
104.90000	-9.01321
105.00000	-9.01289
105.10000	-9.01250
105.20000	-9.01203
105.30000	-9.01149
105.40000	-9.01089
105.50000	-9.01023
105.60000	-9.00951
105.70000	-9.00874
105.80000	-9.00793
105.90000	-9.00708
106.00000	-9.00619
106.10000	-9.00527
106.20000	-9.00433
106.30000	-9.00337
106.40000	-9.00240
106.50000	-9.00142
106.60000	-9.00044
106.70000	-8.99945
106.80000	-8.99847
106.90000	-8.99750
107.00000	-8.99653
107.10000	-8.99559
107.20000	-8.99466
107.30000	-8.99375
107.40000	-8.99287
107.50000	-8.99201
107.60000	-8.99119
107.70000	-8.99040
107.80000	-8.98965
107.90000	-8.98894
108.00000	-8.98827
108.10000	-8.98766
108.20000	-8.98709
108.30000	-8.98658
108.40000	-8.98612
108.50000	-8.98573
108.60000	-8.98539
108.70000	-8.98513
108.80000	-8.98493
108.90000	-8.98480
109.00000	-8.98474
109.10000	-8.98476
109.20000	-8.98485
109.30000	-8.98501
109.40000	-8.98525
109.50000	-8.98555
109.60000	-8.98593
109.70000	-8.98637
109.80000	-8.98688
109.90000	-8.98746
110.00000	-8.98809
110.10000	-8.98877
110.20000	-8.98951
110.30000	-8.99029
110.40000	-8.99111
110.50000	-8.99197
110.60000	-8.99286
110.70000	-8.99377
110.80000	-8.99470
110.90000	-8.99564
111.00000	-8.99659
111.10000	-8.99755
111.20000	-8.99850
111.30000	-8.99945
111.40000	-9.00039
111.50000	-9.00131
111.60000	-9.00222
111.70000	-9.00310
111.80000	-9.00396
111.90000	-9.00478
112.00000	-9.00558
112.10000	-9.00635
112.20000	-9.00708
112.30000	-9.00776
112.40000	-9.00841
112.50000	-9.00902
112.60000	-9.00958
112.70000	-9.01009
112.80000	-9.01056
112.90000	-9.01097
113.00000	-9.01133
113.10000	-9.01163
113.20000	-9.01187
113.30000	-9.01206
113.40000	-9.01218
113.50000	-9.01224
113.60000	-9.01223
113.70000	-9.01216
113.80000	-9.01202
113.90000	-9.01182
114.00000	-9.01155
114.10000	-9.01121
114.20000	-9.01080
114.30000	-9.01033
114.40000	-9.00979
114.50000	-9.00920
114.60000	-9.00854
114.70000	-9.00783
114.80000	-9.00707
114.90000	-9.00626
115.00000	-9.00541
115.10000	-9.00452
115.20000	-9.00359
115.30000	-9.00264
115.40000	-9.00167
115.50000	-9.00068
115.60000	-8.99969
115.70000	-8.99869
115.80000	-8.99769
115.90000	-8.99670
116.00000	-8.99572
116.10000	-8.99476
116.20000	-8.99382
116.30000	-8.99292
116.40000	-8.99205
116.50000	-8.99121
116.60000	-8.99042
116.70000	-8.98967
116.80000	-8.98896
116.90000	-8.98831
117.00000	-8.98771
117.10000	-8.98717
117.20000	-8.98669
117.30000	-8.98626
117.40000	-8.98589
117.50000	-8.98559
117.60000	-8.98535
117.70000	-8.98518
117.80000	-8.98507
117.90000	-8.98502
118.00000	-8.98505
118.10000	-8.98514
118.20000	-8.98530
118.30000	-8.98553
118.40000	-8.98582
118.50000	-8.98618
118.60000	-8.98661
118.70000	-8.98711
118.80000	-8.98766
118.90000	-8.98828
119.00000	-8.98896
119.10000	-8.98970
119.20000	-8.99049
119.30000	-8.99134
119.40000	-8.99223
119.50000	-8.99316
119.60000	-8.99413
119.70000	-8.99513
119.80000	-8.99616
119.90000	-8.99721
120.00000	-8.99828
120.10000	-8.99935
120.20000	-9.00042
120.30000	-9.00149
120.40000	-9.00255
120.50000	-9.00359
120.60000	-9.00460
120.70000	-9.00558
120.80000	-9.00652
120.90000	-9.00743
121.00000	-9.00828
121.10000	-9.00908
121.20000	-9.00982
121.30000	-9.01050
121.40000	-9.01111
121.50000	-9.01166
121.60000	-9.01214
121.70000	-9.01254
121.80000	-9.01287
121.90000	-9.01312
122.00000	-9.01330
122.10000	-9.01340
122.20000	-9.01343
122.30000	-9.01338
122.40000	-9.01326
122.50000	-9.01307
122.60000	-9.01280
122.70000	-9.01246
122.80000	-9.01206
122.90000	-9.01159
123.00000	-9.01106
123.10000	-9.01047
123.20000	-9.00981
123.30000	-9.00911
123.40000	-9.00835
123.50000	-9.00754
123.60000	-9.00669
123.70000	-9.00580
123.80000	-9.00487
123.90000	-9.00390
124.00000	-9.00291
124.10000	-9.00189
124.20000	-9.00086
124.30000	-8.99981
124.40000	-8.99875
124.50000	-8.99769
124.60000	-8.99663
124.70000	-8.99559
124.80000	-8.99455
124.90000	-8.99354
125.00000	-8.99256
125.10000	-8.99161
125.20000	-8.99070
125.30000	-8.98984
125.40000	-8.98902
125.50000	-8.98827
125.60000	-8.98757
125.70000	-8.98694
125.80000	-8.98638
125.90000	-8.98589
126.00000	-8.98548
126.10000	-8.98514
126.20000	-8.98489
126.30000	-8.98471
126.40000	-8.98462
126.50000	-8.98461
126.60000	-8.98468
126.70000	-8.98483
126.80000	-8.98505
126.90000	-8.98536
127.00000	-8.98573
127.10000	-8.98618
127.20000	-8.98669
127.30000	-8.98727
127.40000	-8.98790
127.50000	-8.98859
127.60000	-8.98933
127.70000	-8.99012
127.80000	-8.99095
127.90000	-8.99181
128.00000	-8.99271
128.10000	-8.99364
128.20000	-8.99459
128.30000	-8.99556
128.40000	-8.99655
128.50000	-8.99754
128.60000	-8.99854
128.70000	-8.99954
128.80000	-9.00054
128.90000	-9.00153
129.00000	-9.00250
129.10000	-9.00346
129.20000	-9.00439
129.30000	-9.00530
129.40000	-9.00618
129.50000	-9.00701
129.60000	-9.00781
129.70000	-9.00857
129.80000	-9.00927
129.90000	-9.00992
130.00000	-9.01052
130.10000	-9.01105
130.20000	-9.01152
130.30000	-9.01193
130.40000	-9.01226
130.50000	-9.01252
130.60000	-9.01271
130.70000	-9.01283
130.80000	-9.01287
130.90000	-9.01283
131.00000	-9.01272
131.10000	-9.01253
131.20000	-9.01227
131.30000	-9.01194
131.40000	-9.01154
131.50000	-9.01107
131.60000	-9.01054
131.70000	-9.00995
131.80000	-9.00931
131.90000	-9.00862
132.00000	-9.00787
132.10000	-9.00709
132.20000	-9.00627
132.30000	-9.00542
132.40000	-9.00454
132.50000	-9.00365
132.60000	-9.00273
132.70000	-9.00180
132.80000	-9.00087
132.90000	-8.99994
133.00000	-8.99901
133.10000	-8.99808
133.20000	-8.99717
133.30000	-8.99627
133.40000	-8.99539
133.50000	-8.99454
133.60000	-8.99371
133.70000	-8.99291
133.80000	-8.99215
133.90000	-8.99142
134.00000	-8.99073
134.10000	-8.99008
134.20000	-8.98948
134.30000	-8.98893
134.40000	-8.98843
134.50000	-8.98797
134.60000	-8.98758
134.70000	-8.98724
134.80000	-8.98696
134.90000	-8.98674
135.00000	-8.98658
135.10000	-8.98649
135.20000	-8.98646
135.30000	-8.98649
135.40000	-8.98659
135.50000	-8.98676
135.60000	-8.98699
135.70000	-8.98728
135.80000	-8.98764
135.90000	-8.98805
136.00000	-8.98853
136.10000	-8.98906
136.20000	-8.98965
136.30000	-8.99028
136.40000	-8.99096
136.50000	-8.99169
136.60000	-8.99245
136.70000	-8.99325
136.80000	-8.99407
136.90000	-8.99492
137.00000	-8.99579
137.10000	-8.99667
137.20000	-8.99756
137.30000	-8.99846
137.40000	-8.99935
137.50000	-9.00024
137.60000	-9.00112
137.70000	-9.00199
137.80000	-9.00283
137.90000	-9.00366
138.00000	-9.00446
138.10000	-9.00522
138.20000	-9.00596
138.30000	-9.00665
138.40000	-9.00731
138.50000	-9.00793
138.60000	-9.00850
138.70000	-9.00903
138.80000	-9.00950
138.90000	-9.00993
139.00000	-9.01031
139.10000	-9.01063
139.20000	-9.01090
139.30000	-9.01112
139.40000	-9.01128
139.50000	-9.01138
139.60000	-9.01142
139.70000	-9.01141
139.80000	-9.01134
139.90000	-9.01121
140.00000	-9.01102
140.10000	-9.01077
140.20000	-9.01047
140.30000	-9.01011
140.40000	-9.00969
140.50000	-9.00923
140.60000	-9.00870
140.70000	-9.00813
140.80000	-9.00752
140.90000	-9.00686
141.00000	-9.00615
141.10000	-9.00541
141.20000	-9.00464
141.30000	-9.00383
141.40000	-9.00300
141.50000	-9.00215
141.60000	-9.00128
141.70000	-9.00040
141.80000	-8.99952
141.90000	-8.99863
142.00000	-8.99774
142.10000	-8.99687
142.20000	-8.99601
142.30000	-8.99516
142.40000	-8.99434
142.50000	-8.99355
142.60000	-8.99278
142.70000	-8.99205
142.80000	-8.99136
142.90000	-8.99072
143.00000	-8.99012
143.10000	-8.98956
143.20000	-8.98906
143.30000	-8.98861
143.40000	-8.98821
143.50000	-8.98787
143.60000	-8.98759
143.70000	-8.98737
143.80000	-8.98720
143.90000	-8.98710
144.00000	-8.98705
144.10000	-8.98707
144.20000	-8.98714
144.30000	-8.98728
144.40000	-8.98747
144.50000	-8.98772
144.60000	-8.98803
144.70000	-8.98840
144.80000	-8.98882
144.90000	-8.98930
145.00000	-8.98982
145.10000	-8.99040
145.20000	-8.99102
145.30000	-8.99169
145.40000	-8.99241
145.50000	-8.99316
145.60000	-8.99394
145.70000	-8.99476
145.80000	-8.99561
145.90000	-8.99648
146.00000	-8.99737
146.10000	-8.99827
146.20000	-8.99919
146.30000	-9.00011
146.40000	-9.00103
146.50000	-9.00194
146.60000	-9.00285
146.70000	-9.00374
146.80000	-9.00460
146.90000	-9.00544
147.00000	-9.00625
147.10000	-9.00702
147.20000	-9.00775
147.30000	-9.00844
147.40000	-9.00908
147.50000	-9.00966
147.60000	-9.01019
147.70000	-9.01066
147.80000	-9.01106
147.90000	-9.01140
148.00000	-9.01168
148.10000	-9.01189
148.20000	-9.01203
148.30000	-9.01211
148.40000	-9.01212
148.50000	-9.01206
148.60000	-9.01193
148.70000	-9.01174
148.80000	-9.01148
148.90000	-9.01116
149.00000	-9.01078
149.10000	-9.01034
149.20000	-9.00985
149.30000	-9.00930
149.40000	-9.00870
149.50000	-9.00806
149.60000	-9.00737
149.70000	-9.00664
149.80000	-9.00587
149.90000	-9.00507
150.00000	-9.00424
150.10000	-9.00338
150.20000	-9.00250
150.30000	-9.00161
150.40000	-9.00070
150.50000	-8.99979
150.60000	-8.99887
150.70000	-8.99795
150.80000	-8.99704
150.90000	-8.99613
151.00000	-8.99525
151.10000	-8.99438
151.20000	-8.99354
151.30000	-8.99273
151.40000	-8.99195
151.50000	-8.99121
151.60000	-8.99052
151.70000	-8.98987
151.80000	-8.98928
151.90000	-8.98874
152.00000	-8.98826
152.10000	-8.98784
152.20000	-8.98749
152.30000	-8.98720
152.40000	-8.98698
152.50000	-8.98684
152.60000	-8.98676
152.70000	-8.98675
152.80000	-8.98681
152.90000	-8.98695
153.00000	-8.98715
153.10000	-8.98742
153.20000	-8.98775
153.30000	-8.98815
153.40000	-8.98861
153.50000	-8.98912
153.60000	-8.98969
153.70000	-8.99031
153.80000	-8.99098
153.90000	-8.99169
154.00000	-8.99243
154.10000	-8.99322
154.20000	-8.99403
154.30000	-8.99486
154.40000	-8.99572
154.50000	-8.99659
154.60000	-8.99748
154.70000	-8.99837
154.80000	-8.99927
154.90000	-9.00016
155.00000	-9.00105
155.10000	-9.00192
155.20000	-9.00278
155.30000	-9.00363
155.40000	-9.00445
155.50000	-9.00524
155.60000	-9.00601
155.70000	-9.00674
155.80000	-9.00743
155.90000	-9.00808
156.00000	-9.00868
156.10000	-9.00924
156.20000	-9.00974
156.30000	-9.01019
156.40000	-9.01059
156.50000	-9.01093
156.60000	-9.01120
156.70000	-9.01142
156.80000	-9.01157
156.90000	-9.01165
157.00000	-9.01168
157.10000	-9.01163
157.20000	-9.01152
157.30000	-9.01135
157.40000	-9.01111
157.50000	-9.01081
157.60000	-9.01045
157.70000	-9.01003
157.80000	-9.00955
157.90000	-9.00903
158.00000	-9.00845
158.10000	-9.00783
158.20000	-9.00716
158.30000	-9.00646
158.40000	-9.00572
158.50000	-9.00495
158.60000	-9.00416
158.70000	-9.00335
158.80000	-9.00252
158.90000	-9.00168
159.00000	-9.00084
159.10000	-9.00000
159.20000	-8.99915
159.30000	-8.99832
159.40000	-8.99749
159.50000	-8.99669
159.60000	-8.99590
159.70000	-8.99513
159.80000	-8.99439
159.90000	-8.99369
160.00000	-8.99301
160.10000	-8.99237
160.20000	-8.99177
160.30000	-8.99121
160.40000	-8.99070
160.50000	-8.99023
160.60000	-8.98981
160.70000	-8.98944
160.80000	-8.98912
160.90000	-8.98885
161.00000	-8.98864
161.10000	-8.98848
161.20000	-8.98838
161.30000	-8.98833
161.40000	-8.98834
161.50000	-8.98840
161.60000	-8.98853
161.70000	-8.98870
161.80000	-8.98894
161.90000	-8.98922
162.00000	-8.98956
162.10000	-8.98995
162.20000	-8.99039
162.30000	-8.99088
162.40000	-8.99141
162.50000	-8.99198
162.60000	-8.99259
162.70000	-8.99324
162.80000	-8.99392
162.90000	-8.99463
163.00000	-8.99536
163.10000	-8.99611
163.20000	-8.99688
163.30000	-8.99766
163.40000	-8.99845
163.50000	-8.99924
163.60000	-9.00003
163.70000	-9.00081
163.80000	-9.00159
163.90000	-9.00235
164.00000	-9.00309
164.10000	-9.00382
164.20000	-9.00452
164.30000	-9.00519
164.40000	-9.00582
164.50000	-9.00643
164.60000	-9.00700
164.70000	-9.00753
164.80000	-9.00801
164.90000	-9.00846
165.00000	-9.00886
165.10000	-9.00921
165.20000	-9.00951
165.30000	-9.00977
165.40000	-9.00998
165.50000	-9.01013
165.60000	-9.01024
165.70000	-9.01029
165.80000	-9.01029
165.90000	-9.01024
166.00000	-9.01014
166.10000	-9.00999
166.20000	-9.00979
166.30000	-9.00954
166.40000	-9.00924
166.50000	-9.00890
166.60000	-9.00851
166.70000	-9.00807
166.80000	-9.00759
166.90000	-9.00708
167.00000	-9.00652
167.10000	-9.00593
167.20000	-9.00531
167.30000	-9.00465
167.40000	-9.00397
167.50000	-9.00327
167.60000	-9.00255
167.70000	-9.00181
167.80000	-9.00106
167.90000	-9.00030
168.00000	-8.99953
168.10000	-8.99877
168.20000	-8.99800
168.30000	-8.99725
168.40000	-8.99651
168.50000	-8.99578
168.60000	-8.99508
168.70000	-8.99439
168.80000	-8.99374
168.90000	-8.99312
169.00000	-8.99253
169.10000	-8.99197
169.20000	-8.99146
169.30000	-8.99099
169.40000	-8.99056
169.50000	-8.99019
169.60000	-8.98986
169.70000	-8.98958
169.80000	-8.98935
169.90000	-8.98917
170.00000	-8.98905
170.10000	-8.98898
170.20000	-8.98896
170.30000	-8.98900
170.40000	-8.98909
170.50000	-8.98923
170.60000	-8.98942
170.70000	-8.98967
170.80000	-8.98996
170.90000	-8.99030
171.00000	-8.99069
171.10000	-8.99113
171.20000	-8.99160
171.30000	-8.99212
171.40000	-8.99267
171.50000	-8.99327
171.60000	-8.99389
171.70000	-8.99455
171.80000	-8.99523
171.90000	-8.99594
172.00000	-8.99667
172.10000	-8.99742
172.20000	-8.99818
172.30000	-8.99895
172.40000	-8.99973
172.50000	-9.00051
172.60000	-9.00129
172.70000	-9.00206
172.80000	-9.00282
172.90000	-9.00357
173.00000	-9.00430
173.10000	-9.00500
173.20000	-9.00568
173.30000	-9.00633
173.40000	-9.00695
173.50000	-9.00753
173.60000	-9.00806
173.70000	-9.00856
173.80000	-9.00900
173.90000	-9.00940
174.00000	-9.00974
174.10000	-9.01003
174.20000	-9.01026
174.30000	-9.01044
174.40000	-9.01056
174.50000	-9.01062
174.60000	-9.01062
174.70000	-9.01057
174.80000	-9.01046
174.90000	-9.01029
175.00000	-9.01006
175.10000	-9.00978
175.20000	-9.00945
175.30000	-9.00906
175.40000	-9.00863
175.50000	-9.00815
175.60000	-9.00763
175.70000	-9.00707
175.80000	-9.00647
175.90000	-9.00583
176.00000	-9.00516
176.10000	-9.00447
176.20000	-9.00375
176.30000	-9.00301
176.40000	-9.00225
176.50000	-9.00147
176.60000	-9.00069
176.70000	-8.99990
176.80000	-8.99911
176.90000	-8.99833
177.00000	-8.99754
177.10000	-8.99677
177.20000	-8.99601
177.30000	-8.99527
177.40000	-8.99455
177.50000	-8.99386
177.60000	-8.99319
177.70000	-8.99256
177.80000	-8.99196
177.90000	-8.99141
178.00000	-8.99090
178.10000	-8.99043
178.20000	-8.99001
178.30000	-8.98965
178.40000	-8.98933
178.50000	-8.98908
178.60000	-8.98888
178.70000	-8.98874
178.80000	-8.98866
178.90000	-8.98863
179.00000	-8.98867
179.10000	-8.98877
179.20000	-8.98893
179.30000	-8.98914
179.40000	-8.98942
179.50000	-8.98974
179.60000	-8.99013
179.70000	-8.99056
179.80000	-8.99104
179.90000	-8.99157
180.00000	-8.99214
180.10000	-8.99274
180.20000	-8.99339
180.30000	-8.99406
180.40000	-8.99477
180.50000	-8.99550
180.60000	-8.99624
180.70000	-8.99701
180.80000	-8.99778
180.90000	-8.99857
181.00000	-8.99935
181.10000	-9.00014
181.20000	-9.00092
181.30000	-9.00170
181.40000	-9.00246
181.50000	-9.00321
181.60000	-9.00393
181.70000	-9.00464
181.80000	-9.00531
181.90000	-9.00596
182.00000	-9.00657
182.10000	-9.00714
182.20000	-9.00768
182.30000	-9.00818
182.40000	-9.00863
182.50000	-9.00903
182.60000	-9.00938
182.70000	-9.00969
182.80000	-9.00994
182.90000	-9.01013
183.00000	-9.01027
183.10000	-9.01036
183.20000	-9.01039
183.30000	-9.01036
183.40000	-9.01027
183.50000	-9.01013
183.60000	-9.00994
183.70000	-9.00969
183.80000	-9.00938
183.90000	-9.00902
184.00000	-9.00862
184.10000	-9.00817
184.20000	-9.00767
184.30000	-9.00713
184.40000	-9.00655
184.50000	-9.00594
184.60000	-9.00529
184.70000	-9.00462
184.80000	-9.00392
184.90000	-9.00320
185.00000	-9.00246
185.10000	-9.00172
185.20000	-9.00096
185.30000	-9.00020
185.40000	-8.99945
185.50000	-8.99869
185.60000	-8.99795
185.70000	-8.99722
185.80000	-8.99650
185.90000	-8.99580
186.00000	-8.99513
186.10000	-8.99448
186.20000	-8.99387
186.30000	-8.99328
186.40000	-8.99273
186.50000	-8.99222
186.60000	-8.99175
186.70000	-8.99132
186.80000	-8.99094
186.90000	-8.99060
187.00000	-8.99031
187.10000	-8.99006
187.20000	-8.98987
187.30000	-8.98973
187.40000	-8.98963
187.50000	-8.98959
187.60000	-8.98960
187.70000	-8.98966
187.80000	-8.98977
187.90000	-8.98993
188.00000	-8.99014
188.10000	-8.99040
188.20000	-8.99071
188.30000	-8.99106
188.40000	-8.99146
188.50000	-8.99190
188.60000	-8.99237
188.70000	-8.99289
188.80000	-8.99344
188.90000	-8.99402
189.00000	-8.99463
189.10000	-8.99527
189.20000	-8.99593
189.30000	-8.99660
189.40000	-8.99729
189.50000	-8.99800
189.60000	-8.99871
189.70000	-8.99942
189.80000	-9.00014
189.90000	-9.00085
190.00000	-9.00155
190.10000	-9.00224
190.20000	-9.00292
190.30000	-9.00357
190.40000	-9.00421
190.50000	-9.00482
190.60000	-9.00540
190.70000	-9.00595
190.80000	-9.00647
190.90000	-9.00695
191.00000	-9.00739
191.10000	-9.00779
191.20000	-9.00815
191.30000	-9.00847
191.40000	-9.00874
191.50000	-9.00896
191.60000	-9.00914
191.70000	-9.00927
191.80000	-9.00935
191.90000	-9.00939
192.00000	-9.00937
192.10000	-9.00931
192.20000	-9.00921
192.30000	-9.00905
192.40000	-9.00885
192.50000	-9.00861
192.60000	-9.00832
192.70000	-9.00799
192.80000	-9.00762
192.90000	-9.00722
193.00000	-9.00677
193.10000	-9.00629
193.20000	-9.00578
193.30000	-9.00524
193.40000	-9.00467
193.50000	-9.00408
193.60000	-9.00346
193.70000	-9.00283
193.80000	-9.00218
193.90000	-9.00151
194.00000	-9.00084
194.10000	-9.00016
194.20000	-8.99948
194.30000	-8.99880
194.40000	-8.99813
194.50000	-8.99746
194.60000	-8.99680
194.70000	-8.99616
194.80000	-8.99554
194.90000	-8.99494
195.00000	-8.99436
195.10000	-8.99381
195.20000	-8.99330
195.30000	-8.99281
195.40000	-8.99236
195.50000	-8.99195
195.60000	-8.99158
195.70000	-8.99126
195.80000	-8.99097
195.90000	-8.99073
196.00000	-8.99054
196.10000	-8.99040
196.20000	-8.99030
196.30000	-8.99025
196.40000	-8.99025
196.50000	-8.99030
196.60000	-8.99039
196.70000	-8.99054
196.80000	-8.99073
196.90000	-8.99096
197.00000	-8.99124
197.10000	-8.99156
197.20000	-8.99193
197.30000	-8.99233
197.40000	-8.99277
197.50000	-8.99324
197.60000	-8.99375
197.70000	-8.99429
197.80000	-8.99486
197.90000	-8.99545
198.00000	-8.99606
198.10000	-8.99670
198.20000	-8.99735
198.30000	-8.99802
198.40000	-8.99869
198.50000	-8.99938
198.60000	-9.00006
198.70000	-9.00075
198.80000	-9.00143
198.90000	-9.00211
199.00000	-9.00278
199.10000	-9.00343
199.20000	-9.00407
199.30000	-9.00469
199.40000	-9.00528
199.50000	-9.00584
199.60000	-9.00638
199.70000	-9.00688
199.80000	-9.00735
199.90000	-9.00777
200.00000	-9.00816
200.10000	-9.00850
200.20000	-9.00880
200.30000	-9.00905
200.40000	-9.00925
200.50000	-9.00940
200.60000	-9.00950
200.70000	-9.00955
200.80000	-9.00954
200.90000	-9.00949
201.00000	-9.00939
201.10000	-9.00923
201.20000	-9.00902
201.30000	-9.00877
201.40000	-9.00847
201.50000	-9.00812
201.60000	-9.00773
201.70000	-9.00730
201.80000	-9.00683
201.90000	-9.00632
202.00000	-9.00578
202.10000	-9.00521
202.20000	-9.00461
202.30000	-9.00399
202.40000	-9.00334
202.50000	-9.00268
202.60000	-9.00200
202.70000	-9.00131
202.80000	-9.00061
202.90000	-8.99991
203.00000	-8.99921
203.10000	-8.99851
203.20000	-8.99781
203.30000	-8.99713
203.40000	-8.99646
203.50000	-8.99581
203.60000	-8.99517
203.70000	-8.99456
203.80000	-8.99398
203.90000	-8.99343
204.00000	-8.99291
204.10000	-8.99242
204.20000	-8.99198
204.30000	-8.99157
204.40000	-8.99121
204.50000	-8.99090
204.60000	-8.99063
204.70000	-8.99041
204.80000	-8.99024
204.90000	-8.99012
205.00000	-8.99005
205.10000	-8.99004
205.20000	-8.99008
205.30000	-8.99017
205.40000	-8.99032
205.50000	-8.99051
205.60000	-8.99076
205.70000	-8.99106
205.80000	-8.99140
205.90000	-8.99179
206.00000	-8.99222
206.10000	-8.99270
206.20000	-8.99321
206.30000	-8.99375
206.40000	-8.99433
206.50000	-8.99494
206.60000	-8.99557
206.70000	-8.99623
206.80000	-8.99690
206.90000	-8.99759
207.00000	-8.99828
207.10000	-8.99899
207.20000	-8.99970
207.30000	-9.00040
207.40000	-9.00111
207.50000	-9.00180
207.60000	-9.00248
207.70000	-9.00315
207.80000	-9.00380
207.90000	-9.00442
208.00000	-9.00503
208.10000	-9.00560
208.20000	-9.00614
208.30000	-9.00665
208.40000	-9.00712
208.50000	-9.00755
208.60000	-9.00794
208.70000	-9.00829
208.80000	-9.00860
208.90000	-9.00886
209.00000	-9.00907
209.10000	-9.00923
209.20000	-9.00935
209.30000	-9.00941
209.40000	-9.00942
209.50000	-9.00939
209.60000	-9.00930
209.70000	-9.00916
209.80000	-9.00898
209.90000	-9.00874
210.00000	-9.00846
210.10000	-9.00814
210.20000	-9.00777
210.30000	-9.00735
210.40000	-9.00690
210.50000	-9.00641
210.60000	-9.00589
210.70000	-9.00534
210.80000	-9.00476
210.90000	-9.00415
211.00000	-9.00352
211.10000	-9.00287
211.20000	-9.00221
211.30000	-9.00154
211.40000	-9.00086
211.50000	-9.00018
211.60000	-8.99950
211.70000	-8.99882
211.80000	-8.99815
211.90000	-8.99749
212.00000	-8.99685
212.10000	-8.99622
212.20000	-8.99562
212.30000	-8.99504
212.40000	-8.99449
212.50000	-8.99397
212.60000	-8.99348
212.70000	-8.99303
212.80000	-8.99261
212.90000	-8.99223
213.00000	-8.99190
213.10000	-8.99161
213.20000	-8.99136
213.30000	-8.99115
213.40000	-8.99099
213.50000	-8.99088
213.60000	-8.99081
213.70000	-8.99079
213.80000	-8.99081
213.90000	-8.99088
214.00000	-8.99100
214.10000	-8.99116
214.20000	-8.99137
214.30000	-8.99162
214.40000	-8.99191
214.50000	-8.99224
214.60000	-8.99261
214.70000	-8.99302
214.80000	-8.99346
214.90000	-8.99393
215.00000	-8.99443
215.10000	-8.99496
215.20000	-8.99551
215.30000	-8.99609
215.40000	-8.99668
215.50000	-8.99729
215.60000	-8.99791
215.70000	-8.99855
215.80000	-8.99918
215.90000	-8.99982
216.00000	-9.00046
216.10000	-9.00109
216.20000	-9.00172
216.30000	-9.00233
216.40000	-9.00293
216.50000	-9.00352
216.60000	-9.00408
216.70000	-9.00462
216.80000	-9.00513
216.90000	-9.00561
217.00000	-9.00607
217.10000	-9.00648
217.20000	-9.00687
217.30000	-9.00722
217.40000	-9.00752
217.50000	-9.00779
217.60000	-9.00802
217.70000	-9.00820
217.80000	-9.00834
217.90000	-9.00844
218.00000	-9.00849
218.10000	-9.00850
218.20000	-9.00847
218.30000	-9.00839
218.40000	-9.00828
218.50000	-9.00811
218.60000	-9.00791
218.70000	-9.00767
218.80000	-9.00739
218.90000	-9.00707
219.00000	-9.00672
219.10000	-9.00634
219.20000	-9.00592
219.30000	-9.00547
219.40000	-9.00500
219.50000	-9.00450
219.60000	-9.00398
219.70000	-9.00344
219.80000	-9.00288
219.90000	-9.00230
220.00000	-9.00172
220.10000	-9.00112
220.20000	-9.00052
220.30000	-8.99991
220.40000	-8.99931
220.50000	-8.99871
220.60000	-8.99811
220.70000	-8.99752
220.80000	-8.99695
220.90000	-8.99639
221.00000	-8.99584
221.10000	-8.99532
221.20000	-8.99482
221.30000	-8.99435
221.40000	-8.99390
221.50000	-8.99349
221.60000	-8.99311
221.70000	-8.99276
221.80000	-8.99245
221.90000	-8.99218
222.00000	-8.99195
222.10000	-8.99176
222.20000	-8.99161
222.30000	-8.99150
222.40000	-8.99144
222.50000	-8.99142
222.60000	-8.99144
222.70000	-8.99151
222.80000	-8.99162
222.90000	-8.99177
223.00000	-8.99196
223.10000	-8.99219
223.20000	-8.99246
223.30000	-8.99276
223.40000	-8.99311
223.50000	-8.99348
223.60000	-8.99389
223.70000	-8.99433
223.80000	-8.99479
223.90000	-8.99528
224.00000	-8.99579
224.10000	-8.99633
224.20000	-8.99688
224.30000	-8.99744
224.40000	-8.99802
224.50000	-8.99861
224.60000	-8.99920
224.70000	-8.99980
224.80000	-9.00040
224.90000	-9.00099
225.00000	-9.00159
225.10000	-9.00217
225.20000	-9.00274
225.30000	-9.00330
225.40000	-9.00384
225.50000	-9.00436
225.60000	-9.00486
225.70000	-9.00533
225.80000	-9.00578
225.90000	-9.00620
226.00000	-9.00658
226.10000	-9.00693
226.20000	-9.00725
226.30000	-9.00752
226.40000	-9.00776
226.50000	-9.00796
226.60000	-9.00811
226.70000	-9.00822
226.80000	-9.00829
226.90000	-9.00831
227.00000	-9.00829
227.10000	-9.00823
227.20000	-9.00812
227.30000	-9.00797
227.40000	-9.00777
227.50000	-9.00754
227.60000	-9.00726
227.70000	-9.00694
227.80000	-9.00659
227.90000	-9.00620
228.00000	-9.00578
228.10000	-9.00533
228.20000	-9.00485
228.30000	-9.00435
228.40000	-9.00382
228.50000	-9.00327
228.60000	-9.00270
228.70000	-9.00212
228.80000	-9.00153
228.90000	-9.00093
229.00000	-9.00032
229.10000	-8.99971
229.20000	-8.99910
229.30000	-8.99850
229.40000	-8.99790
229.50000	-8.99731
229.60000	-8.99674
229.70000	-8.99618
229.80000	-8.99564
229.90000	-8.99512
230.00000	-8.99463
230.10000	-8.99416
230.20000	-8.99372
230.30000	-8.99331
230.40000	-8.99294
230.50000	-8.99260
230.60000	-8.99230
230.70000	-8.99204
230.80000	-8.99182
230.90000	-8.99164
231.00000	-8.99151
231.10000	-8.99142
231.20000	-8.99137
231.30000	-8.99137
231.40000	-8.99141
231.50000	-8.99150
231.60000	-8.99163
231.70000	-8.99180
231.80000	-8.99202
231.90000	-8.99228
232.00000	-8.99258
232.10000	-8.99292
232.20000	-8.99330
232.30000	-8.99371
232.40000	-8.99415
232.50000	-8.99463
232.60000	-8.99513
232.70000	-8.99566
232.80000	-8.99621
232.90000	-8.99677
233.00000	-8.99736
233.10000	-8.99796
233.20000	-8.99856
233.30000	-8.99917
233.40000	-8.99979
233.50000	-9.00041
233.60000	-9.00102
233.70000	-9.00162
233.80000	-9.00221
233.90000	-9.00280
234.00000	-9.00336
234.10000	-9.00391
234.20000	-9.00443
234.30000	-9.00493
234.40000	-9.00540
234.50000	-9.00584
234.60000	-9.00625
234.70000	-9.00662
234.80000	-9.00696
234.90000	-9.00727
235.00000	-9.00753
235.10000	-9.00775
235.20000	-9.00793
235.30000	-9.00807
235.40000	-9.00817
235.50000	-9.00822
235.60000	-9.00823
235.70000	-9.00819
235.80000	-9.00812
235.90000	-9.00799
236.00000	-9.00783
236.10000	-9.00762
236.20000	-9.00738
236.30000	-9.00709
236.40000	-9.00677
236.50000	-9.00641
236.60000	-9.00601
236.70000	-9.00559
236.80000	-9.00513
236.90000	-9.00465
237.00000	-9.00414
237.10000	-9.00361
237.20000	-9.00306
237.30000	-9.00249
237.40000	-9.00191
237.50000	-9.00132
237.60000	-9.00073
237.70000	-9.00013
237.80000	-8.99953
237.90000	-8.99894
238.00000	-8.99835
238.10000	-8.99777
238.20000	-8.99720
238.30000	-8.99665
238.40000	-8.99611
238.50000	-8.99560
238.60000	-8.99511
238.70000	-8.99465
238.80000	-8.99422
238.90000	-8.99382
239.00000	-8.99345
239.10000	-8.99312
239.20000	-8.99282
239.30000	-8.99256
239.40000	-8.99234
239.50000	-8.99216
239.60000	-8.99202
239.70000	-8.99193
239.80000	-8.99187
239.90000	-8.99186
240.00000	-8.99188
240.10000	-8.99195
240.20000	-8.99206
240.30000	-8.99221
240.40000	-8.99240
240.50000	-8.99262
240.60000	-8.99289
240.70000	-8.99318
240.80000	-8.99352
240.90000	-8.99388
241.00000	-8.99428
241.10000	-8.99470
241.20000	-8.99515
241.30000	-8.99562
241.40000	-8.99611
241.50000	-8.99663
241.60000	-8.99715
241.70000	-8.99770
241.80000	-8.99825
241.90000	-8.99881
242.00000	-8.99937
242.10000	-8.99994
242.20000	-9.00050
242.30000	-9.00106
242.40000	-9.00162
242.50000	-9.00216
242.60000	-9.00269
242.70000	-9.00321
242.80000	-9.00371
242.90000	-9.00418
243.00000	-9.00463
243.10000	-9.00506
243.20000	-9.00546
243.30000	-9.00583
243.40000	-9.00617
243.50000	-9.00648
243.60000	-9.00675
243.70000	-9.00698
243.80000	-9.00718
243.90000	-9.00734
244.00000	-9.00746
244.10000	-9.00754
244.20000	-9.00758
244.30000	-9.00759
244.40000	-9.00755
244.50000	-9.00748
244.60000	-9.00736
244.70000	-9.00721
244.80000	-9.00703
244.90000	-9.00680
245.00000	-9.00655
245.10000	-9.00626
245.20000	-9.00594
245.30000	-9.00559
245.40000	-9.00521
245.50000	-9.00481
245.60000	-9.00438
245.70000	-9.00393
245.80000	-9.00347
245.90000	-9.00298
246.00000	-9.00248
246.10000	-9.00197
246.20000	-9.00145
246.30000	-9.00092
246.40000	-9.00039
246.50000	-8.99986
246.60000	-8.99933
246.70000	-8.99880
246.80000	-8.99827
246.90000	-8.99776
247.00000	-8.99725
247.10000	-8.99676
247.20000	-8.99629
247.30000	-8.99584
247.40000	-8.99540
247.50000	-8.99499
247.60000	-8.99461
247.70000	-8.99425
247.80000	-8.99392
247.90000	-8.99363
248.00000	-8.99336
248.10000	-8.99313
248.20000	-8.99293
248.30000	-8.99277
248.40000	-8.99265
248.50000	-8.99256
248.60000	-8.99251
248.70000	-8.99250
248.80000	-8.99253
248.90000	-8.99260
249.00000	-8.99270
249.10000	-8.99284
249.20000	-8.99301
249.30000	-8.99322
249.40000	-8.99347
249.50000	-8.99375
249.60000	-8.99406
249.70000	-8.99439
249.80000	-8.99476
249.90000	-8.99515
250.00000	-8.99557
250.10000	-8.99600
250.20000	-8.99646
250.30000	-8.99694
250.40000	-8.99742
250.50000	-8.99793
250.60000	-8.99844
250.70000	-8.99896
250.80000	-8.99948
250.90000	-9.00001
251.00000	-9.00054
251.10000	-9.00106
251.20000	-9.00158
251.30000	-9.00209
251.40000	-9.00259
251.50000	-9.00308
251.60000	-9.00355
251.70000	-9.00400
251.80000	-9.00443
251.90000	-9.00485
252.00000	-9.00523
252.10000	-9.00559
252.20000	-9.00593
252.30000	-9.00623
252.40000	-9.00650
252.50000	-9.00673
252.60000	-9.00694
252.70000	-9.00710
252.80000	-9.00723
252.90000	-9.00733
253.00000	-9.00738
253.10000	-9.00740
253.20000	-9.00738
253.30000	-9.00731
253.40000	-9.00722
253.50000	-9.00708
253.60000	-9.00691
253.70000	-9.00670
253.80000	-9.00645
253.90000	-9.00617
254.00000	-9.00586
254.10000	-9.00552
254.20000	-9.00515
254.30000	-9.00475
254.40000	-9.00432
254.50000	-9.00388
254.60000	-9.00341
254.70000	-9.00292
254.80000	-9.00242
254.90000	-9.00191
255.00000	-9.00139
255.10000	-9.00086
255.20000	-9.00032
255.30000	-8.99978
255.40000	-8.99925
255.50000	-8.99872
255.60000	-8.99819
255.70000	-8.99767
255.80000	-8.99717
255.90000	-8.99668
256.00000	-8.99620
256.10000	-8.99575
256.20000	-8.99531
256.30000	-8.99490
256.40000	-8.99452
256.50000	-8.99416
256.60000	-8.99384
256.70000	-8.99354
256.80000	-8.99328
256.90000	-8.99305
257.00000	-8.99286
257.10000	-8.99271
257.20000	-8.99259
257.30000	-8.99252
257.40000	-8.99248
257.50000	-8.99248
257.60000	-8.99252
257.70000	-8.99259
257.80000	-8.99271
257.90000	-8.99287
258.00000	-8.99306
258.10000	-8.99329
258.20000	-8.99356
258.30000	-8.99386
258.40000	-8.99419
258.50000	-8.99455
258.60000	-8.99494
258.70000	-8.99536
258.80000	-8.99580
258.90000	-8.99627
259.00000	-8.99675
259.10000	-8.99725
259.20000	-8.99777
259.30000	-8.99829
259.40000	-8.99883
259.50000	-8.99937
259.60000	-8.99992
259.70000	-9.00046
259.80000	-9.00100
259.90000	-9.00154
260.00000	-9.00206
260.10000	-9.00258
260.20000	-9.00308
260.30000	-9.00356
260.40000	-9.00403
260.50000	-9.00447
260.60000	-9.00489
260.70000	-9.00528
260.80000	-9.00564
260.90000	-9.00598
261.00000	-9.00628
261.10000	-9.00654
261.20000	-9.00678
261.30000	-9.00697
261.40000	-9.00713
261.50000	-9.00726
261.60000	-9.00734
261.70000	-9.00738
261.80000	-9.00739
261.90000	-9.00736
262.00000	-9.00728
262.10000	-9.00717
262.20000	-9.00702
262.30000	-9.00684
262.40000	-9.00662
262.50000	-9.00636
262.60000	-9.00607
262.70000	-9.00575
262.80000	-9.00540
262.90000	-9.00502
263.00000	-9.00461
263.10000	-9.00418
263.20000	-9.00373
263.30000	-9.00325
263.40000	-9.00276
263.50000	-9.00226
263.60000	-9.00174
263.70000	-9.00122
263.80000	-9.00069
263.90000	-9.00015
264.00000	-8.99962
264.10000	-8.99909
264.20000	-8.99856
264.30000	-8.99804
264.40000	-8.99753
264.50000	-8.99704
264.60000	-8.99656
264.70000	-8.99610
264.80000	-8.99566
264.90000	-8.99525
265.00000	-8.99486
265.10000	-8.99450
265.20000	-8.99417
265.30000	-8.99387
265.40000	-8.99360
265.50000	-8.99337
265.60000	-8.99317
265.70000	-8.99301
265.80000	-8.99288
265.90000	-8.99280
266.00000	-8.99274
266.10000	-8.99273
266.20000	-8.99276
266.30000	-8.99282
266.40000	-8.99292
266.50000	-8.99305
266.60000	-8.99323
266.70000	-8.99343
266.80000	-8.99367
266.90000	-8.99394
267.00000	-8.99424
267.10000	-8.99457
267.20000	-8.99493
267.30000	-8.99531
267.40000	-8.99572
267.50000	-8.99614
267.60000	-8.99659
267.70000	-8.99705
267.80000	-8.99753
267.90000	-8.99802
268.00000	-8.99851
268.10000	-8.99902
268.20000	-8.99953
268.30000	-9.00003
268.40000	-9.00054
268.50000	-9.00105
268.60000	-9.00154
268.70000	-9.00203
268.80000	-9.00251
268.90000	-9.00297
269.00000	-9.00341
269.10000	-9.00384
269.20000	-9.00424
269.30000	-9.00463
269.40000	-9.00498
269.50000	-9.00531
269.60000	-9.00561
269.70000	-9.00588
269.80000	-9.00612
269.90000	-9.00633
270.00000	-9.00650
270.10000	-9.00664
270.20000	-9.00674
270.30000	-9.00681
270.40000	-9.00684
270.50000	-9.00684
270.60000	-9.00680
270.70000	-9.00672
270.80000	-9.00661
270.90000	-9.00647
271.00000	-9.00629
271.10000	-9.00608
271.20000	-9.00584
271.30000	-9.00557
271.40000	-9.00527
271.50000	-9.00495
271.60000	-9.00460
271.70000	-9.00423
271.80000	-9.00383
271.90000	-9.00342
272.00000	-9.00299
272.10000	-9.00255
272.20000	-9.00209
272.30000	-9.00162
272.40000	-9.00115
272.50000	-9.00067
272.60000	-9.00018
272.70000	-8.99970
272.80000	-8.99922
272.90000	-8.99874
273.00000	-8.99827
273.10000	-8.99781
273.20000	-8.99736
273.30000	-8.99692
273.40000	-8.99650
273.50000	-8.99610
273.60000	-8.99571
273.70000	-8.99535
273.80000	-8.99501
273.90000	-8.99470
274.00000	-8.99442
274.10000	-8.99416
274.20000	-8.99393
274.30000	-8.99374
274.40000	-8.99357
274.50000	-8.99344
274.60000	-8.99334
274.70000	-8.99328
274.80000	-8.99325
274.90000	-8.99325
275.00000	-8.99329
275.10000	-8.99336
275.20000	-8.99347
275.30000	-8.99360
275.40000	-8.99378
275.50000	-8.99398
275.60000	-8.99421
275.70000	-8.99447
275.80000	-8.99476
275.90000	-8.99507
276.00000	-8.99541
276.10000	-8.99577
276.20000	-8.99616
276.30000	-8.99656
276.40000	-8.99698
276.50000	-8.99741
276.60000	-8.99785
276.70000	-8.99831
276.80000	-8.99877
276.90000	-8.99924
277.00000	-8.99971
277.10000	-9.00018
277.20000	-9.00065
277.30000	-9.00111
277.40000	-9.00157
277.50000	-9.00202
277.60000	-9.00246
277.70000	-9.00289
277.80000	-9.00330
277.90000	-9.00370
278.00000	-9.00407
278.10000	-9.00443
278.20000	-9.00476
278.30000	-9.00506
278.40000	-9.00534
278.50000	-9.00560
278.60000	-9.00582
278.70000	-9.00601
278.80000	-9.00618
278.90000	-9.00631
279.00000	-9.00641
279.10000	-9.00647
279.20000	-9.00650
279.30000	-9.00650
279.40000	-9.00646
279.50000	-9.00640
279.60000	-9.00629
279.70000	-9.00616
279.80000	-9.00599
279.90000	-9.00579
280.00000	-9.00556
280.10000	-9.00530
280.20000	-9.00501
280.30000	-9.00470
280.40000	-9.00436
280.50000	-9.00400
280.60000	-9.00362
280.70000	-9.00322
280.80000	-9.00280
280.90000	-9.00237
281.00000	-9.00192
281.10000	-9.00147
281.20000	-9.00100
281.30000	-9.00053
281.40000	-9.00006
281.50000	-8.99959
281.60000	-8.99912
281.70000	-8.99865
281.80000	-8.99819
281.90000	-8.99774
282.00000	-8.99730
282.10000	-8.99687
282.20000	-8.99646
282.30000	-8.99607
282.40000	-8.99570
282.50000	-8.99535
282.60000	-8.99502
282.70000	-8.99472
282.80000	-8.99444
282.90000	-8.99420
283.00000	-8.99398
283.10000	-8.99379
283.20000	-8.99364
283.30000	-8.99352
283.40000	-8.99343
283.50000	-8.99337
283.60000	-8.99335
283.70000	-8.99337
283.80000	-8.99341
283.90000	-8.99350
284.00000	-8.99361
284.10000	-8.99376
284.20000	-8.99394
284.30000	-8.99415
284.40000	-8.99439
284.50000	-8.99466
284.60000	-8.99496
284.70000	-8.99529
284.80000	-8.99564
284.90000	-8.99601
285.00000	-8.99640
285.10000	-8.99682
285.20000	-8.99725
285.30000	-8.99769
285.40000	-8.99814
285.50000	-8.99861
285.60000	-8.99908
285.70000	-8.99956
285.80000	-9.00003
285.90000	-9.00051
286.00000	-9.00099
286.10000	-9.00145
286.20000	-9.00191
286.30000	-9.00236
286.40000	-9.00280
286.50000	-9.00322
286.60000	-9.00363
286.70000	-9.00401
286.80000	-9.00438
286.90000	-9.00472
287.00000	-9.00503
287.10000	-9.00532
287.20000	-9.00558
287.30000	-9.00581
287.40000	-9.00600
287.50000	-9.00617
287.60000	-9.00630
287.70000	-9.00640
287.80000	-9.00647
287.90000	-9.00650
288.00000	-9.00650
288.10000	-9.00646
288.20000	-9.00639
288.30000	-9.00629
288.40000	-9.00615
288.50000	-9.00598
288.60000	-9.00578
288.70000	-9.00555
288.80000	-9.00529
288.90000	-9.00500
289.00000	-9.00469
289.10000	-9.00435
289.20000	-9.00398
289.30000	-9.00360
289.40000	-9.00320
289.50000	-9.00278
289.60000	-9.00235
289.70000	-9.00190
289.80000	-9.00145
289.90000	-9.00098
290.00000	-9.00052
290.10000	-9.00005
290.20000	-8.99958
290.30000	-8.99911
290.40000	-8.99865
290.50000	-8.99819
290.60000	-8.99775
290.70000	-8.99731
290.80000	-8.99689
290.90000	-8.99649
291.00000	-8.99611
291.10000	-8.99575
291.20000	-8.99541
291.30000	-8.99510
291.40000	-8.99481
291.50000	-8.99455
291.60000	-8.99432
291.70000	-8.99412
291.80000	-8.99395
291.90000	-8.99381
292.00000	-8.99371
292.10000	-8.99364
292.20000	-8.99360
292.30000	-8.99360
292.40000	-8.99363
292.50000	-8.99369
292.60000	-8.99379
292.70000	-8.99391
292.80000	-8.99407
292.90000	-8.99426
293.00000	-8.99448
293.10000	-8.99473
293.20000	-8.99500
293.30000	-8.99530
293.40000	-8.99563
293.50000	-8.99597
293.60000	-8.99634
293.70000	-8.99672
293.80000	-8.99712
293.90000	-8.99754
294.00000	-8.99796
294.10000	-8.99840
294.20000	-8.99884
294.30000	-8.99929
294.40000	-8.99974
294.50000	-9.00019
294.60000	-9.00064
294.70000	-9.00109
294.80000	-9.00153
294.90000	-9.00196
295.00000	-9.00237
295.10000	-9.00278
295.20000	-9.00317
295.30000	-9.00354
295.40000	-9.00390
295.50000	-9.00423
295.60000	-9.00454
295.70000	-9.00483
295.80000	-9.00509
295.90000	-9.00532
296.00000	-9.00553
296.10000	-9.00570
296.20000	-9.00585
296.30000	-9.00596
296.40000	-9.00605
296.50000	-9.00610
296.60000	-9.00612
296.70000	-9.00611
296.80000	-9.00607
296.90000	-9.00599
297.00000	-9.00589
297.10000	-9.00575
297.20000	-9.00559
297.30000	-9.00539
297.40000	-9.00517
297.50000	-9.00493
297.60000	-9.00465
297.70000	-9.00436
297.80000	-9.00404
297.90000	-9.00371
298.00000	-9.00335
298.10000	-9.00298
298.20000	-9.00260
298.30000	-9.00220
298.40000	-9.00179
298.50000	-9.00137
298.60000	-9.00095
298.70000	-9.00053
298.80000	-9.00010
298.90000	-8.99967
299.00000	-8.99925
299.10000	-8.99883
299.20000	-8.99841
299.30000	-8.99801
299.40000	-8.99761
299.50000	-8.99723
299.60000	-8.99687
299.70000	-8.99652
299.80000	-8.99619
299.90000	-8.99587
300.00000	-8.99558
300.10000	-8.99532
300.20000	-8.99507
300.30000	-8.99486
300.40000	-8.99467
300.50000	-8.99450
300.60000	-8.99437
300.70000	-8.99426
300.80000	-8.99418
300.90000	-8.99414
301.00000	-8.99412
301.10000	-8.99413
301.20000	-8.99418
301.30000	-8.99425
301.40000	-8.99435
301.50000	-8.99448
301.60000	-8.99464
301.70000	-8.99483
301.80000	-8.99504
301.90000	-8.99528
302.00000	-8.99554
302.10000	-8.99582
302.20000	-8.99613
302.30000	-8.99645
302.40000	-8.99679
302.50000	-8.99715
302.60000	-8.99752
302.70000	-8.99791
302.80000	-8.99830
302.90000	-8.99870
303.00000	-8.99911
303.10000	-8.99953
303.20000	-8.99994
303.30000	-9.00035
303.40000	-9.00077
303.50000	-9.00117
303.60000	-9.00158
303.70000	-9.00197
303.80000	-9.00235
303.90000	-9.00272
304.00000	-9.00308
304.10000	-9.00342
304.20000	-9.00374
304.30000	-9.00405
304.40000	-9.00433
304.50000	-9.00459
304.60000	-9.00483
304.70000	-9.00504
304.80000	-9.00523
304.90000	-9.00539
305.00000	-9.00552
305.10000	-9.00563
305.20000	-9.00571
305.30000	-9.00575
305.40000	-9.00577
305.50000	-9.00576
305.60000	-9.00572
305.70000	-9.00565
305.80000	-9.00555
305.90000	-9.00542
306.00000	-9.00527
306.10000	-9.00509
306.20000	-9.00488
306.30000	-9.00465
306.40000	-9.00439
306.50000	-9.00411
306.60000	-9.00381
306.70000	-9.00349
306.80000	-9.00315
306.90000	-9.00279
307.00000	-9.00242
307.10000	-9.00204
307.20000	-9.00165
307.30000	-9.00125
307.40000	-9.00084
307.50000	-9.00043
307.60000	-9.00002
307.70000	-8.99960
307.80000	-8.99919
307.90000	-8.99878
308.00000	-8.99838
308.10000	-8.99799
308.20000	-8.99760
308.30000	-8.99723
308.40000	-8.99688
308.50000	-8.99654
308.60000	-8.99622
308.70000	-8.99591
308.80000	-8.99563
308.90000	-8.99537
309.00000	-8.99514
309.10000	-8.99493
309.20000	-8.99474
309.30000	-8.99458
309.40000	-8.99445
309.50000	-8.99435
309.60000	-8.99428
309.70000	-8.99424
309.80000	-8.99423
309.90000	-8.99424
310.00000	-8.99429
310.10000	-8.99437
310.20000	-8.99447
310.30000	-8.99461
310.40000	-8.99477
310.50000	-8.99496
310.60000	-8.99517
310.70000	-8.99541
310.80000	-8.99568
310.90000	-8.99596
311.00000	-8.99627
311.10000	-8.99660
311.20000	-8.99694
311.30000	-8.99730
311.40000	-8.99768
311.50000	-8.99806
311.60000	-8.99846
311.70000	-8.99887
311.80000	-8.99928
311.90000	-8.99969
312.00000	-9.00011
312.10000	-9.00052
312.20000	-9.00094
312.30000	-9.00135
312.40000	-9.00175
312.50000	-9.00214
312.60000	-9.00252
312.70000	-9.00288
312.80000	-9.00324
312.90000	-9.00357
313.00000	-9.00388
313.10000	-9.00418
313.20000	-9.00445
313.30000	-9.00470
313.40000	-9.00492
313.50000	-9.00512
313.60000	-9.00529
313.70000	-9.00544
313.80000	-9.00555
313.90000	-9.00563
314.00000	-9.00569
314.10000	-9.00571
314.20000	-9.00571
314.30000	-9.00567
314.40000	-9.00561
314.50000	-9.00552
314.60000	-9.00539
314.70000	-9.00524
314.80000	-9.00506
314.90000	-9.00486
315.00000	-9.00463
315.10000	-9.00437
315.20000	-9.00409
315.30000	-9.00379
315.40000	-9.00347
315.50000	-9.00314
315.60000	-9.00278
315.70000	-9.00241
315.80000	-9.00203
315.90000	-9.00164
316.00000	-9.00124
316.10000	-9.00083
316.20000	-9.00042
316.30000	-9.00001
316.40000	-8.99960
316.50000	-8.99918
316.60000	-8.99878
316.70000	-8.99838
316.80000	-8.99798
316.90000	-8.99760
317.00000	-8.99724
317.10000	-8.99688
317.20000	-8.99654
317.30000	-8.99623
317.40000	-8.99593
317.50000	-8.99565
317.60000	-8.99539
317.70000	-8.99516
317.80000	-8.99496
317.90000	-8.99478
318.00000	-8.99463
318.10000	-8.99451
318.20000	-8.99441
318.30000	-8.99435
318.40000	-8.99432
318.50000	-8.99431
318.60000	-8.99433
318.70000	-8.99439
318.80000	-8.99447
318.90000	-8.99458
319.00000	-8.99472
319.10000	-8.99489
319.20000	-8.99508
319.30000	-8.99530
319.40000	-8.99554
319.50000	-8.99581
319.60000	-8.99609
319.70000	-8.99640
319.80000	-8.99672
319.90000	-8.99706
320.00000	-8.99742
320.10000	-8.99779
320.20000	-8.99816
320.30000	-8.99855
320.40000	-8.99894
320.50000	-8.99934
320.60000	-8.99974
320.70000	-9.00014
320.80000	-9.00054
320.90000	-9.00094
321.00000	-9.00133
321.10000	-9.00171
321.20000	-9.00208
321.30000	-9.00244
321.40000	-9.00279
321.50000	-9.00312
321.60000	-9.00344
321.70000	-9.00373
321.80000	-9.00401
321.90000	-9.00426
322.00000	-9.00449
322.10000	-9.00470
322.20000	-9.00488
322.30000	-9.00504
322.40000	-9.00517
322.50000	-9.00527
322.60000	-9.00535
322.70000	-9.00539
322.80000	-9.00541
322.90000	-9.00540
323.00000	-9.00536
323.10000	-9.00529
323.20000	-9.00520
323.30000	-9.00507
323.40000	-9.00493
323.50000	-9.00475
323.60000	-9.00455
323.70000	-9.00433
323.80000	-9.00409
323.90000	-9.00382
324.00000	-9.00353
324.10000	-9.00323
324.20000	-9.00291
324.30000	-9.00258
324.40000	-9.00223
324.50000	-9.00187
324.60000	-9.00151
324.70000	-9.00113
324.80000	-9.00075
324.90000	-9.00037
325.00000	-8.99999
325.10000	-8.99960
325.20000	-8.99922
325.30000	-8.99884
325.40000	-8.99847
325.50000	-8.99811
325.60000	-8.99776
325.70000	-8.99742
325.80000	-8.99709
325.90000	-8.99678
326.00000	-8.99648
326.10000	-8.99621
326.20000	-8.99595
326.30000	-8.99572
326.40000	-8.99550
326.50000	-8.99531
326.60000	-8.99514
326.70000	-8.99500
326.80000	-8.99489
326.90000	-8.99480
327.00000	-8.99473
327.10000	-8.99470
327.20000	-8.99469
327.30000	-8.99470
327.40000	-8.99475
327.50000	-8.99482
327.60000	-8.99492
327.70000	-8.99504
327.80000	-8.99519
327.90000	-8.99536
328.00000	-8.99556
328.10000	-8.99577
328.20000	-8.99601
328.30000	-8.99627
328.40000	-8.99655
328.50000	-8.99685
328.60000	-8.99716
328.70000	-8.99748
328.80000	-8.99782
328.90000	-8.99816
329.00000	-8.99852
329.10000	-8.99888
329.20000	-8.99925
329.30000	-8.99962
329.40000	-8.99999
329.50000	-9.00036
329.60000	-9.00073
329.70000	-9.00110
329.80000	-9.00146
329.90000	-9.00181
330.00000	-9.00215
330.10000	-9.00247
330.20000	-9.00279
330.30000	-9.00309
330.40000	-9.00337
330.50000	-9.00364
330.60000	-9.00389
330.70000	-9.00412
330.80000	-9.00432
330.90000	-9.00451
331.00000	-9.00467
331.10000	-9.00480
331.20000	-9.00492
331.30000	-9.00500
331.40000	-9.00506
331.50000	-9.00510
331.60000	-9.00511
331.70000	-9.00509
331.80000	-9.00505
331.90000	-9.00498
332.00000	-9.00488
332.10000	-9.00476
332.20000	-9.00461
332.30000	-9.00445
332.40000	-9.00425
332.50000	-9.00404
332.60000	-9.00381
332.70000	-9.00355
332.80000	-9.00328
332.90000	-9.00299
333.00000	-9.00269
333.10000	-9.00237
333.20000	-9.00204
333.30000	-9.00170
333.40000	-9.00135
333.50000	-9.00099
333.60000	-9.00063
333.70000	-9.00026
333.80000	-8.99990
333.90000	-8.99953
334.00000	-8.99917
334.10000	-8.99881
334.20000	-8.99845
334.30000	-8.99811
334.40000	-8.99777
334.50000	-8.99745
334.60000	-8.99714
334.70000	-8.99684
334.80000	-8.99656
334.90000	-8.99630
335.00000	-8.99605
335.10000	-8.99583
335.20000	-8.99563
335.30000	-8.99545
335.40000	-8.99529
335.50000	-8.99516
335.60000	-8.99505
335.70000	-8.99497
335.80000	-8.99492
335.90000	-8.99489
336.00000	-8.99488
336.10000	-8.99491
336.20000	-8.99496
336.30000	-8.99503
336.40000	-8.99513
336.50000	-8.99526
336.60000	-8.99541
336.70000	-8.99558
336.80000	-8.99578
336.90000	-8.99600
337.00000	-8.99624
337.10000	-8.99650
337.20000	-8.99677
337.30000	-8.99707
337.40000	-8.99738
337.50000	-8.99770
337.60000	-8.99804
337.70000	-8.99838
337.80000	-8.99873
337.90000	-8.99909
338.00000	-8.99946
338.10000	-8.99983
338.20000	-9.00020
338.30000	-9.00056
338.40000	-9.00093
338.50000	-9.00129
338.60000	-9.00164
338.70000	-9.00199
338.80000	-9.00232
338.90000	-9.00265
339.00000	-9.00295
339.10000	-9.00325
339.20000	-9.00352
339.30000	-9.00378
339.40000	-9.00402
339.50000	-9.00424
339.60000	-9.00443
339.70000	-9.00460
339.80000	-9.00475
339.90000	-9.00487
340.00000	-9.00497
340.10000	-9.00504
340.20000	-9.00508
340.30000	-9.00510
340.40000	-9.00509
340.50000	-9.00506
340.60000	-9.00500
340.70000	-9.00491
340.80000	-9.00479
340.90000	-9.00466
341.00000	-9.00449
341.10000	-9.00431
341.20000	-9.00410
341.30000	-9.00387
341.40000	-9.00362
341.50000	-9.00335
341.60000	-9.00306
341.70000	-9.00276
341.80000	-9.00245
341.90000	-9.00212
342.00000	-9.00178
342.10000	-9.00143
342.20000	-9.00107
342.30000	-9.00071
342.40000	-9.00035
342.50000	-8.99998
342.60000	-8.99961
342.70000	-8.99925
342.80000	-8.99889
342.90000	-8.99854
343.00000	-8.99819
343.10000	-8.99786
343.20000	-8.99753
343.30000	-8.99722
343.40000	-8.99693
343.50000	-8.99665
343.60000	-8.99638
343.70000	-8.99614
343.80000	-8.99592
343.90000	-8.99572
344.00000	-8.99554
344.10000	-8.99539
344.20000	-8.99526
344.30000	-8.99516
344.40000	-8.99508
344.50000	-8.99503
344.60000	-8.99500
344.70000	-8.99500
344.80000	-8.99503
344.90000	-8.99508
345.00000	-8.99516
345.10000	-8.99527
345.20000	-8.99540
345.30000	-8.99555
345.40000	-8.99573
345.50000	-8.99593
345.60000	-8.99615
345.70000	-8.99639
345.80000	-8.99665
345.90000	-8.99692
346.00000	-8.99721
346.10000	-8.99752
346.20000	-8.99784
346.30000	-8.99817
346.40000	-8.99851
346.50000	-8.99885
346.60000	-8.99921
346.70000	-8.99956
346.80000	-8.99992
346.90000	-9.00028
347.00000	-9.00063
347.10000	-9.00098
347.20000	-9.00133
347.30000	-9.00167
347.40000	-9.00200
347.50000	-9.00232
347.60000	-9.00262
347.70000	-9.00292
347.80000	-9.00319
347.90000	-9.00345
348.00000	-9.00369
348.10000	-9.00392
348.20000	-9.00412
348.30000	-9.00430
348.40000	-9.00445
348.50000	-9.00459
348.60000	-9.00470
348.70000	-9.00478
348.80000	-9.00484
348.90000	-9.00487
349.00000	-9.00488
349.10000	-9.00487
349.20000	-9.00483
349.30000	-9.00476
349.40000	-9.00467
349.50000	-9.00455
349.60000	-9.00442
349.70000	-9.00425
349.80000	-9.00407
349.90000	-9.00387
350.00000	-9.00364
350.10000	-9.00340
350.20000	-9.00314
350.30000	-9.00287
350.40000	-9.00258
350.50000	-9.00228
350.60000	-9.00197
350.70000	-9.00164
350.80000	-9.00131
350.90000	-9.00098
351.00000	-9.00064
351.10000	-9.00030
351.20000	-8.99995
351.30000	-8.99961
351.40000	-8.99927
351.50000	-8.99894
351.60000	-8.99861
351.70000	-8.99829
351.80000	-8.99797
351.90000	-8.99767
352.00000	-8.99739
352.10000	-8.99711
352.20000	-8.99685
352.30000	-8.99661
352.40000	-8.99639
352.50000	-8.99619
352.60000	-8.99600
352.70000	-8.99584
352.80000	-8.99570
352.90000	-8.99558
353.00000	-8.99548
353.10000	-8.99541
353.20000	-8.99536
353.30000	-8.99533
353.40000	-8.99533
353.50000	-8.99536
353.60000	-8.99540
353.70000	-8.99547
353.80000	-8.99557
353.90000	-8.99568
354.00000	-8.99582
354.10000	-8.99598
354.20000	-8.99616
354.30000	-8.99636
354.40000	-8.99658
354.50000	-8.99682
354.60000	-8.99707
354.70000	-8.99733
354.80000	-8.99761
354.90000	-8.99791
355.00000	-8.99821
355.10000	-8.99852
355.20000	-8.99884
355.30000	-8.99916
355.40000	-8.99949
355.50000	-8.99982
355.60000	-9.00015
355.70000	-9.00047
355.80000	-9.00080
355.90000	-9.00112
356.00000	-9.00144
356.10000	-9.00174
356.20000	-9.00204
356.30000	-9.00233
356.40000	-9.00260
356.50000	-9.00286
356.60000	-9.00311
356.70000	-9.00334
356.80000	-9.00355
356.90000	-9.00375
357.00000	-9.00392
357.10000	-9.00408
357.20000	-9.00421
357.30000	-9.00432
357.40000	-9.00441
357.50000	-9.00448
357.60000	-9.00452
357.70000	-9.00454
357.80000	-9.00454
357.90000	-9.00451
358.00000	-9.00446
358.10000	-9.00439
358.20000	-9.00430
358.30000	-9.00418
358.40000	-9.00405
358.50000	-9.00389
358.60000	-9.00371
358.70000	-9.00351
358.80000	-9.00330
358.90000	-9.00307
359.00000	-9.00282
359.10000	-9.00256
359.20000	-9.00228
359.30000	-9.00200
359.40000	-9.00170
359.50000	-9.00140
359.60000	-9.00109
359.70000	-9.00077
359.80000	-9.00045
359.90000	-9.00012
360.00000	-8.99980
360.10000	-8.99948
360.20000	-8.99916
360.30000	-8.99884
360.40000	-8.99853
360.50000	-8.99823
360.60000	-8.99794
360.70000	-8.99765
360.80000	-8.99738
360.90000	-8.99713
361.00000	-8.99688
361.10000	-8.99666
361.20000	-8.99645
361.30000	-8.99626
361.40000	-8.99609
361.50000	-8.99594
361.60000	-8.99581
361.70000	-8.99570
361.80000	-8.99561
361.90000	-8.99555
362.00000	-8.99551
362.10000	-8.99549
362.20000	-8.99549
362.30000	-8.99552
362.40000	-8.99557
362.50000	-8.99564
362.60000	-8.99574
362.70000	-8.99586
362.80000	-8.99600
362.90000	-8.99616
363.00000	-8.99633
363.10000	-8.99653
363.20000	-8.99675
363.30000	-8.99698
363.40000	-8.99723
363.50000	-8.99749
363.60000	-8.99776
363.70000	-8.99805
363.80000	-8.99834
363.90000	-8.99865
364.00000	-8.99896
364.10000	-8.99927
364.20000	-8.99959
364.30000	-8.99991
364.40000	-9.00023
364.50000	-9.00056
364.60000	-9.00087
364.70000	-9.00118
364.80000	-9.00149
364.90000	-9.00179
365.00000	-9.00208
365.10000	-9.00236
365.20000	-9.00262
365.30000	-9.00287
365.40000	-9.00311
365.50000	-9.00333
365.60000	-9.00353
365.70000	-9.00371
365.80000	-9.00388
365.90000	-9.00402
366.00000	-9.00415
366.10000	-9.00425
366.20000	-9.00432
366.30000	-9.00438
366.40000	-9.00441
366.50000	-9.00442
366.60000	-9.00441
366.70000	-9.00437
366.80000	-9.00431
366.90000	-9.00423
367.00000	-9.00413
367.10000	-9.00400
367.20000	-9.00385
367.30000	-9.00368
367.40000	-9.00350
367.50000	-9.00329
367.60000	-9.00307
367.70000	-9.00283
367.80000	-9.00258
367.90000	-9.00231
368.00000	-9.00203
368.10000	-9.00174
368.20000	-9.00144
368.30000	-9.00114
368.40000	-9.00082
368.50000	-9.00051
368.60000	-9.00019
368.70000	-8.99987
368.80000	-8.99955
368.90000	-8.99923
369.00000	-8.99892
369.10000	-8.99861
369.20000	-8.99831
369.30000	-8.99801
369.40000	-8.99773
369.50000	-8.99746
369.60000	-8.99721
369.70000	-8.99696
369.80000	-8.99674
369.90000	-8.99653
370.00000	-8.99634
370.10000	-8.99616
370.20000	-8.99601
370.30000	-8.99588
370.40000	-8.99577
370.50000	-8.99568
370.60000	-8.99561
370.70000	-8.99557
370.80000	-8.99555
370.90000	-8.99556
371.00000	-8.99558
371.10000	-8.99563
371.20000	-8.99570
371.30000	-8.99580
371.40000	-8.99591
371.50000	-8.99605
371.60000	-8.99621
371.70000	-8.99638
371.80000	-8.99658
371.90000	-8.99679
372.00000	-8.99702
372.10000	-8.99726
372.20000	-8.99752
372.30000	-8.99779
372.40000	-8.99807
372.50000	-8.99837
372.60000	-8.99866
372.70000	-8.99897
372.80000	-8.99928
372.90000	-8.99959
373.00000	-8.99991
373.10000	-9.00022
373.20000	-9.00054
373.30000	-9.00085
373.40000	-9.00115
373.50000	-9.00145
373.60000	-9.00174
373.70000	-9.00202
373.80000	-9.00229
373.90000	-9.00254
374.00000	-9.00279
374.10000	-9.00302
374.20000	-9.00323
374.30000	-9.00342
374.40000	-9.00360
374.50000	-9.00375
374.60000	-9.00389
374.70000	-9.00401
374.80000	-9.00410
374.90000	-9.00418
375.00000	-9.00423
375.10000	-9.00426
375.20000	-9.00426
375.30000	-9.00425
375.40000	-9.00421
375.50000	-9.00415
375.60000	-9.00407
375.70000	-9.00396
375.80000	-9.00384
375.90000	-9.00369
376.00000	-9.00353
376.10000	-9.00335
376.20000	-9.00315
376.30000	-9.00294
376.40000	-9.00271
376.50000	-9.00246
376.60000	-9.00221
376.70000	-9.00194
376.80000	-9.00166
376.90000	-9.00138
377.00000	-9.00108
377.10000	-9.00079
377.20000	-9.00048
377.30000	-9.00018
377.40000	-8.99988
377.50000	-8.99957
377.60000	-8.99927
377.70000	-8.99898
377.80000	-8.99869
377.90000	-8.99840
378.00000	-8.99813
378.10000	-8.99786
378.20000	-8.99761
378.30000	-8.99737
378.40000	-8.99714
378.50000	-8.99693
378.60000	-8.99674
378.70000	-8.99656
378.80000	-8.99640
378.90000	-8.99626
379.00000	-8.99613
379.10000	-8.99603
379.20000	-8.99595
379.30000	-8.99589
379.40000	-8.99585
379.50000	-8.99583
379.60000	-8.99584
379.70000	-8.99586
379.80000	-8.99591
379.90000	-8.99597
380.00000	-8.99606
380.10000	-8.99617
380.20000	-8.99630
380.30000	-8.99644
380.40000	-8.99661
380.50000	-8.99679
380.60000	-8.99699
380.70000	-8.99720
380.80000	-8.99742
380.90000	-8.99766
381.00000	-8.99792
381.10000	-8.99818
381.20000	-8.99845
381.30000	-8.99872
381.40000	-8.99901
381.50000	-8.99930
381.60000	-8.99959
381.70000	-8.99988
381.80000	-9.00018
381.90000	-9.00047
382.00000	-9.00076
382.10000	-9.00104
382.20000	-9.00132
382.30000	-9.00159
382.40000	-9.00186
382.50000	-9.00211
382.60000	-9.00235
382.70000	-9.00258
382.80000	-9.00280
382.90000	-9.00300
383.00000	-9.00319
383.10000	-9.00336
383.20000	-9.00351
383.30000	-9.00364
383.40000	-9.00376
383.50000	-9.00385
383.60000	-9.00393
383.70000	-9.00398
383.80000	-9.00402
383.90000	-9.00403
384.00000	-9.00403
384.10000	-9.00400
384.20000	-9.00395
384.30000	-9.00389
384.40000	-9.00380
384.50000	-9.00369
384.60000	-9.00357
384.70000	-9.00343
384.80000	-9.00326
384.90000	-9.00309
385.00000	-9.00290
385.10000	-9.00269
385.20000	-9.00247
385.30000	-9.00223
385.40000	-9.00199
385.50000	-9.00173
385.60000	-9.00147
385.70000	-9.00120
385.80000	-9.00093
385.90000	-9.00064
386.00000	-9.00036
386.10000	-9.00007
386.20000	-8.99979
386.30000	-8.99950
386.40000	-8.99922
386.50000	-8.99895
386.60000	-8.99867
386.70000	-8.99841
386.80000	-8.99815
386.90000	-8.99791
387.00000	-8.99767
387.10000	-8.99745
387.20000	-8.99724
387.30000	-8.99704
387.40000	-8.99686
387.50000	-8.99670
387.60000	-8.99655
387.70000	-8.99642
387.80000	-8.99631
387.90000	-8.99622
388.00000	-8.99615
388.10000	-8.99610
388.20000	-8.99606
388.30000	-8.99605
388.40000	-8.99606
388.50000	-8.99609
388.60000	-8.99614
388.70000	-8.99621
388.80000	-8.99630
388.90000	-8.99641
389.00000	-8.99653
389.10000	-8.99668
389.20000	-8.99684
389.30000	-8.99702
389.40000	-8.99721
389.50000	-8.99742
389.60000	-8.99764
389.70000	-8.99787
389.80000	-8.99812
389.90000	-8.99837
390.00000	-8.99864
390.10000	-8.99891
390.20000	-8.99918
390.30000	-8.99946
390.40000	-8.99974
390.50000	-9.00003
390.60000	-9.00031
390.70000	-9.00060
390.80000	-9.00088
390.90000	-9.00115
391.00000	-9.00142
391.10000	-9.00168
391.20000	-9.00194
391.30000	-9.00218
391.40000	-9.00241
391.50000	-9.00263
391.60000	-9.00284
391.70000	-9.00303
391.80000	-9.00321
391.90000	-9.00337
392.00000	-9.00351
392.10000	-9.00364
392.20000	-9.00374
392.30000	-9.00383
392.40000	-9.00389
392.50000	-9.00394
392.60000	-9.00397
392.70000	-9.00397
392.80000	-9.00396
392.90000	-9.00392
393.00000	-9.00387
393.10000	-9.00379
393.20000	-9.00370
393.30000	-9.00358
393.40000	-9.00345
393.50000	-9.00330
393.60000	-9.00313
393.70000	-9.00295
393.80000	-9.00275
393.90000	-9.00254
394.00000	-9.00231
394.10000	-9.00207
394.20000	-9.00182
394.30000	-9.00157
394.40000	-9.00130
394.50000	-9.00103
394.60000	-9.00075
394.70000	-9.00047
394.80000	-9.00019
394.90000	-8.99990
395.00000	-8.99962
395.10000	-8.99934
395.20000	-8.99906
395.30000	-8.99879
395.40000	-8.99853
395.50000	-8.99827
395.60000	-8.99802
395.70000	-8.99778
395.80000	-8.99756
395.90000	-8.99734
396.00000	-8.99714
396.10000	-8.99696
396.20000	-8.99679
396.30000	-8.99664
396.40000	-8.99651
396.50000	-8.99640
396.60000	-8.99630
396.70000	-8.99622
396.80000	-8.99617
396.90000	-8.99613
397.00000	-8.99612
397.10000	-8.99612
397.20000	-8.99615
397.30000	-8.99619
397.40000	-8.99626
397.50000	-8.99635
397.60000	-8.99645
397.70000	-8.99657
397.80000	-8.99672
397.90000	-8.99687
398.00000	-8.99705
398.10000	-8.99724
398.20000	-8.99744
398.30000	-8.99766
398.40000	-8.99789
398.50000	-8.99813
398.60000	-8.99838
398.70000	-8.99864
398.80000	-8.99891
398.90000	-8.99918
399.00000	-8.99946
399.10000	-8.99973
399.20000	-9.00001
399.30000	-9.00029
399.40000	-9.00057
399.50000	-9.00084
399.60000	-9.00111
399.70000	-9.00138
399.80000	-9.00163
399.90000	-9.00188
400.00000	-9.00212
400.10000	-9.00234
400.20000	-9.00256
400.30000	-9.00276
400.40000	-9.00294
400.50000	-9.00311
400.60000	-9.00327
400.70000	-9.00340
400.80000	-9.00352
400.90000	-9.00362
401.00000	-9.00370
401.10000	-9.00377
401.20000	-9.00381
401.30000	-9.00383
401.40000	-9.00383
401.50000	-9.00382
401.60000	-9.00378
401.70000	-9.00372
401.80000	-9.00364
401.90000	-9.00355
402.00000	-9.00344
402.10000	-9.00330
402.20000	-9.00316
402.30000	-9.00299
402.40000	-9.00281
402.50000	-9.00262
402.60000	-9.00241
402.70000	-9.00219
402.80000	-9.00196
402.90000	-9.00172
403.00000	-9.00147
403.10000	-9.00121
403.20000	-9.00095
403.30000	-9.00068
403.40000	-9.00041
403.50000	-9.00014
403.60000	-8.99987
403.70000	-8.99960
403.80000	-8.99933
403.90000	-8.99906
404.00000	-8.99880
404.10000	-8.99855
404.20000	-8.99831
404.30000	-8.99807
404.40000	-8.99785
404.50000	-8.99763
404.60000	-8.99743
404.70000	-8.99724
404.80000	-8.99707
404.90000	-8.99691
405.00000	-8.99677
405.10000	-8.99665
405.20000	-8.99654
405.30000	-8.99645
405.40000	-8.99638
405.50000	-8.99633
405.60000	-8.99630
405.70000	-8.99629
405.80000	-8.99629
405.90000	-8.99632
406.00000	-8.99636
406.10000	-8.99643
406.20000	-8.99651
406.30000	-8.99661
406.40000	-8.99672
406.50000	-8.99686
406.60000	-8.99701
406.70000	-8.99717
406.80000	-8.99735
406.90000	-8.99754
407.00000	-8.99774
407.10000	-8.99796
407.20000	-8.99819
407.30000	-8.99842
407.40000	-8.99866
407.50000	-8.99891
407.60000	-8.99917
407.70000	-8.99943
407.80000	-8.99969
407.90000	-8.99995
408.00000	-9.00021
408.10000	-9.00047
408.20000	-9.00073
408.30000	-9.00098
408.40000	-9.00123
408.50000	-9.00147
408.60000	-9.00170
408.70000	-9.00192
408.80000	-9.00214
408.90000	-9.00234
409.00000	-9.00253
409.10000	-9.00270
409.20000	-9.00286
409.30000	-9.00301
409.40000	-9.00314
409.50000	-9.00326
409.60000	-9.00335
409.70000	-9.00343
409.80000	-9.00349
409.90000	-9.00354
410.00000	-9.00356
410.10000	-9.00357
410.20000	-9.00356
410.30000	-9.00353
410.40000	-9.00348
410.50000	-9.00341
410.60000	-9.00333
410.70000	-9.00323
410.80000	-9.00311
410.90000	-9.00298
411.00000	-9.00283
411.10000	-9.00266
411.20000	-9.00249
411.30000	-9.00230
411.40000	-9.00210
411.50000	-9.00188
411.60000	-9.00166
411.70000	-9.00143
411.80000	-9.00119
411.90000	-9.00095
412.00000	-9.00070
412.10000	-9.00045
412.20000	-9.00020
412.30000	-8.99994
412.40000	-8.99969
412.50000	-8.99943
412.60000	-8.99918
412.70000	-8.99894
412.80000	-8.99870
412.90000	-8.99846
413.00000	-8.99824
413.10000	-8.99802
413.20000	-8.99781
413.30000	-8.99762
413.40000	-8.99744
413.50000	-8.99727
413.60000	-8.99711
413.70000	-8.99697
413.80000	-8.99684
413.90000	-8.99673
414.00000	-8.99664
414.10000	-8.99657
414.20000	-8.99651
414.30000	-8.99647
414.40000	-8.99645
414.50000	-8.99644
414.60000	-8.99646
414.70000	-8.99649
414.80000	-8.99654
414.90000	-8.99661
415.00000	-8.99669
415.10000	-8.99679
415.20000	-8.99691
415.30000	-8.99704
415.40000	-8.99719
415.50000	-8.99736
415.60000	-8.99753
415.70000	-8.99772
415.80000	-8.99792
415.90000	-8.99813
416.00000	-8.99835
416.10000	-8.99858
416.20000	-8.99881
416.30000	-8.99905
416.40000	-8.99930
416.50000	-8.99955
416.60000	-8.99980
416.70000	-9.00005
416.80000	-9.00030
416.90000	-9.00055
417.00000	-9.00079
417.10000	-9.00103
417.20000	-9.00127
417.30000	-9.00150
417.40000	-9.00172
417.50000	-9.00193
417.60000	-9.00213
417.70000	-9.00232
417.80000	-9.00250
417.90000	-9.00267
418.00000	-9.00282
418.10000	-9.00295
418.20000	-9.00307
418.30000	-9.00318
418.40000	-9.00326
418.50000	-9.00334
418.60000	-9.00339
418.70000	-9.00342
418.80000	-9.00344
418.90000	-9.00344
419.00000	-9.00342
419.10000	-9.00339
419.20000	-9.00333
419.30000	-9.00326
419.40000	-9.00317
419.50000	-9.00306
419.60000	-9.00294
419.70000	-9.00281
419.80000	-9.00266
419.90000	-9.00249
420.00000	-9.00231
420.10000	-9.00212
420.20000	-9.00192
420.30000	-9.00171
420.40000	-9.00149
420.50000	-9.00126
420.60000	-9.00102
420.70000	-9.00078
420.80000	-9.00054
420.90000	-9.00029
421.00000	-9.00004
421.10000	-8.99979
421.20000	-8.99954
421.30000	-8.99930
421.40000	-8.99906
421.50000	-8.99882
421.60000	-8.99859
421.70000	-8.99836
421.80000	-8.99815
421.90000	-8.99794
422.00000	-8.99775
422.10000	-8.99756
422.20000	-8.99739
422.30000	-8.99723
422.40000	-8.99709
422.50000	-8.99696
422.60000	-8.99685
422.70000	-8.99675
422.80000	-8.99668
422.90000	-8.99661
423.00000	-8.99657
423.10000	-8.99654
423.20000	-8.99653
423.30000	-8.99654
423.40000	-8.99657
423.50000	-8.99662
423.60000	-8.99668
423.70000	-8.99676
423.80000	-8.99685
423.90000	-8.99697
424.00000	-8.99709
424.10000	-8.99724
424.20000	-8.99740
424.30000	-8.99757
424.40000	-8.99775
424.50000	-8.99795
424.60000	-8.99815
424.70000	-8.99837
424.80000	-8.99859
424.90000	-8.99882
425.00000	-8.99906
425.10000	-8.99930
425.20000	-8.99954
425.30000	-8.99979
425.40000	-9.00003
425.50000	-9.00028
425.60000	-9.00053
425.70000	-9.00077
425.80000	-9.00100
425.90000	-9.00124
426.00000	-9.00146
426.10000	-9.00168
426.20000	-9.00189
426.30000	-9.00209
426.40000	-9.00227
426.50000	-9.00245
426.60000	-9.00261
426.70000	-9.00276
426.80000	-9.00289
426.90000	-9.00301
427.00000	-9.00311
427.10000	-9.00320
427.20000	-9.00327
427.30000	-9.00332
427.40000	-9.00335
427.50000	-9.00337
427.60000	-9.00337
427.70000	-9.00335
427.80000	-9.00332
427.90000	-9.00326
428.00000	-9.00319
428.10000	-9.00311
428.20000	-9.00300
428.30000	-9.00289
428.40000	-9.00275
428.50000	-9.00260
428.60000	-9.00244
428.70000	-9.00227
428.80000	-9.00209
428.90000	-9.00189
429.00000	-9.00168
429.10000	-9.00147
429.20000	-9.00125
429.30000	-9.00102
429.40000	-9.00079
429.50000	-9.00055
429.60000	-9.00032
429.70000	-9.00008
429.80000	-8.99984
429.90000	-8.99960
430.00000	-8.99936
430.10000	-8.99913
430.20000	-8.99890
430.30000	-8.99868
430.40000	-8.99847
430.50000	-8.99826
430.60000	-8.99806
430.70000	-8.99788
430.80000	-8.99770
430.90000	-8.99754
431.00000	-8.99739
431.10000	-8.99725
431.20000	-8.99713
431.30000	-8.99703
431.40000	-8.99694
431.50000	-8.99686
431.60000	-8.99681
431.70000	-8.99677
431.80000	-8.99674
431.90000	-8.99673
432.00000	-8.99674
432.10000	-8.99677
432.20000	-8.99682
432.30000	-8.99688
432.40000	-8.99695
432.50000	-8.99704
432.60000	-8.99715
432.70000	-8.99727
432.80000	-8.99741
432.90000	-8.99756
433.00000	-8.99772
433.10000	-8.99789
433.20000	-8.99808
433.30000	-8.99827
433.40000	-8.99848
433.50000	-8.99869
433.60000	-8.99890
433.70000	-8.99913
433.80000	-8.99935
433.90000	-8.99958
434.00000	-8.99981
434.10000	-9.00005
434.20000	-9.00028
434.30000	-9.00051
434.40000	-9.00074
434.50000	-9.00096
434.60000	-9.00118
434.70000	-9.00139
434.80000	-9.00159
434.90000	-9.00179
435.00000	-9.00198
435.10000	-9.00215
435.20000	-9.00232
435.30000	-9.00247
435.40000	-9.00261
435.50000	-9.00274
435.60000	-9.00285
435.70000	-9.00295
435.80000	-9.00303
435.90000	-9.00310
436.00000	-9.00315
436.10000	-9.00318
436.20000	-9.00320
436.30000	-9.00320
436.40000	-9.00319
436.50000	-9.00316
436.60000	-9.00311
436.70000	-9.00305
436.80000	-9.00297
436.90000	-9.00288
437.00000	-9.00277
437.10000	-9.00265
437.20000	-9.00252
437.30000	-9.00237
437.40000	-9.00221
437.50000	-9.00204
437.60000	-9.00186
437.70000	-9.00167
437.80000	-9.00147
437.90000	-9.00127
438.00000	-9.00106
438.10000	-9.00084
438.20000	-9.00062
438.30000	-9.00040
438.40000	-9.00018
438.50000	-8.99995
438.60000	-8.99973
438.70000	-8.99950
438.80000	-8.99928
438.90000	-8.99907
439.00000	-8.99886
439.10000	-8.99865
439.20000	-8.99846
439.30000	-8.99827
439.40000	-8.99809
439.50000	-8.99792
439.60000	-8.99776
439.70000	-8.99761
439.80000	-8.99748
439.90000	-8.99736
440.00000	-8.99725
440.10000	-8.99716
440.20000	-8.99708
440.30000	-8.99702
440.40000	-8.99697
440.50000	-8.99694
440.60000	-8.99693
440.70000	-8.99693
440.80000	-8.99694
440.90000	-8.99698
441.00000	-8.99702
441.10000	-8.99709
441.20000	-8.99717
441.30000	-8.99726
441.40000	-8.99737
441.50000	-8.99749
441.60000	-8.99762
441.70000	-8.99777
441.80000	-8.99792
441.90000	-8.99809
442.00000	-8.99827
442.10000	-8.99846
442.20000	-8.99865
442.30000	-8.99886
442.40000	-8.99906
442.50000	-8.99928
442.60000	-8.99949
442.70000	-8.99971
442.80000	-8.99993
442.90000	-9.00015
443.00000	-9.00037
443.10000	-9.00059
443.20000	-9.00081
443.30000	-9.00102
443.40000	-9.00123
443.50000	-9.00142
443.60000	-9.00162
443.70000	-9.00180
443.80000	-9.00198
443.90000	-9.00214
444.00000	-9.00230
444.10000	-9.00244
444.20000	-9.00257
444.30000	-9.00268
444.40000	-9.00279
444.50000	-9.00287
444.60000	-9.00295
444.70000	-9.00301
444.80000	-9.00305
444.90000	-9.00308
445.00000	-9.00309
445.10000	-9.00308
445.20000	-9.00306
445.30000	-9.00303
445.40000	-9.00298
445.50000	-9.00291
445.60000	-9.00283
445.70000	-9.00273
445.80000	-9.00262
445.90000	-9.00250
446.00000	-9.00236
446.10000	-9.00221
446.20000	-9.00205
446.30000	-9.00188
446.40000	-9.00170
446.50000	-9.00152
446.60000	-9.00132
446.70000	-9.00112
446.80000	-9.00091
446.90000	-9.00070
447.00000	-9.00048
447.10000	-9.00026
447.20000	-9.00004
447.30000	-8.99982
447.40000	-8.99960
447.50000	-8.99938
447.60000	-8.99917
447.70000	-8.99896
447.80000	-8.99876
447.90000	-8.99856
448.00000	-8.99837
448.10000	-8.99819
448.20000	-8.99802
448.30000	-8.99786
448.40000	-8.99771
448.50000	-8.99757
448.60000	-8.99745
448.70000	-8.99734
448.80000	-8.99724
448.90000	-8.99716
449.00000	-8.99709
449.10000	-8.99704
449.20000	-8.99700
449.30000	-8.99698
449.40000	-8.99697
449.50000	-8.99698
449.60000	-8.99701
449.70000	-8.99705
449.80000	-8.99711
449.90000	-8.99718
450.00000	-8.99726
450.10000	-8.99736
450.20000	-8.99748
450.30000	-8.99761
450.40000	-8.99775
450.50000	-8.99790
450.60000	-8.99806
450.70000	-8.99823
450.80000	-8.99841
450.90000	-8.99860
451.00000	-8.99880
451.10000	-8.99900
451.20000	-8.99921
451.30000	-8.99942
451.40000	-8.99964
451.50000	-8.99985
451.60000	-9.00007
451.70000	-9.00029
451.80000	-9.00050
451.90000	-9.00071
452.00000	-9.00092
452.10000	-9.00113
452.20000	-9.00132
452.30000	-9.00151
452.40000	-9.00169
452.50000	-9.00187
452.60000	-9.00203
452.70000	-9.00218
452.80000	-9.00232
452.90000	-9.00245
453.00000	-9.00257
453.10000	-9.00267
453.20000	-9.00276
453.30000	-9.00283
453.40000	-9.00289
453.50000	-9.00293
453.60000	-9.00296
453.70000	-9.00297
453.80000	-9.00297
453.90000	-9.00295
454.00000	-9.00292
454.10000	-9.00287
454.20000	-9.00280
454.30000	-9.00272
454.40000	-9.00263
454.50000	-9.00252
454.60000	-9.00240
454.70000	-9.00227
454.80000	-9.00213
454.90000	-9.00197
455.00000	-9.00181
455.10000	-9.00163
455.20000	-9.00145
455.30000	-9.00126
455.40000	-9.00106
455.50000	-9.00086
455.60000	-9.00065
455.70000	-9.00044
455.80000	-9.00023
455.90000	-9.00001
456.00000	-8.99980
456.10000	-8.99959
456.20000	-8.99938
456.30000	-8.99917
456.40000	-8.99897
456.50000	-8.99877
456.60000	-8.99858
456.70000	-8.99840
456.80000	-8.99823
456.90000	-8.99806
457.00000	-8.99791
457.10000	-8.99776
457.20000	-8.99763
457.30000	-8.99751
457.40000	-8.99741
457.50000	-8.99731
457.60000	-8.99723
457.70000	-8.99717
457.80000	-8.99712
457.90000	-8.99708
458.00000	-8.99706
458.10000	-8.99706
458.20000	-8.99707
458.30000	-8.99709
458.40000	-8.99713
458.50000	-8.99719
458.60000	-8.99726
458.70000	-8.99734
458.80000	-8.99744
458.90000	-8.99755
459.00000	-8.99767
459.10000	-8.99780
459.20000	-8.99795
459.30000	-8.99810
459.40000	-8.99827
459.50000	-8.99844
459.60000	-8.99862
459.70000	-8.99881
459.80000	-8.99900
459.90000	-8.99920
460.00000	-8.99940
460.10000	-8.99961
460.20000	-8.99981
460.30000	-9.00002
460.40000	-9.00022
460.50000	-9.00043
460.60000	-9.00063
460.70000	-9.00083
460.80000	-9.00102
460.90000	-9.00121
461.00000	-9.00139
461.10000	-9.00156
461.20000	-9.00173
461.30000	-9.00188
461.40000	-9.00203
461.50000	-9.00216
461.60000	-9.00229
461.70000	-9.00240
461.80000	-9.00250
461.90000	-9.00258
462.00000	-9.00265
462.10000	-9.00271
462.20000	-9.00275
462.30000	-9.00278
462.40000	-9.00279
462.50000	-9.00279
462.60000	-9.00278
462.70000	-9.00275
462.80000	-9.00270
462.90000	-9.00264
463.00000	-9.00257
463.10000	-9.00249
463.20000	-9.00239
463.30000	-9.00228
463.40000	-9.00215
463.50000	-9.00202
463.60000	-9.00188
463.70000	-9.00172
463.80000	-9.00156
463.90000	-9.00139
464.00000	-9.00121
464.10000	-9.00103
464.20000	-9.00084
464.30000	-9.00064
464.40000	-9.00045
464.50000	-9.00025
464.60000	-9.00005
464.70000	-8.99985
464.80000	-8.99965
464.90000	-8.99945
465.00000	-8.99926
465.10000	-8.99906
465.20000	-8.99888
465.30000	-8.99870
465.40000	-8.99852
465.50000	-8.99836
465.60000	-8.99820
465.70000	-8.99805
465.80000	-8.99791
465.90000	-8.99779
466.00000	-8.99767
466.10000	-8.99757
466.20000	-8.99747
466.30000	-8.99740
466.40000	-8.99733
466.50000	-8.99728
466.60000	-8.99724
466.70000	-8.99722
466.80000	-8.99721
466.90000	-8.99721
467.00000	-8.99723
467.10000	-8.99726
467.20000	-8.99731
467.30000	-8.99737
467.40000	-8.99744
467.50000	-8.99753
467.60000	-8.99763
467.70000	-8.99774
467.80000	-8.99786
467.90000	-8.99800
468.00000	-8.99814
468.10000	-8.99829
468.20000	-8.99845
468.30000	-8.99862
468.40000	-8.99880
468.50000	-8.99898
468.60000	-8.99917
468.70000	-8.99936
468.80000	-8.99955
468.90000	-8.99975
469.00000	-8.99994
469.10000	-9.00014
469.20000	-9.00033
469.30000	-9.00053
469.40000	-9.00072
469.50000	-9.00091
469.60000	-9.00109
469.70000	-9.00126
469.80000	-9.00143
469.90000	-9.00160
470.00000	-9.00175
470.10000	-9.00189
470.20000	-9.00203
470.30000	-9.00215
470.40000	-9.00226
470.50000	-9.00236
470.60000	-9.00245
470.70000	-9.00253
470.80000	-9.00259
470.90000	-9.00264
471.00000	-9.00267
471.10000	-9.00269
471.20000	-9.00270
471.30000	-9.00269
471.40000	-9.00267
471.50000	-9.00264
471.60000	-9.00259
471.70000	-9.00253
471.80000	-9.00245
471.90000	-9.00237
472.00000	-9.00227
472.10000	-9.00215
472.20000	-9.00203
472.30000	-9.00190
472.40000	-9.00175
472.50000	-9.00160
472.60000	-9.00144
472.70000	-9.00127
472.80000	-9.00110
472.90000	-9.00092
473.00000	-9.00074
473.10000	-9.00055
473.20000	-9.00036
473.30000	-9.00016
473.40000	-8.99997
473.50000	-8.99977
473.60000	-8.99958
473.70000	-8.99939
473.80000	-8.99920
473.90000	-8.99902
474.00000	-8.99884
474.10000	-8.99867
474.20000	-8.99851
474.30000	-8.99835
474.40000	-8.99820
474.50000	-8.99806
474.60000	-8.99794
474.70000	-8.99782
474.80000	-8.99771
474.90000	-8.99762
475.00000	-8.99753
475.10000	-8.99746
475.20000	-8.99741
475.30000	-8.99737
475.40000	-8.99734
475.50000	-8.99732
475.60000	-8.99732
475.70000	-8.99733
475.80000	-8.99736
475.90000	-8.99740
476.00000	-8.99745
476.10000	-8.99752
476.20000	-8.99760
476.30000	-8.99769
476.40000	-8.99780
476.50000	-8.99791
476.60000	-8.99804
476.70000	-8.99818
476.80000	-8.99832
476.90000	-8.99848
477.00000	-8.99864
477.10000	-8.99881
477.20000	-8.99899
477.30000	-8.99917
477.40000	-8.99936
477.50000	-8.99954
477.60000	-8.99974
477.70000	-8.99993
477.80000	-9.00012
477.90000	-9.00031
478.00000	-9.00050
478.10000	-9.00069
478.20000	-9.00088
478.30000	-9.00106
478.40000	-9.00123
478.50000	-9.00140
478.60000	-9.00156
478.70000	-9.00171
478.80000	-9.00185
478.90000	-9.00199
479.00000	-9.00211
479.10000	-9.00222
479.20000	-9.00232
479.30000	-9.00241
479.40000	-9.00249
479.50000	-9.00255
479.60000	-9.00260
479.70000	-9.00264
479.80000	-9.00266
479.90000	-9.00267
480.00000	-9.00266
480.10000	-9.00264
480.20000	-9.00261
480.30000	-9.00257
480.40000	-9.00251
480.50000	-9.00243
480.60000	-9.00235
480.70000	-9.00225
480.80000	-9.00214
480.90000	-9.00203
481.00000	-9.00190
481.10000	-9.00176
481.20000	-9.00161
481.30000	-9.00145
481.40000	-9.00129
481.50000	-9.00112
481.60000	-9.00094
481.70000	-9.00076
481.80000	-9.00058
481.90000	-9.00039
482.00000	-9.00021
482.10000	-9.00002
482.20000	-8.99983
482.30000	-8.99964
482.40000	-8.99946
482.50000	-8.99927
482.60000	-8.99910
482.70000	-8.99892
482.80000	-8.99876
482.90000	-8.99860
483.00000	-8.99845
483.10000	-8.99830
483.20000	-8.99817
483.30000	-8.99804
483.40000	-8.99793
483.50000	-8.99782
483.60000	-8.99773
483.70000	-8.99765
483.80000	-8.99759
483.90000	-8.99753
484.00000	-8.99749
484.10000	-8.99746
484.20000	-8.99745
484.30000	-8.99745
484.40000	-8.99746
484.50000	-8.99749
484.60000	-8.99752
484.70000	-8.99758
484.80000	-8.99764
484.90000	-8.99772
485.00000	-8.99781
485.10000	-8.99791
485.20000	-8.99802
485.30000	-8.99814
485.40000	-8.99827
485.50000	-8.99841
485.60000	-8.99856
485.70000	-8.99871
485.80000	-8.99888
485.90000	-8.99905
486.00000	-8.99922
486.10000	-8.99940
486.20000	-8.99958
486.30000	-8.99976
486.40000	-8.99994
486.50000	-9.00012
486.60000	-9.00031
486.70000	-9.00049
486.80000	-9.00067
486.90000	-9.00084
487.00000	-9.00101
487.10000	-9.00118
487.20000	-9.00134
487.30000	-9.00149
487.40000	-9.00163
487.50000	-9.00177
487.60000	-9.00189
487.70000	-9.00201
487.80000	-9.00212
487.90000	-9.00221
488.00000	-9.00230
488.10000	-9.00237
488.20000	-9.00243
488.30000	-9.00248
488.40000	-9.00251
488.50000	-9.00253
488.60000	-9.00254
488.70000	-9.00254
488.80000	-9.00252
488.90000	-9.00249
489.00000	-9.00245
489.10000	-9.00239
489.20000	-9.00232
489.30000	-9.00224
489.40000	-9.00215
489.50000	-9.00205
489.60000	-9.00194
489.70000	-9.00182
489.80000	-9.00169
489.90000	-9.00155
490.00000	-9.00140
490.10000	-9.00125
490.20000	-9.00109
490.30000	-9.00093
490.40000	-9.00076
490.50000	-9.00058
490.60000	-9.00041
490.70000	-9.00023
490.80000	-9.00005
490.90000	-8.99987
491.00000	-8.99970
491.10000	-8.99952
491.20000	-8.99935
491.30000	-8.99918
491.40000	-8.99902
491.50000	-8.99886
491.60000	-8.99871
491.70000	-8.99856
491.80000	-8.99842
491.90000	-8.99829
492.00000	-8.99817
492.10000	-8.99806
492.20000	-8.99796
492.30000	-8.99787
492.40000	-8.99779
492.50000	-8.99773
492.60000	-8.99767
492.70000	-8.99763
492.80000	-8.99760
492.90000	-8.99758
493.00000	-8.99757
493.10000	-8.99758
493.20000	-8.99760
493.30000	-8.99763
493.40000	-8.99768
493.50000	-8.99773
493.60000	-8.99780
493.70000	-8.99788
493.80000	-8.99797
493.90000	-8.99807
494.00000	-8.99818
494.10000	-8.99830
494.20000	-8.99843
494.30000	-8.99857
494.40000	-8.99871
494.50000	-8.99886
494.60000	-8.99902
494.70000	-8.99918
494.80000	-8.99934
494.90000	-8.99951
495.00000	-8.99968
495.10000	-8.99986
495.20000	-9.00003
495.30000	-9.00020
495.40000	-9.00037
495.50000	-9.00054
495.60000	-9.00071
495.70000	-9.00087
495.80000	-9.00103
495.90000	-9.00119
496.00000	-9.00133
496.10000	-9.00147
496.20000	-9.00161
496.30000	-9.00173
496.40000	-9.00184
496.50000	-9.00195
496.60000	-9.00204
496.70000	-9.00213
496.80000	-9.00220
496.90000	-9.00227
497.00000	-9.00232
497.10000	-9.00236
497.20000	-9.00238
497.30000	-9.00240
497.40000	-9.00240
497.50000	-9.00239
497.60000	-9.00236
497.70000	-9.00233
497.80000	-9.00228
497.90000	-9.00222
498.00000	-9.00215
498.10000	-9.00207
498.20000	-9.00198
498.30000	-9.00188
498.40000	-9.00177
498.50000	-9.00165
498.60000	-9.00152
498.70000	-9.00138
498.80000	-9.00123
498.90000	-9.00108
499.00000	-9.00093
499.10000	-9.00077
499.20000	-9.00060
499.30000	-9.00043
499.40000	-9.00026
499.50000	-9.00009
499.60000	-8.99992
499.70000	-8.99975
499.80000	-8.99958
499.90000	-8.99941
500.00000	-8.99925
