2.000000000000000042e-02
4.000000000000000083e-02
5.999999999999999778e-02
8.000000000000000167e-02
1.000000000000000056e-01
1.200000000000000094e-01
1.400000000000000133e-01
1.599999999999999756e-01
1.799999999999999933e-01
2.000000000000000111e-01
2.200000000000000011e-01
2.399999999999999911e-01
2.600000000000000089e-01
2.800000000000000266e-01
2.999999999999999889e-01
3.200000000000000067e-01
3.400000000000000244e-01
3.600000000000000422e-01
3.800000000000000600e-01
4.000000000000000222e-01
4.200000000000000400e-01
4.400000000000000577e-01
4.600000000000000200e-01
4.800000000000000933e-01
5.000000000000000000e-01
5.200000000000000178e-01
5.400000000000000355e-01
5.600000000000000533e-01
5.799999999999999600e-01
6.000000000000000888e-01
6.199999999999999956e-01
6.400000000000001243e-01
6.600000000000000311e-01
6.800000000000000488e-01
7.000000000000000666e-01
7.200000000000000844e-01
7.400000000000001021e-01
7.600000000000001199e-01
7.800000000000000266e-01
8.000000000000001554e-01
8.200000000000000622e-01
8.400000000000000799e-01
8.600000000000000977e-01
8.800000000000001155e-01
9.000000000000000222e-01
9.200000000000000400e-01
9.400000000000001688e-01
9.600000000000000755e-01
9.800000000000000933e-01
1.000000000000000000e+00
1.020000000000000018e+00
1.040000000000000036e+00
1.060000000000000053e+00
1.080000000000000071e+00
1.100000000000000089e+00
1.120000000000000107e+00
1.139999999999999902e+00
1.160000000000000142e+00
1.180000000000000160e+00
1.200000000000000178e+00
1.219999999999999973e+00
1.240000000000000213e+00
1.260000000000000231e+00
1.280000000000000027e+00
1.300000000000000044e+00
1.320000000000000062e+00
1.340000000000000080e+00
1.360000000000000098e+00
1.380000000000000115e+00
1.400000000000000133e+00
1.420000000000000151e+00
1.440000000000000169e+00
1.460000000000000187e+00
1.479999999999999982e+00
1.500000000000000222e+00
1.520000000000000240e+00
1.540000000000000036e+00
1.560000000000000053e+00
1.580000000000000293e+00
1.600000000000000089e+00
1.620000000000000107e+00
1.640000000000000124e+00
1.660000000000000142e+00
1.680000000000000160e+00
1.700000000000000178e+00
1.719999999999999973e+00
1.740000000000000213e+00
1.760000000000000009e+00
1.780000000000000027e+00
1.800000000000000044e+00
1.820000000000000062e+00
1.840000000000000302e+00
1.860000000000000320e+00
1.879999999999999893e+00
1.900000000000000133e+00
1.920000000000000151e+00
1.940000000000000169e+00
1.960000000000000187e+00
1.980000000000000204e+00
2.000000000000000444e+00
2.020000000000000018e+00
2.040000000000000036e+00
2.060000000000000053e+00
2.080000000000000071e+00
2.100000000000000089e+00
2.120000000000000107e+00
2.140000000000000124e+00
2.160000000000000142e+00
2.180000000000000160e+00
2.200000000000000178e+00
2.220000000000000195e+00
2.240000000000000213e+00
2.259999999999999787e+00
2.280000000000000249e+00
2.300000000000000266e+00
2.320000000000000284e+00
2.340000000000000302e+00
2.360000000000000320e+00
2.380000000000000338e+00
2.399999999999999911e+00
2.419999999999999929e+00
2.439999999999999947e+00
2.460000000000000409e+00
2.480000000000000426e+00
2.500000000000000444e+00
2.520000000000000018e+00
2.540000000000000036e+00
2.560000000000000053e+00
2.580000000000000071e+00
2.600000000000000089e+00
2.620000000000000107e+00
2.640000000000000568e+00
2.660000000000000142e+00
2.680000000000000160e+00
2.700000000000000178e+00
2.720000000000000195e+00
2.740000000000000213e+00
2.760000000000000231e+00
2.780000000000000249e+00
2.800000000000000266e+00
2.820000000000000284e+00
2.840000000000000302e+00
2.860000000000000320e+00
2.880000000000000338e+00
2.900000000000000355e+00
2.919999999999999929e+00
2.939999999999999947e+00
2.960000000000000409e+00
2.980000000000000426e+00
3.000000000000000444e+00
3.020000000000000462e+00
3.040000000000000036e+00
3.060000000000000053e+00
3.080000000000000071e+00
3.100000000000000089e+00
3.120000000000000107e+00
3.140000000000000568e+00
3.160000000000000142e+00
3.180000000000000160e+00
3.200000000000000178e+00
3.220000000000000195e+00
3.240000000000000213e+00
3.260000000000000231e+00
3.280000000000000249e+00
3.300000000000000266e+00
3.320000000000000284e+00
3.340000000000000302e+00
3.360000000000000320e+00
3.380000000000000338e+00
3.400000000000000355e+00
3.419999999999999929e+00
3.439999999999999947e+00
3.460000000000000409e+00
3.479999999999999982e+00
3.500000000000000000e+00
3.520000000000000018e+00
3.540000000000000036e+00
3.560000000000000053e+00
3.580000000000000071e+00
3.600000000000000089e+00
3.620000000000000107e+00
3.640000000000000568e+00
3.660000000000000586e+00
3.680000000000000604e+00
3.700000000000000622e+00
3.720000000000000639e+00
3.739999999999999769e+00
3.759999999999999787e+00
3.780000000000000249e+00
3.800000000000000266e+00
3.820000000000000284e+00
3.840000000000000302e+00
3.860000000000000320e+00
3.880000000000000338e+00
3.900000000000000355e+00
3.920000000000000373e+00
3.940000000000000391e+00
3.960000000000000409e+00
3.980000000000000870e+00
4.000000000000000000e+00
4.019999999999999574e+00
4.040000000000000036e+00
4.059999999999999609e+00
4.080000000000000071e+00
4.099999999999999645e+00
4.120000000000000107e+00
4.139999999999999680e+00
4.160000000000000142e+00
4.179999999999999716e+00
4.200000000000000178e+00
4.219999999999999751e+00
4.240000000000000213e+00
4.259999999999999787e+00
4.279999999999999361e+00
4.299999999999999822e+00
4.319999999999999396e+00
4.339999999999999858e+00
4.359999999999999432e+00
4.379999999999999893e+00
4.400000000000000355e+00
4.419999999999999929e+00
4.440000000000000391e+00
4.459999999999999964e+00
4.480000000000000426e+00
4.499999999999999112e+00
4.519999999999999574e+00
4.540000000000000036e+00
4.559999999999999609e+00
4.580000000000000071e+00
4.599999999999999645e+00
4.620000000000000107e+00
4.639999999999999680e+00
4.660000000000000142e+00
4.679999999999999716e+00
4.700000000000000178e+00
4.719999999999999751e+00
4.740000000000000213e+00
4.759999999999999787e+00
4.779999999999999361e+00
4.799999999999999822e+00
4.819999999999999396e+00
4.839999999999999858e+00
4.859999999999999432e+00
4.879999999999999893e+00
4.900000000000000355e+00
4.919999999999999929e+00
4.940000000000000391e+00
4.959999999999999964e+00
4.980000000000000426e+00
5.000000000000000000e+00
5.019999999999999574e+00
5.040000000000000036e+00
5.059999999999999609e+00
5.080000000000000071e+00
5.099999999999999645e+00
5.120000000000000107e+00
5.139999999999999680e+00
5.160000000000000142e+00
5.179999999999999716e+00
5.200000000000000178e+00
5.219999999999999751e+00
5.240000000000000213e+00
5.260000000000000675e+00
5.279999999999999361e+00
5.299999999999999822e+00
5.319999999999999396e+00
5.339999999999999858e+00
5.359999999999999432e+00
5.379999999999999893e+00
5.400000000000000355e+00
5.419999999999999929e+00
5.440000000000000391e+00
5.459999999999999964e+00
5.480000000000000426e+00
5.500000000000000000e+00
5.520000000000000462e+00
5.540000000000000036e+00
5.559999999999999609e+00
5.580000000000000071e+00
5.599999999999999645e+00
5.620000000000000107e+00
5.639999999999999680e+00
5.660000000000000142e+00
5.679999999999999716e+00
5.700000000000000178e+00
5.719999999999999751e+00
5.740000000000000213e+00
5.760000000000000675e+00
5.780000000000000249e+00
5.799999999999999822e+00
5.819999999999999396e+00
5.839999999999999858e+00
5.859999999999999432e+00
5.879999999999999893e+00
5.900000000000000355e+00
5.919999999999999929e+00
5.940000000000000391e+00
5.959999999999999964e+00
5.980000000000000426e+00
6.000000000000000000e+00
