WSM
F3OF
DT1
HEAVE
t(s)	HEAVE(m)
0.00000	-9.00000
0.10000	-9.00000
0.20000	-9.00000
0.30000	-8.99999
0.40000	-8.99999
0.50000	-8.99998
0.60000	-8.99997
0.70000	-8.99996
0.80000	-8.99994
0.90000	-8.99993
1.00000	-8.99991
1.10000	-8.99989
1.20000	-8.99987
1.30000	-8.99985
1.40000	-8.99983
1.50000	-8.99981
1.60000	-8.99978
1.70000	-8.99976
1.80000	-8.99973
1.90000	-8.99970
2.00000	-8.99967
2.10000	-8.99964
2.20000	-8.99961
2.30000	-8.99958
2.40000	-8.99955
2.50000	-8.99952
2.60000	-8.99949
2.70000	-8.99946
2.80000	-8.99943
2.90000	-8.99941
3.00000	-8.99938
3.10000	-8.99935
3.20000	-8.99933
3.30000	-8.99931
3.40000	-8.99929
3.50000	-8.99927
3.60000	-8.99925
3.70000	-8.99923
3.80000	-8.99922
3.90000	-8.99921
4.00000	-8.99920
4.10000	-8.99919
4.20000	-8.99919
4.30000	-8.99918
4.40000	-8.99918
4.50000	-8.99919
4.60000	-8.99919
4.70000	-8.99920
4.80000	-8.99920
4.90000	-8.99921
5.00000	-8.99923
5.10000	-8.99924
5.20000	-8.99926
5.30000	-8.99928
5.40000	-8.99930
5.50000	-8.99932
5.60000	-8.99935
5.70000	-8.99937
5.80000	-8.99940
5.90000	-8.99943
6.00000	-8.99946
6.10000	-8.99949
6.20000	-8.99953
6.30000	-8.99956
6.40000	-8.99960
6.50000	-8.99963
6.60000	-8.99967
6.70000	-8.99971
6.80000	-8.99974
6.90000	-8.99978
7.00000	-8.99981
7.10000	-8.99985
7.20000	-8.99989
7.30000	-8.99992
7.40000	-8.99995
7.50000	-8.99998
7.60000	-9.00001
7.70000	-9.00004
7.80000	-9.00007
7.90000	-9.00009
8.00000	-9.00011
8.10000	-9.00013
8.20000	-9.00015
8.30000	-9.00016
8.40000	-9.00018
8.50000	-9.00019
8.60000	-9.00020
8.70000	-9.00020
8.80000	-9.00021
8.90000	-9.00021
9.00000	-9.00021
9.10000	-9.00021
9.20000	-9.00021
9.30000	-9.00020
9.40000	-9.00020
9.50000	-9.00019
9.60000	-9.00018
9.70000	-9.00017
9.80000	-9.00017
9.90000	-9.00016
10.00000	-9.00015
10.10000	-9.00014
10.20000	-9.00013
10.30000	-9.00011
10.40000	-9.00010
10.50000	-9.00009
10.60000	-9.00008
10.70000	-9.00007
10.80000	-9.00006
10.90000	-9.00005
11.00000	-9.00004
11.10000	-9.00003
11.20000	-9.00002
11.30000	-9.00000
11.40000	-8.99999
11.50000	-8.99998
11.60000	-8.99997
11.70000	-8.99995
11.80000	-8.99994
11.90000	-8.99993
12.00000	-8.99991
12.10000	-8.99990
12.20000	-8.99989
12.30000	-8.99987
12.40000	-8.99986
12.50000	-8.99984
12.60000	-8.99982
12.70000	-8.99981
12.80000	-8.99979
12.90000	-8.99978
13.00000	-8.99976
13.10000	-8.99975
13.20000	-8.99973
13.30000	-8.99972
13.40000	-8.99970
13.50000	-8.99969
13.60000	-8.99967
13.70000	-8.99966
13.80000	-8.99965
13.90000	-8.99964
14.00000	-8.99963
14.10000	-8.99963
14.20000	-8.99962
14.30000	-8.99962
14.40000	-8.99961
14.50000	-8.99961
14.60000	-8.99961
14.70000	-8.99961
14.80000	-8.99962
14.90000	-8.99962
15.00000	-8.99963
15.10000	-8.99964
15.20000	-8.99966
15.30000	-8.99967
15.40000	-8.99969
15.50000	-8.99971
15.60000	-8.99973
15.70000	-8.99976
15.80000	-8.99978
15.90000	-8.99981
16.00000	-8.99984
16.10000	-8.99988
16.20000	-8.99992
16.30000	-8.99995
16.40000	-8.99999
16.50000	-9.00004
16.60000	-9.00008
16.70000	-9.00012
16.80000	-9.00017
16.90000	-9.00022
17.00000	-9.00026
17.10000	-9.00031
17.20000	-9.00036
17.30000	-9.00040
17.40000	-9.00045
17.50000	-9.00049
17.60000	-9.00053
17.70000	-9.00058
17.80000	-9.00061
17.90000	-9.00065
18.00000	-9.00068
18.10000	-9.00071
18.20000	-9.00074
18.30000	-9.00076
18.40000	-9.00078
18.50000	-9.00079
18.60000	-9.00080
18.70000	-9.00080
18.80000	-9.00080
18.90000	-9.00080
19.00000	-9.00079
19.10000	-9.00078
19.20000	-9.00076
19.30000	-9.00074
19.40000	-9.00072
19.50000	-9.00069
19.60000	-9.00065
19.70000	-9.00061
19.80000	-9.00057
19.90000	-9.00053
20.00000	-9.00048
20.10000	-9.00043
20.20000	-9.00038
20.30000	-9.00032
20.40000	-9.00027
20.50000	-9.00021
20.60000	-9.00015
20.70000	-9.00009
20.80000	-9.00002
20.90000	-8.99996
21.00000	-8.99990
21.10000	-8.99984
21.20000	-8.99977
21.30000	-8.99971
21.40000	-8.99966
21.50000	-8.99960
21.60000	-8.99954
21.70000	-8.99949
21.80000	-8.99944
21.90000	-8.99940
22.00000	-8.99936
22.10000	-8.99932
22.20000	-8.99929
22.30000	-8.99926
22.40000	-8.99924
22.50000	-8.99922
22.60000	-8.99921
22.70000	-8.99920
22.80000	-8.99920
22.90000	-8.99921
23.00000	-8.99922
23.10000	-8.99924
23.20000	-8.99926
23.30000	-8.99929
23.40000	-8.99932
23.50000	-8.99936
23.60000	-8.99941
23.70000	-8.99946
23.80000	-8.99951
23.90000	-8.99957
24.00000	-8.99964
24.10000	-8.99970
24.20000	-8.99977
24.30000	-8.99984
24.40000	-8.99992
24.50000	-8.99999
24.60000	-9.00007
24.70000	-9.00014
24.80000	-9.00022
24.90000	-9.00029
25.00000	-9.00036
25.10000	-9.00044
25.20000	-9.00051
25.30000	-9.00057
25.40000	-9.00064
25.50000	-9.00070
25.60000	-9.00075
25.70000	-9.00081
25.80000	-9.00086
25.90000	-9.00090
26.00000	-9.00094
26.10000	-9.00097
26.20000	-9.00100
26.30000	-9.00102
26.40000	-9.00104
26.50000	-9.00105
26.60000	-9.00105
26.70000	-9.00105
26.80000	-9.00105
26.90000	-9.00104
27.00000	-9.00102
27.10000	-9.00099
27.20000	-9.00097
27.30000	-9.00093
27.40000	-9.00089
27.50000	-9.00085
27.60000	-9.00080
27.70000	-9.00075
27.80000	-9.00069
27.90000	-9.00063
28.00000	-9.00057
28.10000	-9.00050
28.20000	-9.00044
28.30000	-9.00037
28.40000	-9.00029
28.50000	-9.00022
28.60000	-9.00015
28.70000	-9.00008
28.80000	-9.00000
28.90000	-8.99993
29.00000	-8.99986
29.10000	-8.99979
29.20000	-8.99972
29.30000	-8.99966
29.40000	-8.99960
29.50000	-8.99954
29.60000	-8.99949
29.70000	-8.99944
29.80000	-8.99939
29.90000	-8.99935
30.00000	-8.99931
30.10000	-8.99928
30.20000	-8.99925
30.30000	-8.99923
30.40000	-8.99922
30.50000	-8.99921
30.60000	-8.99920
30.70000	-8.99920
30.80000	-8.99920
30.90000	-8.99921
31.00000	-8.99923
31.10000	-8.99924
31.20000	-8.99927
31.30000	-8.99930
31.40000	-8.99933
31.50000	-8.99936
31.60000	-8.99940
31.70000	-8.99944
31.80000	-8.99949
31.90000	-8.99953
32.00000	-8.99958
32.10000	-8.99963
32.20000	-8.99969
32.30000	-8.99974
32.40000	-8.99980
32.50000	-8.99986
32.60000	-8.99992
32.70000	-8.99997
32.80000	-9.00003
32.90000	-9.00009
33.00000	-9.00015
33.10000	-9.00020
33.20000	-9.00026
33.30000	-9.00031
33.40000	-9.00036
33.50000	-9.00041
33.60000	-9.00046
33.70000	-9.00050
33.80000	-9.00054
33.90000	-9.00058
34.00000	-9.00061
34.10000	-9.00064
34.20000	-9.00067
34.30000	-9.00069
34.40000	-9.00071
34.50000	-9.00072
34.60000	-9.00073
34.70000	-9.00073
34.80000	-9.00073
34.90000	-9.00073
35.00000	-9.00072
35.10000	-9.00071
35.20000	-9.00069
35.30000	-9.00067
35.40000	-9.00064
35.50000	-9.00062
35.60000	-9.00058
35.70000	-9.00055
35.80000	-9.00051
35.90000	-9.00047
36.00000	-9.00042
36.10000	-9.00037
36.20000	-9.00032
36.30000	-9.00027
36.40000	-9.00022
36.50000	-9.00017
36.60000	-9.00011
36.70000	-9.00006
36.80000	-9.00000
36.90000	-8.99995
37.00000	-8.99989
37.10000	-8.99984
37.20000	-8.99978
37.30000	-8.99973
37.40000	-8.99968
37.50000	-8.99963
37.60000	-8.99958
37.70000	-8.99953
37.80000	-8.99948
37.90000	-8.99944
38.00000	-8.99940
38.10000	-8.99936
38.20000	-8.99932
38.30000	-8.99929
38.40000	-8.99926
38.50000	-8.99923
38.60000	-8.99920
38.70000	-8.99918
38.80000	-8.99916
38.90000	-8.99915
39.00000	-8.99914
39.10000	-8.99913
39.20000	-8.99912
39.30000	-8.99912
39.40000	-8.99912
39.50000	-8.99913
39.60000	-8.99914
39.70000	-8.99915
39.80000	-8.99917
39.90000	-8.99918
40.00000	-8.99920
40.10000	-8.99923
40.20000	-8.99925
40.30000	-8.99928
40.40000	-8.99931
40.50000	-8.99935
40.60000	-8.99938
40.70000	-8.99942
40.80000	-8.99945
40.90000	-8.99949
41.00000	-8.99953
41.10000	-8.99957
41.20000	-8.99961
41.30000	-8.99965
41.40000	-8.99969
41.50000	-8.99973
41.60000	-8.99977
41.70000	-8.99981
41.80000	-8.99984
41.90000	-8.99988
42.00000	-8.99991
42.10000	-8.99994
42.20000	-8.99998
42.30000	-9.00000
42.40000	-9.00003
42.50000	-9.00006
42.60000	-9.00008
42.70000	-9.00010
42.80000	-9.00012
42.90000	-9.00014
43.00000	-9.00015
43.10000	-9.00016
43.20000	-9.00017
43.30000	-9.00018
43.40000	-9.00018
43.50000	-9.00019
43.60000	-9.00019
43.70000	-9.00018
43.80000	-9.00018
43.90000	-9.00017
44.00000	-9.00015
44.10000	-9.00014
44.20000	-9.00012
44.30000	-9.00010
44.40000	-9.00008
44.50000	-9.00006
44.60000	-9.00003
44.70000	-9.00000
44.80000	-8.99997
44.90000	-8.99994
45.00000	-8.99991
45.10000	-8.99987
45.20000	-8.99983
45.30000	-8.99980
45.40000	-8.99976
45.50000	-8.99972
45.60000	-8.99968
45.70000	-8.99964
45.80000	-8.99960
45.90000	-8.99955
46.00000	-8.99951
46.10000	-8.99947
46.20000	-8.99944
46.30000	-8.99940
46.40000	-8.99936
46.50000	-8.99933
46.60000	-8.99929
46.70000	-8.99926
46.80000	-8.99923
46.90000	-8.99920
47.00000	-8.99917
47.10000	-8.99915
47.20000	-8.99913
47.30000	-8.99911
47.40000	-8.99909
47.50000	-8.99907
47.60000	-8.99906
47.70000	-8.99905
47.80000	-8.99904
47.90000	-8.99904
48.00000	-8.99904
48.10000	-8.99904
48.20000	-8.99904
48.30000	-8.99905
48.40000	-8.99906
48.50000	-8.99907
48.60000	-8.99908
48.70000	-8.99910
48.80000	-8.99912
48.90000	-8.99914
49.00000	-8.99917
49.10000	-8.99920
49.20000	-8.99923
49.30000	-8.99926
49.40000	-8.99929
49.50000	-8.99933
49.60000	-8.99937
49.70000	-8.99941
49.80000	-8.99945
49.90000	-8.99949
50.00000	-8.99954
50.10000	-8.99958
50.20000	-8.99963
50.30000	-8.99967
50.40000	-8.99972
50.50000	-8.99977
50.60000	-8.99981
50.70000	-8.99986
50.80000	-8.99990
50.90000	-8.99995
51.00000	-8.99999
51.10000	-9.00003
51.20000	-9.00007
51.30000	-9.00010
51.40000	-9.00014
51.50000	-9.00017
51.60000	-9.00020
51.70000	-9.00023
51.80000	-9.00025
51.90000	-9.00028
52.00000	-9.00029
52.10000	-9.00031
52.20000	-9.00032
52.30000	-9.00033
52.40000	-9.00034
52.50000	-9.00034
52.60000	-9.00034
52.70000	-9.00033
52.80000	-9.00033
52.90000	-9.00032
53.00000	-9.00030
53.10000	-9.00028
53.20000	-9.00027
53.30000	-9.00024
53.40000	-9.00022
53.50000	-9.00019
53.60000	-9.00016
53.70000	-9.00013
53.80000	-9.00010
53.90000	-9.00006
54.00000	-9.00002
54.10000	-8.99999
54.20000	-8.99995
54.30000	-8.99991
54.40000	-8.99987
54.50000	-8.99982
54.60000	-8.99978
54.70000	-8.99974
54.80000	-8.99970
54.90000	-8.99966
55.00000	-8.99962
55.10000	-8.99959
55.20000	-8.99955
55.30000	-8.99952
55.40000	-8.99949
55.50000	-8.99946
55.60000	-8.99943
55.70000	-8.99941
55.80000	-8.99939
55.90000	-8.99937
56.00000	-8.99936
56.10000	-8.99935
56.20000	-8.99934
56.30000	-8.99933
56.40000	-8.99933
56.50000	-8.99934
56.60000	-8.99935
56.70000	-8.99936
56.80000	-8.99937
56.90000	-8.99939
57.00000	-8.99941
57.10000	-8.99944
57.20000	-8.99946
57.30000	-8.99949
57.40000	-8.99953
57.50000	-8.99956
57.60000	-8.99960
57.70000	-8.99964
57.80000	-8.99968
57.90000	-8.99972
58.00000	-8.99977
58.10000	-8.99981
58.20000	-8.99985
58.30000	-8.99990
58.40000	-8.99995
58.50000	-8.99999
58.60000	-9.00004
58.70000	-9.00008
58.80000	-9.00012
58.90000	-9.00017
59.00000	-9.00021
59.10000	-9.00025
59.20000	-9.00028
59.30000	-9.00032
59.40000	-9.00035
59.50000	-9.00038
59.60000	-9.00041
59.70000	-9.00044
59.80000	-9.00046
59.90000	-9.00048
60.00000	-9.00050
60.10000	-9.00051
60.20000	-9.00053
60.30000	-9.00053
60.40000	-9.00054
60.50000	-9.00054
60.60000	-9.00054
60.70000	-9.00054
60.80000	-9.00054
60.90000	-9.00053
61.00000	-9.00052
61.10000	-9.00050
61.20000	-9.00049
61.30000	-9.00047
61.40000	-9.00045
61.50000	-9.00043
61.60000	-9.00040
61.70000	-9.00038
61.80000	-9.00035
61.90000	-9.00033
62.00000	-9.00030
62.10000	-9.00027
62.20000	-9.00024
62.30000	-9.00021
62.40000	-9.00018
62.50000	-9.00015
62.60000	-9.00012
62.70000	-9.00010
62.80000	-9.00007
62.90000	-9.00005
63.00000	-9.00002
63.10000	-9.00000
63.20000	-8.99998
63.30000	-8.99996
63.40000	-8.99994
63.50000	-8.99992
63.60000	-8.99990
63.70000	-8.99989
63.80000	-8.99988
63.90000	-8.99987
64.00000	-8.99986
64.10000	-8.99985
64.20000	-8.99985
64.30000	-8.99984
64.40000	-8.99984
64.50000	-8.99984
64.60000	-8.99984
64.70000	-8.99984
64.80000	-8.99984
64.90000	-8.99985
65.00000	-8.99985
65.10000	-8.99986
65.20000	-8.99986
65.30000	-8.99987
65.40000	-8.99988
65.50000	-8.99989
65.60000	-8.99990
65.70000	-8.99991
65.80000	-8.99992
65.90000	-8.99993
66.00000	-8.99994
66.10000	-8.99995
66.20000	-8.99996
66.30000	-8.99997
66.40000	-8.99999
66.50000	-9.00000
66.60000	-9.00001
66.70000	-9.00002
66.80000	-9.00003
66.90000	-9.00004
67.00000	-9.00006
67.10000	-9.00007
67.20000	-9.00008
67.30000	-9.00009
67.40000	-9.00010
67.50000	-9.00011
67.60000	-9.00012
67.70000	-9.00013
67.80000	-9.00014
67.90000	-9.00015
68.00000	-9.00016
68.10000	-9.00017
68.20000	-9.00018
68.30000	-9.00019
68.40000	-9.00020
68.50000	-9.00021
68.60000	-9.00022
68.70000	-9.00023
68.80000	-9.00024
68.90000	-9.00025
69.00000	-9.00026
69.10000	-9.00027
69.20000	-9.00027
69.30000	-9.00028
69.40000	-9.00029
69.50000	-9.00030
69.60000	-9.00031
69.70000	-9.00032
69.80000	-9.00033
69.90000	-9.00034
70.00000	-9.00035
70.10000	-9.00036
70.20000	-9.00037
70.30000	-9.00037
70.40000	-9.00038
70.50000	-9.00038
70.60000	-9.00039
70.70000	-9.00039
70.80000	-9.00040
70.90000	-9.00040
71.00000	-9.00040
71.10000	-9.00040
71.20000	-9.00039
71.30000	-9.00039
71.40000	-9.00038
71.50000	-9.00038
71.60000	-9.00037
71.70000	-9.00036
71.80000	-9.00035
71.90000	-9.00034
72.00000	-9.00032
72.10000	-9.00031
72.20000	-9.00029
72.30000	-9.00027
72.40000	-9.00025
72.50000	-9.00023
72.60000	-9.00021
72.70000	-9.00019
72.80000	-9.00016
72.90000	-9.00014
73.00000	-9.00011
73.10000	-9.00009
73.20000	-9.00006
73.30000	-9.00004
73.40000	-9.00001
73.50000	-8.99999
73.60000	-8.99996
73.70000	-8.99994
73.80000	-8.99992
73.90000	-8.99989
74.00000	-8.99987
74.10000	-8.99985
74.20000	-8.99983
74.30000	-8.99981
74.40000	-8.99979
74.50000	-8.99978
74.60000	-8.99976
74.70000	-8.99975
74.80000	-8.99974
74.90000	-8.99973
75.00000	-8.99972
75.10000	-8.99972
75.20000	-8.99971
75.30000	-8.99971
75.40000	-8.99972
75.50000	-8.99972
75.60000	-8.99973
75.70000	-8.99974
75.80000	-8.99975
75.90000	-8.99976
76.00000	-8.99978
76.10000	-8.99980
76.20000	-8.99982
76.30000	-8.99984
76.40000	-8.99987
76.50000	-8.99989
76.60000	-8.99992
76.70000	-8.99995
76.80000	-8.99998
76.90000	-9.00001
77.00000	-9.00004
77.10000	-9.00008
77.20000	-9.00011
77.30000	-9.00014
77.40000	-9.00018
77.50000	-9.00021
77.60000	-9.00024
77.70000	-9.00027
77.80000	-9.00030
77.90000	-9.00033
78.00000	-9.00036
78.10000	-9.00039
78.20000	-9.00041
78.30000	-9.00044
78.40000	-9.00046
78.50000	-9.00048
78.60000	-9.00049
78.70000	-9.00051
78.80000	-9.00052
78.90000	-9.00053
79.00000	-9.00053
79.10000	-9.00054
79.20000	-9.00054
79.30000	-9.00053
79.40000	-9.00053
79.50000	-9.00052
79.60000	-9.00051
79.70000	-9.00050
79.80000	-9.00048
79.90000	-9.00046
80.00000	-9.00044
80.10000	-9.00042
80.20000	-9.00039
80.30000	-9.00036
80.40000	-9.00033
80.50000	-9.00030
80.60000	-9.00027
80.70000	-9.00023
80.80000	-9.00019
80.90000	-9.00016
81.00000	-9.00012
81.10000	-9.00008
81.20000	-9.00003
81.30000	-8.99999
81.40000	-8.99995
81.50000	-8.99991
81.60000	-8.99987
81.70000	-8.99983
81.80000	-8.99979
81.90000	-8.99975
82.00000	-8.99971
82.10000	-8.99967
82.20000	-8.99963
82.30000	-8.99960
82.40000	-8.99957
82.50000	-8.99954
82.60000	-8.99951
82.70000	-8.99949
82.80000	-8.99946
82.90000	-8.99944
83.00000	-8.99942
83.10000	-8.99941
83.20000	-8.99940
83.30000	-8.99939
83.40000	-8.99938
83.50000	-8.99938
83.60000	-8.99938
83.70000	-8.99938
83.80000	-8.99938
83.90000	-8.99939
84.00000	-8.99940
84.10000	-8.99942
84.20000	-8.99943
84.30000	-8.99945
84.40000	-8.99947
84.50000	-8.99949
84.60000	-8.99951
84.70000	-8.99954
84.80000	-8.99956
84.90000	-8.99959
85.00000	-8.99962
85.10000	-8.99965
85.20000	-8.99968
85.30000	-8.99971
85.40000	-8.99975
85.50000	-8.99978
85.60000	-8.99981
85.70000	-8.99984
85.80000	-8.99988
85.90000	-8.99991
86.00000	-8.99994
86.10000	-8.99997
86.20000	-9.00000
86.30000	-9.00003
86.40000	-9.00005
86.50000	-9.00008
86.60000	-9.00010
86.70000	-9.00012
86.80000	-9.00014
86.90000	-9.00016
87.00000	-9.00017
87.10000	-9.00018
87.20000	-9.00019
87.30000	-9.00020
87.40000	-9.00020
87.50000	-9.00021
87.60000	-9.00020
87.70000	-9.00020
87.80000	-9.00019
87.90000	-9.00018
88.00000	-9.00017
88.10000	-9.00016
88.20000	-9.00014
88.30000	-9.00012
88.40000	-9.00010
88.50000	-9.00007
88.60000	-9.00005
88.70000	-9.00002
88.80000	-8.99999
88.90000	-8.99996
89.00000	-8.99992
89.10000	-8.99989
89.20000	-8.99985
89.30000	-8.99982
89.40000	-8.99978
89.50000	-8.99974
89.60000	-8.99970
89.70000	-8.99966
89.80000	-8.99963
89.90000	-8.99959
90.00000	-8.99955
90.10000	-8.99951
90.20000	-8.99948
90.30000	-8.99944
90.40000	-8.99941
90.50000	-8.99938
90.60000	-8.99934
90.70000	-8.99932
90.80000	-8.99929
90.90000	-8.99926
91.00000	-8.99924
91.10000	-8.99922
91.20000	-8.99920
91.30000	-8.99918
91.40000	-8.99916
91.50000	-8.99915
91.60000	-8.99914
91.70000	-8.99913
91.80000	-8.99913
91.90000	-8.99912
92.00000	-8.99912
92.10000	-8.99913
92.20000	-8.99913
92.30000	-8.99914
92.40000	-8.99915
92.50000	-8.99916
92.60000	-8.99918
92.70000	-8.99919
92.80000	-8.99921
92.90000	-8.99923
93.00000	-8.99926
93.10000	-8.99928
93.20000	-8.99931
93.30000	-8.99934
93.40000	-8.99937
93.50000	-8.99940
93.60000	-8.99943
93.70000	-8.99946
93.80000	-8.99949
93.90000	-8.99953
94.00000	-8.99956
94.10000	-8.99959
94.20000	-8.99963
94.30000	-8.99966
94.40000	-8.99970
94.50000	-8.99973
94.60000	-8.99976
94.70000	-8.99979
94.80000	-8.99982
94.90000	-8.99985
95.00000	-8.99988
95.10000	-8.99991
95.20000	-8.99994
95.30000	-8.99996
95.40000	-8.99998
95.50000	-9.00000
95.60000	-9.00002
95.70000	-9.00004
95.80000	-9.00006
95.90000	-9.00007
96.00000	-9.00008
96.10000	-9.00009
96.20000	-9.00010
96.30000	-9.00011
96.40000	-9.00011
96.50000	-9.00011
96.60000	-9.00011
96.70000	-9.00011
96.80000	-9.00011
96.90000	-9.00010
97.00000	-9.00009
97.10000	-9.00008
97.20000	-9.00007
97.30000	-9.00005
97.40000	-9.00004
97.50000	-9.00002
97.60000	-9.00000
97.70000	-8.99998
97.80000	-8.99996
97.90000	-8.99994
98.00000	-8.99991
98.10000	-8.99989
98.20000	-8.99986
98.30000	-8.99983
98.40000	-8.99981
98.50000	-8.99978
98.60000	-8.99975
98.70000	-8.99972
98.80000	-8.99969
98.90000	-8.99967
99.00000	-8.99964
99.10000	-8.99961
99.20000	-8.99959
99.30000	-8.99956
99.40000	-8.99954
99.50000	-8.99951
99.60000	-8.99949
99.70000	-8.99947
99.80000	-8.99945
99.90000	-8.99944
100.00000	-8.99942
100.10000	-8.99941
100.20000	-8.99940
100.30000	-8.99939
100.40000	-8.99938
100.50000	-8.99938
100.60000	-8.99938
100.70000	-8.99938
100.80000	-8.99938
100.90000	-8.99938
101.00000	-8.99939
101.10000	-8.99940
101.20000	-8.99941
101.30000	-8.99943
101.40000	-8.99944
101.50000	-8.99946
101.60000	-8.99948
101.70000	-8.99951
101.80000	-8.99953
101.90000	-8.99956
102.00000	-8.99959
102.10000	-8.99962
102.20000	-8.99966
102.30000	-8.99969
102.40000	-8.99973
102.50000	-8.99977
102.60000	-8.99981
102.70000	-8.99985
102.80000	-8.99989
102.90000	-8.99993
103.00000	-8.99997
103.10000	-9.00001
103.20000	-9.00005
103.30000	-9.00010
103.40000	-9.00014
103.50000	-9.00018
103.60000	-9.00022
103.70000	-9.00026
103.80000	-9.00029
103.90000	-9.00033
104.00000	-9.00036
104.10000	-9.00039
104.20000	-9.00042
104.30000	-9.00045
104.40000	-9.00048
104.50000	-9.00050
104.60000	-9.00052
104.70000	-9.00054
104.80000	-9.00055
104.90000	-9.00056
105.00000	-9.00057
105.10000	-9.00057
105.20000	-9.00057
105.30000	-9.00057
105.40000	-9.00057
105.50000	-9.00056
105.60000	-9.00055
105.70000	-9.00053
105.80000	-9.00052
105.90000	-9.00050
106.00000	-9.00047
106.10000	-9.00045
106.20000	-9.00042
106.30000	-9.00039
106.40000	-9.00036
106.50000	-9.00033
106.60000	-9.00029
106.70000	-9.00025
106.80000	-9.00022
106.90000	-9.00018
107.00000	-9.00014
107.10000	-9.00010
107.20000	-9.00006
107.30000	-9.00002
107.40000	-8.99998
107.50000	-8.99994
107.60000	-8.99990
107.70000	-8.99986
107.80000	-8.99983
107.90000	-8.99979
108.00000	-8.99976
108.10000	-8.99973
108.20000	-8.99970
108.30000	-8.99967
108.40000	-8.99965
108.50000	-8.99963
108.60000	-8.99961
108.70000	-8.99959
108.80000	-8.99958
108.90000	-8.99957
109.00000	-8.99956
109.10000	-8.99956
109.20000	-8.99956
109.30000	-8.99957
109.40000	-8.99957
109.50000	-8.99959
109.60000	-8.99960
109.70000	-8.99962
109.80000	-8.99964
109.90000	-8.99966
110.00000	-8.99969
110.10000	-8.99971
110.20000	-8.99974
110.30000	-8.99978
110.40000	-8.99981
110.50000	-8.99985
110.60000	-8.99989
110.70000	-8.99993
110.80000	-8.99997
110.90000	-9.00001
111.00000	-9.00005
111.10000	-9.00009
111.20000	-9.00013
111.30000	-9.00018
111.40000	-9.00022
111.50000	-9.00026
111.60000	-9.00030
111.70000	-9.00034
111.80000	-9.00037
111.90000	-9.00041
112.00000	-9.00044
112.10000	-9.00047
112.20000	-9.00050
112.30000	-9.00053
112.40000	-9.00055
112.50000	-9.00057
112.60000	-9.00059
112.70000	-9.00061
112.80000	-9.00062
112.90000	-9.00063
113.00000	-9.00064
113.10000	-9.00065
113.20000	-9.00065
113.30000	-9.00065
113.40000	-9.00064
113.50000	-9.00063
113.60000	-9.00062
113.70000	-9.00061
113.80000	-9.00060
113.90000	-9.00058
114.00000	-9.00056
114.10000	-9.00053
114.20000	-9.00051
114.30000	-9.00048
114.40000	-9.00046
114.50000	-9.00043
114.60000	-9.00039
114.70000	-9.00036
114.80000	-9.00033
114.90000	-9.00030
115.00000	-9.00026
115.10000	-9.00023
115.20000	-9.00019
115.30000	-9.00016
115.40000	-9.00012
115.50000	-9.00009
115.60000	-9.00006
115.70000	-9.00003
115.80000	-9.00000
115.90000	-8.99997
116.00000	-8.99994
116.10000	-8.99991
116.20000	-8.99989
116.30000	-8.99987
116.40000	-8.99985
116.50000	-8.99983
116.60000	-8.99981
116.70000	-8.99979
116.80000	-8.99978
116.90000	-8.99977
117.00000	-8.99976
117.10000	-8.99976
117.20000	-8.99975
117.30000	-8.99975
117.40000	-8.99975
117.50000	-8.99975
117.60000	-8.99976
117.70000	-8.99976
117.80000	-8.99977
117.90000	-8.99978
118.00000	-8.99979
118.10000	-8.99981
118.20000	-8.99982
118.30000	-8.99984
118.40000	-8.99986
118.50000	-8.99987
118.60000	-8.99989
118.70000	-8.99992
118.80000	-8.99994
118.90000	-8.99996
119.00000	-8.99998
119.10000	-9.00001
119.20000	-9.00003
119.30000	-9.00005
119.40000	-9.00008
119.50000	-9.00010
119.60000	-9.00012
119.70000	-9.00015
119.80000	-9.00017
119.90000	-9.00019
120.00000	-9.00022
120.10000	-9.00024
120.20000	-9.00026
120.30000	-9.00028
120.40000	-9.00030
120.50000	-9.00031
120.60000	-9.00033
120.70000	-9.00034
120.80000	-9.00036
120.90000	-9.00037
121.00000	-9.00038
121.10000	-9.00039
121.20000	-9.00040
121.30000	-9.00041
121.40000	-9.00042
121.50000	-9.00042
121.60000	-9.00042
121.70000	-9.00043
121.80000	-9.00043
121.90000	-9.00043
122.00000	-9.00042
122.10000	-9.00042
122.20000	-9.00041
122.30000	-9.00041
122.40000	-9.00040
122.50000	-9.00039
122.60000	-9.00038
122.70000	-9.00037
122.80000	-9.00036
122.90000	-9.00035
123.00000	-9.00033
123.10000	-9.00032
123.20000	-9.00030
123.30000	-9.00029
123.40000	-9.00027
123.50000	-9.00025
123.60000	-9.00024
123.70000	-9.00022
123.80000	-9.00020
123.90000	-9.00018
124.00000	-9.00016
124.10000	-9.00014
124.20000	-9.00012
124.30000	-9.00010
124.40000	-9.00007
124.50000	-9.00005
124.60000	-9.00003
124.70000	-9.00001
124.80000	-8.99999
124.90000	-8.99997
125.00000	-8.99995
125.10000	-8.99993
125.20000	-8.99992
125.30000	-8.99990
125.40000	-8.99988
125.50000	-8.99986
125.60000	-8.99985
125.70000	-8.99983
125.80000	-8.99982
125.90000	-8.99981
126.00000	-8.99980
126.10000	-8.99979
126.20000	-8.99978
126.30000	-8.99977
126.40000	-8.99976
126.50000	-8.99975
126.60000	-8.99975
126.70000	-8.99974
126.80000	-8.99974
126.90000	-8.99974
127.00000	-8.99974
127.10000	-8.99974
127.20000	-8.99974
127.30000	-8.99975
127.40000	-8.99975
127.50000	-8.99976
127.60000	-8.99976
127.70000	-8.99977
127.80000	-8.99978
127.90000	-8.99979
128.00000	-8.99980
128.10000	-8.99981
128.20000	-8.99982
128.30000	-8.99984
128.40000	-8.99985
128.50000	-8.99986
128.60000	-8.99988
128.70000	-8.99989
128.80000	-8.99991
128.90000	-8.99992
129.00000	-8.99994
129.10000	-8.99995
129.20000	-8.99997
129.30000	-8.99998
129.40000	-9.00000
129.50000	-9.00001
129.60000	-9.00003
129.70000	-9.00004
129.80000	-9.00005
129.90000	-9.00007
130.00000	-9.00008
130.10000	-9.00009
130.20000	-9.00010
130.30000	-9.00010
130.40000	-9.00011
130.50000	-9.00012
130.60000	-9.00012
130.70000	-9.00013
130.80000	-9.00013
130.90000	-9.00013
131.00000	-9.00013
131.10000	-9.00013
131.20000	-9.00012
131.30000	-9.00012
131.40000	-9.00011
131.50000	-9.00010
131.60000	-9.00009
131.70000	-9.00008
131.80000	-9.00007
131.90000	-9.00005
132.00000	-9.00004
132.10000	-9.00002
132.20000	-9.00000
132.30000	-8.99999
132.40000	-8.99997
132.50000	-8.99995
132.60000	-8.99992
132.70000	-8.99990
132.80000	-8.99988
132.90000	-8.99985
133.00000	-8.99983
133.10000	-8.99980
133.20000	-8.99978
133.30000	-8.99975
133.40000	-8.99973
133.50000	-8.99970
133.60000	-8.99967
133.70000	-8.99965
133.80000	-8.99962
133.90000	-8.99960
134.00000	-8.99957
134.10000	-8.99955
134.20000	-8.99953
134.30000	-8.99950
134.40000	-8.99948
134.50000	-8.99946
134.60000	-8.99944
134.70000	-8.99943
134.80000	-8.99941
134.90000	-8.99939
135.00000	-8.99938
135.10000	-8.99937
135.20000	-8.99936
135.30000	-8.99935
135.40000	-8.99934
135.50000	-8.99934
135.60000	-8.99933
135.70000	-8.99933
135.80000	-8.99933
135.90000	-8.99933
136.00000	-8.99933
136.10000	-8.99934
136.20000	-8.99935
136.30000	-8.99935
136.40000	-8.99936
136.50000	-8.99937
136.60000	-8.99939
136.70000	-8.99940
136.80000	-8.99942
136.90000	-8.99943
137.00000	-8.99945
137.10000	-8.99947
137.20000	-8.99949
137.30000	-8.99951
137.40000	-8.99953
137.50000	-8.99955
137.60000	-8.99957
137.70000	-8.99959
137.80000	-8.99961
137.90000	-8.99964
138.00000	-8.99966
138.10000	-8.99968
138.20000	-8.99970
138.30000	-8.99972
138.40000	-8.99974
138.50000	-8.99976
138.60000	-8.99978
138.70000	-8.99980
138.80000	-8.99982
138.90000	-8.99983
139.00000	-8.99985
139.10000	-8.99986
139.20000	-8.99988
139.30000	-8.99989
139.40000	-8.99990
139.50000	-8.99990
139.60000	-8.99991
139.70000	-8.99992
139.80000	-8.99992
139.90000	-8.99992
140.00000	-8.99992
140.10000	-8.99992
140.20000	-8.99992
140.30000	-8.99991
140.40000	-8.99991
140.50000	-8.99990
140.60000	-8.99989
140.70000	-8.99988
140.80000	-8.99987
140.90000	-8.99986
141.00000	-8.99984
141.10000	-8.99983
141.20000	-8.99981
141.30000	-8.99979
141.40000	-8.99978
141.50000	-8.99976
141.60000	-8.99974
141.70000	-8.99972
141.80000	-8.99970
141.90000	-8.99968
142.00000	-8.99966
142.10000	-8.99964
142.20000	-8.99962
142.30000	-8.99960
142.40000	-8.99958
142.50000	-8.99957
142.60000	-8.99955
142.70000	-8.99953
142.80000	-8.99952
142.90000	-8.99950
143.00000	-8.99949
143.10000	-8.99948
143.20000	-8.99946
143.30000	-8.99945
143.40000	-8.99945
143.50000	-8.99944
143.60000	-8.99943
143.70000	-8.99943
143.80000	-8.99943
143.90000	-8.99943
144.00000	-8.99943
144.10000	-8.99943
144.20000	-8.99943
144.30000	-8.99944
144.40000	-8.99944
144.50000	-8.99945
144.60000	-8.99946
144.70000	-8.99947
144.80000	-8.99948
144.90000	-8.99950
145.00000	-8.99951
145.10000	-8.99953
145.20000	-8.99955
145.30000	-8.99957
145.40000	-8.99959
145.50000	-8.99961
145.60000	-8.99963
145.70000	-8.99965
145.80000	-8.99967
145.90000	-8.99969
146.00000	-8.99972
146.10000	-8.99974
146.20000	-8.99977
146.30000	-8.99979
146.40000	-8.99982
146.50000	-8.99984
146.60000	-8.99986
146.70000	-8.99989
146.80000	-8.99991
146.90000	-8.99993
147.00000	-8.99996
147.10000	-8.99998
147.20000	-9.00000
147.30000	-9.00002
147.40000	-9.00004
147.50000	-9.00006
147.60000	-9.00008
147.70000	-9.00010
147.80000	-9.00011
147.90000	-9.00013
148.00000	-9.00014
148.10000	-9.00015
148.20000	-9.00017
148.30000	-9.00018
148.40000	-9.00018
148.50000	-9.00019
148.60000	-9.00020
148.70000	-9.00021
148.80000	-9.00021
148.90000	-9.00021
149.00000	-9.00022
149.10000	-9.00022
149.20000	-9.00022
149.30000	-9.00021
149.40000	-9.00021
149.50000	-9.00021
149.60000	-9.00020
149.70000	-9.00020
149.80000	-9.00019
149.90000	-9.00018
150.00000	-9.00017
150.10000	-9.00016
150.20000	-9.00015
150.30000	-9.00014
150.40000	-9.00013
150.50000	-9.00012
150.60000	-9.00010
150.70000	-9.00009
150.80000	-9.00007
150.90000	-9.00006
151.00000	-9.00004
151.10000	-9.00003
151.20000	-9.00001
151.30000	-9.00000
151.40000	-8.99998
151.50000	-8.99996
151.60000	-8.99995
151.70000	-8.99993
151.80000	-8.99992
151.90000	-8.99990
152.00000	-8.99989
152.10000	-8.99988
152.20000	-8.99986
152.30000	-8.99985
152.40000	-8.99984
152.50000	-8.99983
152.60000	-8.99982
152.70000	-8.99981
152.80000	-8.99981
152.90000	-8.99980
153.00000	-8.99980
153.10000	-8.99979
153.20000	-8.99979
153.30000	-8.99979
153.40000	-8.99979
153.50000	-8.99979
153.60000	-8.99980
153.70000	-8.99980
153.80000	-8.99981
153.90000	-8.99982
154.00000	-8.99982
154.10000	-8.99984
154.20000	-8.99985
154.30000	-8.99986
154.40000	-8.99988
154.50000	-8.99989
154.60000	-8.99991
154.70000	-8.99993
154.80000	-8.99995
154.90000	-8.99997
155.00000	-8.99999
155.10000	-9.00001
155.20000	-9.00004
155.30000	-9.00006
155.40000	-9.00009
155.50000	-9.00011
155.60000	-9.00014
155.70000	-9.00016
155.80000	-9.00019
155.90000	-9.00021
156.00000	-9.00024
156.10000	-9.00026
156.20000	-9.00029
156.30000	-9.00031
156.40000	-9.00034
156.50000	-9.00036
156.60000	-9.00038
156.70000	-9.00040
156.80000	-9.00042
156.90000	-9.00044
157.00000	-9.00045
157.10000	-9.00047
157.20000	-9.00048
157.30000	-9.00049
157.40000	-9.00050
157.50000	-9.00050
157.60000	-9.00051
157.70000	-9.00051
157.80000	-9.00051
157.90000	-9.00051
158.00000	-9.00051
158.10000	-9.00050
158.20000	-9.00049
158.30000	-9.00048
158.40000	-9.00047
158.50000	-9.00046
158.60000	-9.00044
158.70000	-9.00042
158.80000	-9.00040
158.90000	-9.00038
159.00000	-9.00036
159.10000	-9.00034
159.20000	-9.00031
159.30000	-9.00029
159.40000	-9.00026
159.50000	-9.00023
159.60000	-9.00020
159.70000	-9.00017
159.80000	-9.00014
159.90000	-9.00011
160.00000	-9.00008
160.10000	-9.00006
160.20000	-9.00003
160.30000	-9.00000
160.40000	-8.99997
160.50000	-8.99995
160.60000	-8.99992
160.70000	-8.99990
160.80000	-8.99987
160.90000	-8.99985
161.00000	-8.99983
161.10000	-8.99981
161.20000	-8.99980
161.30000	-8.99978
161.40000	-8.99977
161.50000	-8.99976
161.60000	-8.99976
161.70000	-8.99975
161.80000	-8.99975
161.90000	-8.99975
162.00000	-8.99975
162.10000	-8.99975
162.20000	-8.99976
162.30000	-8.99977
162.40000	-8.99978
162.50000	-8.99979
162.60000	-8.99981
162.70000	-8.99983
162.80000	-8.99985
162.90000	-8.99987
163.00000	-8.99989
163.10000	-8.99992
163.20000	-8.99994
163.30000	-8.99997
163.40000	-9.00000
163.50000	-9.00002
163.60000	-9.00005
163.70000	-9.00008
163.80000	-9.00011
163.90000	-9.00014
164.00000	-9.00018
164.10000	-9.00021
164.20000	-9.00024
164.30000	-9.00026
164.40000	-9.00029
164.50000	-9.00032
164.60000	-9.00035
164.70000	-9.00037
164.80000	-9.00040
164.90000	-9.00042
165.00000	-9.00044
165.10000	-9.00046
165.20000	-9.00048
165.30000	-9.00049
165.40000	-9.00050
165.50000	-9.00052
165.60000	-9.00052
165.70000	-9.00053
165.80000	-9.00054
165.90000	-9.00054
166.00000	-9.00054
166.10000	-9.00054
166.20000	-9.00053
166.30000	-9.00053
166.40000	-9.00052
166.50000	-9.00051
166.60000	-9.00049
166.70000	-9.00048
166.80000	-9.00046
166.90000	-9.00044
167.00000	-9.00042
167.10000	-9.00040
167.20000	-9.00038
167.30000	-9.00035
167.40000	-9.00033
167.50000	-9.00030
167.60000	-9.00027
167.70000	-9.00025
167.80000	-9.00022
167.90000	-9.00019
168.00000	-9.00016
168.10000	-9.00013
168.20000	-9.00010
168.30000	-9.00007
168.40000	-9.00005
168.50000	-9.00002
168.60000	-8.99999
168.70000	-8.99997
168.80000	-8.99994
168.90000	-8.99992
169.00000	-8.99989
169.10000	-8.99987
169.20000	-8.99985
169.30000	-8.99983
169.40000	-8.99982
169.50000	-8.99980
169.60000	-8.99979
169.70000	-8.99978
169.80000	-8.99977
169.90000	-8.99976
170.00000	-8.99975
170.10000	-8.99975
170.20000	-8.99975
170.30000	-8.99975
170.40000	-8.99975
170.50000	-8.99975
170.60000	-8.99976
170.70000	-8.99976
170.80000	-8.99977
170.90000	-8.99978
171.00000	-8.99979
171.10000	-8.99980
171.20000	-8.99982
171.30000	-8.99983
171.40000	-8.99985
171.50000	-8.99987
171.60000	-8.99988
171.70000	-8.99990
171.80000	-8.99992
171.90000	-8.99994
172.00000	-8.99996
172.10000	-8.99999
172.20000	-9.00001
172.30000	-9.00003
172.40000	-9.00005
172.50000	-9.00007
172.60000	-9.00009
172.70000	-9.00011
172.80000	-9.00013
172.90000	-9.00015
173.00000	-9.00017
173.10000	-9.00018
173.20000	-9.00020
173.30000	-9.00021
173.40000	-9.00023
173.50000	-9.00024
173.60000	-9.00025
173.70000	-9.00026
173.80000	-9.00027
173.90000	-9.00028
174.00000	-9.00028
174.10000	-9.00028
174.20000	-9.00029
174.30000	-9.00029
174.40000	-9.00028
174.50000	-9.00028
174.60000	-9.00028
174.70000	-9.00027
174.80000	-9.00026
174.90000	-9.00025
175.00000	-9.00024
175.10000	-9.00023
175.20000	-9.00021
175.30000	-9.00020
175.40000	-9.00018
175.50000	-9.00016
175.60000	-9.00014
175.70000	-9.00012
175.80000	-9.00010
175.90000	-9.00008
176.00000	-9.00005
176.10000	-9.00003
176.20000	-9.00000
176.30000	-8.99998
176.40000	-8.99995
176.50000	-8.99993
176.60000	-8.99990
176.70000	-8.99987
176.80000	-8.99985
176.90000	-8.99982
177.00000	-8.99980
177.10000	-8.99977
177.20000	-8.99975
177.30000	-8.99972
177.40000	-8.99970
177.50000	-8.99967
177.60000	-8.99965
177.70000	-8.99963
177.80000	-8.99961
177.90000	-8.99959
178.00000	-8.99957
178.10000	-8.99956
178.20000	-8.99954
178.30000	-8.99953
178.40000	-8.99951
178.50000	-8.99950
178.60000	-8.99949
178.70000	-8.99948
178.80000	-8.99948
178.90000	-8.99947
179.00000	-8.99947
179.10000	-8.99946
179.20000	-8.99946
179.30000	-8.99946
179.40000	-8.99946
179.50000	-8.99947
179.60000	-8.99947
179.70000	-8.99948
179.80000	-8.99949
179.90000	-8.99949
180.00000	-8.99950
180.10000	-8.99951
180.20000	-8.99953
180.30000	-8.99954
180.40000	-8.99955
180.50000	-8.99956
180.60000	-8.99958
180.70000	-8.99959
180.80000	-8.99961
180.90000	-8.99963
181.00000	-8.99964
181.10000	-8.99966
181.20000	-8.99968
181.30000	-8.99969
181.40000	-8.99971
181.50000	-8.99972
181.60000	-8.99974
181.70000	-8.99976
181.80000	-8.99977
181.90000	-8.99978
182.00000	-8.99980
182.10000	-8.99981
182.20000	-8.99982
182.30000	-8.99983
182.40000	-8.99985
182.50000	-8.99985
182.60000	-8.99986
182.70000	-8.99987
182.80000	-8.99988
182.90000	-8.99988
183.00000	-8.99988
183.10000	-8.99989
183.20000	-8.99989
183.30000	-8.99989
183.40000	-8.99989
183.50000	-8.99988
183.60000	-8.99988
183.70000	-8.99987
183.80000	-8.99987
183.90000	-8.99986
184.00000	-8.99985
184.10000	-8.99984
184.20000	-8.99983
184.30000	-8.99982
184.40000	-8.99980
184.50000	-8.99979
184.60000	-8.99977
184.70000	-8.99976
184.80000	-8.99974
184.90000	-8.99972
185.00000	-8.99971
185.10000	-8.99969
185.20000	-8.99967
185.30000	-8.99965
185.40000	-8.99963
185.50000	-8.99961
185.60000	-8.99959
185.70000	-8.99957
185.80000	-8.99955
185.90000	-8.99954
186.00000	-8.99952
186.10000	-8.99950
186.20000	-8.99948
186.30000	-8.99947
186.40000	-8.99945
186.50000	-8.99944
186.60000	-8.99942
186.70000	-8.99941
186.80000	-8.99940
186.90000	-8.99939
187.00000	-8.99938
187.10000	-8.99937
187.20000	-8.99937
187.30000	-8.99936
187.40000	-8.99936
187.50000	-8.99935
187.60000	-8.99935
187.70000	-8.99935
187.80000	-8.99936
187.90000	-8.99936
188.00000	-8.99937
188.10000	-8.99937
188.20000	-8.99938
188.30000	-8.99939
188.40000	-8.99940
188.50000	-8.99942
188.60000	-8.99943
188.70000	-8.99945
188.80000	-8.99946
188.90000	-8.99948
189.00000	-8.99950
189.10000	-8.99952
189.20000	-8.99954
189.30000	-8.99956
189.40000	-8.99958
189.50000	-8.99961
189.60000	-8.99963
189.70000	-8.99965
189.80000	-8.99968
189.90000	-8.99970
190.00000	-8.99973
190.10000	-8.99975
190.20000	-8.99978
190.30000	-8.99980
190.40000	-8.99982
190.50000	-8.99985
190.60000	-8.99987
190.70000	-8.99989
190.80000	-8.99991
190.90000	-8.99993
191.00000	-8.99995
191.10000	-8.99997
191.20000	-8.99999
191.30000	-9.00000
191.40000	-9.00002
191.50000	-9.00003
191.60000	-9.00004
191.70000	-9.00005
191.80000	-9.00006
191.90000	-9.00007
192.00000	-9.00007
192.10000	-9.00008
192.20000	-9.00008
192.30000	-9.00008
192.40000	-9.00008
192.50000	-9.00008
192.60000	-9.00008
192.70000	-9.00007
192.80000	-9.00007
192.90000	-9.00006
193.00000	-9.00005
193.10000	-9.00005
193.20000	-9.00004
193.30000	-9.00002
193.40000	-9.00001
193.50000	-9.00000
193.60000	-8.99999
193.70000	-8.99997
193.80000	-8.99996
193.90000	-8.99994
194.00000	-8.99993
194.10000	-8.99991
194.20000	-8.99990
194.30000	-8.99988
194.40000	-8.99987
194.50000	-8.99985
194.60000	-8.99984
194.70000	-8.99983
194.80000	-8.99981
194.90000	-8.99980
195.00000	-8.99979
195.10000	-8.99978
195.20000	-8.99977
195.30000	-8.99976
195.40000	-8.99975
195.50000	-8.99975
195.60000	-8.99974
195.70000	-8.99974
195.80000	-8.99974
195.90000	-8.99973
196.00000	-8.99973
196.10000	-8.99974
196.20000	-8.99974
196.30000	-8.99974
196.40000	-8.99975
196.50000	-8.99975
196.60000	-8.99976
196.70000	-8.99977
196.80000	-8.99978
196.90000	-8.99979
197.00000	-8.99980
197.10000	-8.99982
197.20000	-8.99983
197.30000	-8.99985
197.40000	-8.99986
197.50000	-8.99988
197.60000	-8.99990
197.70000	-8.99992
197.80000	-8.99994
197.90000	-8.99995
198.00000	-8.99997
198.10000	-8.99999
198.20000	-9.00001
198.30000	-9.00003
198.40000	-9.00005
198.50000	-9.00007
198.60000	-9.00009
198.70000	-9.00011
198.80000	-9.00013
198.90000	-9.00014
199.00000	-9.00016
199.10000	-9.00018
199.20000	-9.00019
199.30000	-9.00021
199.40000	-9.00022
199.50000	-9.00024
199.60000	-9.00025
199.70000	-9.00026
199.80000	-9.00027
199.90000	-9.00028
200.00000	-9.00029
200.10000	-9.00030
200.20000	-9.00031
200.30000	-9.00031
200.40000	-9.00032
200.50000	-9.00032
200.60000	-9.00032
200.70000	-9.00032
200.80000	-9.00032
200.90000	-9.00032
201.00000	-9.00032
201.10000	-9.00032
201.20000	-9.00031
201.30000	-9.00031
201.40000	-9.00030
201.50000	-9.00030
201.60000	-9.00029
201.70000	-9.00028
201.80000	-9.00028
201.90000	-9.00027
202.00000	-9.00026
202.10000	-9.00025
202.20000	-9.00024
202.30000	-9.00023
202.40000	-9.00021
202.50000	-9.00020
202.60000	-9.00019
202.70000	-9.00018
202.80000	-9.00017
202.90000	-9.00016
203.00000	-9.00014
203.10000	-9.00013
203.20000	-9.00012
203.30000	-9.00011
203.40000	-9.00010
203.50000	-9.00008
203.60000	-9.00007
203.70000	-9.00006
203.80000	-9.00005
203.90000	-9.00004
204.00000	-9.00003
204.10000	-9.00002
204.20000	-9.00001
204.30000	-9.00001
204.40000	-9.00000
204.50000	-8.99999
204.60000	-8.99998
204.70000	-8.99998
204.80000	-8.99997
204.90000	-8.99997
205.00000	-8.99997
205.10000	-8.99996
205.20000	-8.99996
205.30000	-8.99996
205.40000	-8.99996
205.50000	-8.99996
205.60000	-8.99996
205.70000	-8.99996
205.80000	-8.99996
205.90000	-8.99997
206.00000	-8.99997
206.10000	-8.99998
206.20000	-8.99998
206.30000	-8.99999
206.40000	-9.00000
206.50000	-9.00000
206.60000	-9.00001
206.70000	-9.00002
206.80000	-9.00003
206.90000	-9.00004
207.00000	-9.00005
207.10000	-9.00007
207.20000	-9.00008
207.30000	-9.00009
207.40000	-9.00010
207.50000	-9.00012
207.60000	-9.00013
207.70000	-9.00014
207.80000	-9.00016
207.90000	-9.00017
208.00000	-9.00019
208.10000	-9.00020
208.20000	-9.00021
208.30000	-9.00023
208.40000	-9.00024
208.50000	-9.00025
208.60000	-9.00027
208.70000	-9.00028
208.80000	-9.00029
208.90000	-9.00030
209.00000	-9.00031
209.10000	-9.00032
209.20000	-9.00033
209.30000	-9.00034
209.40000	-9.00035
209.50000	-9.00035
209.60000	-9.00036
209.70000	-9.00036
209.80000	-9.00037
209.90000	-9.00037
210.00000	-9.00037
210.10000	-9.00037
210.20000	-9.00037
210.30000	-9.00037
210.40000	-9.00036
210.50000	-9.00036
210.60000	-9.00035
210.70000	-9.00035
210.80000	-9.00034
210.90000	-9.00033
211.00000	-9.00032
211.10000	-9.00031
211.20000	-9.00030
211.30000	-9.00028
211.40000	-9.00027
211.50000	-9.00025
211.60000	-9.00024
211.70000	-9.00022
211.80000	-9.00021
211.90000	-9.00019
212.00000	-9.00017
212.10000	-9.00016
212.20000	-9.00014
212.30000	-9.00012
212.40000	-9.00010
212.50000	-9.00009
212.60000	-9.00007
212.70000	-9.00005
212.80000	-9.00003
212.90000	-9.00002
213.00000	-9.00000
213.10000	-8.99999
213.20000	-8.99997
213.30000	-8.99996
213.40000	-8.99995
213.50000	-8.99993
213.60000	-8.99992
213.70000	-8.99991
213.80000	-8.99990
213.90000	-8.99990
214.00000	-8.99989
214.10000	-8.99989
214.20000	-8.99988
214.30000	-8.99988
214.40000	-8.99988
214.50000	-8.99988
214.60000	-8.99988
214.70000	-8.99989
214.80000	-8.99989
214.90000	-8.99990
215.00000	-8.99990
215.10000	-8.99991
215.20000	-8.99992
215.30000	-8.99993
215.40000	-8.99994
215.50000	-8.99996
215.60000	-8.99997
215.70000	-8.99998
215.80000	-9.00000
215.90000	-9.00001
216.00000	-9.00003
216.10000	-9.00005
216.20000	-9.00006
216.30000	-9.00008
216.40000	-9.00010
216.50000	-9.00011
216.60000	-9.00013
216.70000	-9.00015
216.80000	-9.00016
216.90000	-9.00018
217.00000	-9.00020
217.10000	-9.00021
217.20000	-9.00023
217.30000	-9.00024
217.40000	-9.00025
217.50000	-9.00026
217.60000	-9.00027
217.70000	-9.00028
217.80000	-9.00029
217.90000	-9.00030
218.00000	-9.00030
218.10000	-9.00031
218.20000	-9.00031
218.30000	-9.00031
218.40000	-9.00031
218.50000	-9.00031
218.60000	-9.00031
218.70000	-9.00030
218.80000	-9.00030
218.90000	-9.00029
219.00000	-9.00028
219.10000	-9.00027
219.20000	-9.00026
219.30000	-9.00024
219.40000	-9.00023
219.50000	-9.00022
219.60000	-9.00020
219.70000	-9.00018
219.80000	-9.00016
219.90000	-9.00014
220.00000	-9.00012
220.10000	-9.00010
220.20000	-9.00008
220.30000	-9.00006
220.40000	-9.00003
220.50000	-9.00001
220.60000	-8.99999
220.70000	-8.99997
220.80000	-8.99994
220.90000	-8.99992
221.00000	-8.99990
221.10000	-8.99987
221.20000	-8.99985
221.30000	-8.99983
221.40000	-8.99981
221.50000	-8.99979
221.60000	-8.99977
221.70000	-8.99975
221.80000	-8.99973
221.90000	-8.99971
222.00000	-8.99970
222.10000	-8.99968
222.20000	-8.99967
222.30000	-8.99966
222.40000	-8.99965
222.50000	-8.99964
222.60000	-8.99963
222.70000	-8.99962
222.80000	-8.99962
222.90000	-8.99961
223.00000	-8.99961
223.10000	-8.99961
223.20000	-8.99961
223.30000	-8.99961
223.40000	-8.99961
223.50000	-8.99961
223.60000	-8.99962
223.70000	-8.99962
223.80000	-8.99963
223.90000	-8.99964
224.00000	-8.99965
224.10000	-8.99966
224.20000	-8.99967
224.30000	-8.99968
224.40000	-8.99969
224.50000	-8.99970
224.60000	-8.99972
224.70000	-8.99973
224.80000	-8.99974
224.90000	-8.99976
225.00000	-8.99977
225.10000	-8.99979
225.20000	-8.99980
225.30000	-8.99981
225.40000	-8.99983
225.50000	-8.99984
225.60000	-8.99985
225.70000	-8.99986
225.80000	-8.99987
225.90000	-8.99988
226.00000	-8.99989
226.10000	-8.99990
226.20000	-8.99991
226.30000	-8.99992
226.40000	-8.99992
226.50000	-8.99993
226.60000	-8.99993
226.70000	-8.99993
226.80000	-8.99993
226.90000	-8.99993
227.00000	-8.99993
227.10000	-8.99993
227.20000	-8.99992
227.30000	-8.99992
227.40000	-8.99991
227.50000	-8.99990
227.60000	-8.99990
227.70000	-8.99989
227.80000	-8.99987
227.90000	-8.99986
228.00000	-8.99985
228.10000	-8.99983
228.20000	-8.99982
228.30000	-8.99980
228.40000	-8.99979
228.50000	-8.99977
228.60000	-8.99975
228.70000	-8.99973
228.80000	-8.99972
228.90000	-8.99970
229.00000	-8.99968
229.10000	-8.99966
229.20000	-8.99964
229.30000	-8.99962
229.40000	-8.99960
229.50000	-8.99958
229.60000	-8.99956
229.70000	-8.99954
229.80000	-8.99953
229.90000	-8.99951
230.00000	-8.99949
230.10000	-8.99947
230.20000	-8.99946
230.30000	-8.99945
230.40000	-8.99943
230.50000	-8.99942
230.60000	-8.99941
230.70000	-8.99940
230.80000	-8.99939
230.90000	-8.99938
231.00000	-8.99937
231.10000	-8.99937
231.20000	-8.99936
231.30000	-8.99936
231.40000	-8.99936
231.50000	-8.99936
231.60000	-8.99936
231.70000	-8.99936
231.80000	-8.99937
231.90000	-8.99937
232.00000	-8.99938
232.10000	-8.99939
232.20000	-8.99940
232.30000	-8.99941
232.40000	-8.99942
232.50000	-8.99943
232.60000	-8.99944
232.70000	-8.99945
232.80000	-8.99947
232.90000	-8.99949
233.00000	-8.99950
233.10000	-8.99952
233.20000	-8.99954
233.30000	-8.99955
233.40000	-8.99957
233.50000	-8.99959
233.60000	-8.99961
233.70000	-8.99963
233.80000	-8.99965
233.90000	-8.99967
234.00000	-8.99968
234.10000	-8.99970
234.20000	-8.99972
234.30000	-8.99974
234.40000	-8.99976
234.50000	-8.99977
234.60000	-8.99979
234.70000	-8.99981
234.80000	-8.99982
234.90000	-8.99984
235.00000	-8.99985
235.10000	-8.99986
235.20000	-8.99987
235.30000	-8.99988
235.40000	-8.99989
235.50000	-8.99990
235.60000	-8.99991
235.70000	-8.99992
235.80000	-8.99992
235.90000	-8.99993
236.00000	-8.99993
236.10000	-8.99993
236.20000	-8.99993
236.30000	-8.99993
236.40000	-8.99993
236.50000	-8.99993
236.60000	-8.99993
236.70000	-8.99992
236.80000	-8.99992
236.90000	-8.99991
237.00000	-8.99990
237.10000	-8.99990
237.20000	-8.99989
237.30000	-8.99988
237.40000	-8.99987
237.50000	-8.99986
237.60000	-8.99985
237.70000	-8.99983
237.80000	-8.99982
237.90000	-8.99981
238.00000	-8.99980
238.10000	-8.99979
238.20000	-8.99977
238.30000	-8.99976
238.40000	-8.99975
238.50000	-8.99974
238.60000	-8.99973
238.70000	-8.99972
238.80000	-8.99971
238.90000	-8.99970
239.00000	-8.99969
239.10000	-8.99968
239.20000	-8.99967
239.30000	-8.99966
239.40000	-8.99966
239.50000	-8.99965
239.60000	-8.99965
239.70000	-8.99965
239.80000	-8.99965
239.90000	-8.99964
240.00000	-8.99965
240.10000	-8.99965
240.20000	-8.99965
240.30000	-8.99966
240.40000	-8.99966
240.50000	-8.99967
240.60000	-8.99968
240.70000	-8.99969
240.80000	-8.99970
240.90000	-8.99971
241.00000	-8.99972
241.10000	-8.99974
241.20000	-8.99975
241.30000	-8.99977
241.40000	-8.99978
241.50000	-8.99980
241.60000	-8.99982
241.70000	-8.99984
241.80000	-8.99986
241.90000	-8.99988
242.00000	-8.99990
242.10000	-8.99992
242.20000	-8.99995
242.30000	-8.99997
242.40000	-8.99999
242.50000	-9.00001
242.60000	-9.00003
242.70000	-9.00005
242.80000	-9.00008
242.90000	-9.00010
243.00000	-9.00012
243.10000	-9.00014
243.20000	-9.00016
243.30000	-9.00017
243.40000	-9.00019
243.50000	-9.00021
243.60000	-9.00022
243.70000	-9.00024
243.80000	-9.00025
243.90000	-9.00026
244.00000	-9.00027
244.10000	-9.00028
244.20000	-9.00029
244.30000	-9.00030
244.40000	-9.00030
244.50000	-9.00031
244.60000	-9.00031
244.70000	-9.00031
244.80000	-9.00031
244.90000	-9.00031
245.00000	-9.00030
245.10000	-9.00030
245.20000	-9.00029
245.30000	-9.00029
245.40000	-9.00028
245.50000	-9.00027
245.60000	-9.00026
245.70000	-9.00025
245.80000	-9.00023
245.90000	-9.00022
246.00000	-9.00021
246.10000	-9.00019
246.20000	-9.00018
246.30000	-9.00016
246.40000	-9.00014
246.50000	-9.00013
246.60000	-9.00011
246.70000	-9.00010
246.80000	-9.00008
246.90000	-9.00006
247.00000	-9.00005
247.10000	-9.00003
247.20000	-9.00002
247.30000	-9.00000
247.40000	-8.99999
247.50000	-8.99998
247.60000	-8.99996
247.70000	-8.99995
247.80000	-8.99994
247.90000	-8.99993
248.00000	-8.99992
248.10000	-8.99992
248.20000	-8.99991
248.30000	-8.99991
248.40000	-8.99990
248.50000	-8.99990
248.60000	-8.99990
248.70000	-8.99990
248.80000	-8.99990
248.90000	-8.99990
249.00000	-8.99991
249.10000	-8.99991
249.20000	-8.99992
249.30000	-8.99993
249.40000	-8.99994
249.50000	-8.99995
249.60000	-8.99996
249.70000	-8.99997
249.80000	-8.99998
249.90000	-9.00000
250.00000	-9.00001
250.10000	-9.00003
250.20000	-9.00004
250.30000	-9.00006
250.40000	-9.00007
250.50000	-9.00009
250.60000	-9.00011
250.70000	-9.00012
250.80000	-9.00014
250.90000	-9.00016
251.00000	-9.00017
251.10000	-9.00019
251.20000	-9.00020
251.30000	-9.00022
251.40000	-9.00023
251.50000	-9.00025
251.60000	-9.00026
251.70000	-9.00027
251.80000	-9.00029
251.90000	-9.00030
252.00000	-9.00031
252.10000	-9.00032
252.20000	-9.00033
252.30000	-9.00033
252.40000	-9.00034
252.50000	-9.00034
252.60000	-9.00035
252.70000	-9.00035
252.80000	-9.00035
252.90000	-9.00035
253.00000	-9.00035
253.10000	-9.00035
253.20000	-9.00035
253.30000	-9.00035
253.40000	-9.00034
253.50000	-9.00034
253.60000	-9.00033
253.70000	-9.00032
253.80000	-9.00032
253.90000	-9.00031
254.00000	-9.00030
254.10000	-9.00029
254.20000	-9.00028
254.30000	-9.00027
254.40000	-9.00025
254.50000	-9.00024
254.60000	-9.00023
254.70000	-9.00022
254.80000	-9.00020
254.90000	-9.00019
255.00000	-9.00018
255.10000	-9.00016
255.20000	-9.00015
255.30000	-9.00014
255.40000	-9.00012
255.50000	-9.00011
255.60000	-9.00010
255.70000	-9.00009
255.80000	-9.00007
255.90000	-9.00006
256.00000	-9.00005
256.10000	-9.00004
256.20000	-9.00003
256.30000	-9.00002
256.40000	-9.00001
256.50000	-9.00001
256.60000	-9.00000
256.70000	-8.99999
256.80000	-8.99999
256.90000	-8.99998
257.00000	-8.99998
257.10000	-8.99998
257.20000	-8.99998
257.30000	-8.99997
257.40000	-8.99997
257.50000	-8.99997
257.60000	-8.99998
257.70000	-8.99998
257.80000	-8.99998
257.90000	-8.99998
258.00000	-8.99999
258.10000	-8.99999
258.20000	-9.00000
258.30000	-9.00000
258.40000	-9.00001
258.50000	-9.00002
258.60000	-9.00003
258.70000	-9.00004
258.80000	-9.00004
258.90000	-9.00005
259.00000	-9.00006
259.10000	-9.00007
259.20000	-9.00008
259.30000	-9.00010
259.40000	-9.00011
259.50000	-9.00012
259.60000	-9.00013
259.70000	-9.00014
259.80000	-9.00015
259.90000	-9.00016
260.00000	-9.00017
260.10000	-9.00018
260.20000	-9.00019
260.30000	-9.00020
260.40000	-9.00021
260.50000	-9.00022
260.60000	-9.00023
260.70000	-9.00024
260.80000	-9.00024
260.90000	-9.00025
261.00000	-9.00026
261.10000	-9.00026
261.20000	-9.00027
261.30000	-9.00027
261.40000	-9.00028
261.50000	-9.00028
261.60000	-9.00028
261.70000	-9.00028
261.80000	-9.00028
261.90000	-9.00028
262.00000	-9.00028
262.10000	-9.00028
262.20000	-9.00028
262.30000	-9.00027
262.40000	-9.00027
262.50000	-9.00026
262.60000	-9.00026
262.70000	-9.00025
262.80000	-9.00024
262.90000	-9.00023
263.00000	-9.00022
263.10000	-9.00021
263.20000	-9.00020
263.30000	-9.00019
263.40000	-9.00018
263.50000	-9.00017
263.60000	-9.00015
263.70000	-9.00014
263.80000	-9.00013
263.90000	-9.00011
264.00000	-9.00010
264.10000	-9.00008
264.20000	-9.00007
264.30000	-9.00006
264.40000	-9.00004
264.50000	-9.00003
264.60000	-9.00001
264.70000	-9.00000
264.80000	-8.99998
264.90000	-8.99997
265.00000	-8.99995
265.10000	-8.99994
265.20000	-8.99993
265.30000	-8.99992
265.40000	-8.99990
265.50000	-8.99989
265.60000	-8.99988
265.70000	-8.99987
265.80000	-8.99986
265.90000	-8.99985
266.00000	-8.99985
266.10000	-8.99984
266.20000	-8.99983
266.30000	-8.99983
266.40000	-8.99982
266.50000	-8.99982
266.60000	-8.99981
266.70000	-8.99981
266.80000	-8.99981
266.90000	-8.99981
267.00000	-8.99981
267.10000	-8.99981
267.20000	-8.99981
267.30000	-8.99981
267.40000	-8.99982
267.50000	-8.99982
267.60000	-8.99983
267.70000	-8.99983
267.80000	-8.99984
267.90000	-8.99984
268.00000	-8.99985
268.10000	-8.99985
268.20000	-8.99986
268.30000	-8.99987
268.40000	-8.99988
268.50000	-8.99988
268.60000	-8.99989
268.70000	-8.99990
268.80000	-8.99991
268.90000	-8.99992
269.00000	-8.99992
269.10000	-8.99993
269.20000	-8.99994
269.30000	-8.99994
269.40000	-8.99995
269.50000	-8.99996
269.60000	-8.99996
269.70000	-8.99997
269.80000	-8.99997
269.90000	-8.99997
270.00000	-8.99998
270.10000	-8.99998
270.20000	-8.99998
270.30000	-8.99998
270.40000	-8.99998
270.50000	-8.99998
270.60000	-8.99998
270.70000	-8.99997
270.80000	-8.99997
270.90000	-8.99996
271.00000	-8.99996
271.10000	-8.99995
271.20000	-8.99994
271.30000	-8.99993
271.40000	-8.99993
271.50000	-8.99992
271.60000	-8.99990
271.70000	-8.99989
271.80000	-8.99988
271.90000	-8.99987
272.00000	-8.99985
272.10000	-8.99984
272.20000	-8.99982
272.30000	-8.99981
272.40000	-8.99979
272.50000	-8.99978
272.60000	-8.99976
272.70000	-8.99974
272.80000	-8.99973
272.90000	-8.99971
273.00000	-8.99969
273.10000	-8.99968
273.20000	-8.99966
273.30000	-8.99964
273.40000	-8.99963
273.50000	-8.99961
273.60000	-8.99960
273.70000	-8.99958
273.80000	-8.99957
273.90000	-8.99955
274.00000	-8.99954
274.10000	-8.99953
274.20000	-8.99952
274.30000	-8.99950
274.40000	-8.99949
274.50000	-8.99948
274.60000	-8.99948
274.70000	-8.99947
274.80000	-8.99946
274.90000	-8.99946
275.00000	-8.99945
275.10000	-8.99945
275.20000	-8.99945
275.30000	-8.99944
275.40000	-8.99944
275.50000	-8.99944
275.60000	-8.99945
275.70000	-8.99945
275.80000	-8.99945
275.90000	-8.99946
276.00000	-8.99946
276.10000	-8.99947
276.20000	-8.99947
276.30000	-8.99948
276.40000	-8.99949
276.50000	-8.99950
276.60000	-8.99951
276.70000	-8.99952
276.80000	-8.99953
276.90000	-8.99954
277.00000	-8.99955
277.10000	-8.99957
277.20000	-8.99958
277.30000	-8.99959
277.40000	-8.99960
277.50000	-8.99962
277.60000	-8.99963
277.70000	-8.99964
277.80000	-8.99965
277.90000	-8.99967
278.00000	-8.99968
278.10000	-8.99969
278.20000	-8.99970
278.30000	-8.99971
278.40000	-8.99972
278.50000	-8.99973
278.60000	-8.99974
278.70000	-8.99975
278.80000	-8.99976
278.90000	-8.99976
279.00000	-8.99977
279.10000	-8.99977
279.20000	-8.99978
279.30000	-8.99978
279.40000	-8.99979
279.50000	-8.99979
279.60000	-8.99979
279.70000	-8.99979
279.80000	-8.99979
279.90000	-8.99979
280.00000	-8.99979
280.10000	-8.99978
280.20000	-8.99978
280.30000	-8.99978
280.40000	-8.99977
280.50000	-8.99977
280.60000	-8.99976
280.70000	-8.99975
280.80000	-8.99975
280.90000	-8.99974
281.00000	-8.99973
281.10000	-8.99972
281.20000	-8.99972
281.30000	-8.99971
281.40000	-8.99970
281.50000	-8.99969
281.60000	-8.99968
281.70000	-8.99967
281.80000	-8.99966
281.90000	-8.99966
282.00000	-8.99965
282.10000	-8.99964
282.20000	-8.99963
282.30000	-8.99963
282.40000	-8.99962
282.50000	-8.99961
282.60000	-8.99961
282.70000	-8.99960
282.80000	-8.99960
282.90000	-8.99959
283.00000	-8.99959
283.10000	-8.99959
283.20000	-8.99959
283.30000	-8.99959
283.40000	-8.99959
283.50000	-8.99959
283.60000	-8.99959
283.70000	-8.99959
283.80000	-8.99959
283.90000	-8.99960
284.00000	-8.99960
284.10000	-8.99961
284.20000	-8.99962
284.30000	-8.99963
284.40000	-8.99963
284.50000	-8.99964
284.60000	-8.99965
284.70000	-8.99966
284.80000	-8.99968
284.90000	-8.99969
285.00000	-8.99970
285.10000	-8.99972
285.20000	-8.99973
285.30000	-8.99974
285.40000	-8.99976
285.50000	-8.99977
285.60000	-8.99979
285.70000	-8.99981
285.80000	-8.99982
285.90000	-8.99984
286.00000	-8.99985
286.10000	-8.99987
286.20000	-8.99989
286.30000	-8.99990
286.40000	-8.99992
286.50000	-8.99994
286.60000	-8.99995
286.70000	-8.99997
286.80000	-8.99998
286.90000	-9.00000
287.00000	-9.00001
287.10000	-9.00002
287.20000	-9.00004
287.30000	-9.00005
287.40000	-9.00006
287.50000	-9.00007
287.60000	-9.00008
287.70000	-9.00009
287.80000	-9.00010
287.90000	-9.00011
288.00000	-9.00012
288.10000	-9.00013
288.20000	-9.00013
288.30000	-9.00014
288.40000	-9.00014
288.50000	-9.00014
288.60000	-9.00015
288.70000	-9.00015
288.80000	-9.00015
288.90000	-9.00015
289.00000	-9.00015
289.10000	-9.00015
289.20000	-9.00014
289.30000	-9.00014
289.40000	-9.00014
289.50000	-9.00013
289.60000	-9.00013
289.70000	-9.00012
289.80000	-9.00011
289.90000	-9.00011
290.00000	-9.00010
290.10000	-9.00009
290.20000	-9.00008
290.30000	-9.00008
290.40000	-9.00007
290.50000	-9.00006
290.60000	-9.00005
290.70000	-9.00004
290.80000	-9.00003
290.90000	-9.00002
291.00000	-9.00001
291.10000	-9.00000
291.20000	-9.00000
291.30000	-8.99999
291.40000	-8.99998
291.50000	-8.99997
291.60000	-8.99997
291.70000	-8.99996
291.80000	-8.99995
291.90000	-8.99995
292.00000	-8.99994
292.10000	-8.99994
292.20000	-8.99993
292.30000	-8.99993
292.40000	-8.99993
292.50000	-8.99993
292.60000	-8.99993
292.70000	-8.99993
292.80000	-8.99993
292.90000	-8.99993
293.00000	-8.99994
293.10000	-8.99994
293.20000	-8.99995
293.30000	-8.99995
293.40000	-8.99996
293.50000	-8.99997
293.60000	-8.99997
293.70000	-8.99998
293.80000	-8.99999
293.90000	-9.00000
294.00000	-9.00001
294.10000	-9.00003
294.20000	-9.00004
294.30000	-9.00005
294.40000	-9.00006
294.50000	-9.00008
294.60000	-9.00009
294.70000	-9.00010
294.80000	-9.00012
294.90000	-9.00013
295.00000	-9.00015
295.10000	-9.00016
295.20000	-9.00018
295.30000	-9.00019
295.40000	-9.00020
295.50000	-9.00022
295.60000	-9.00023
295.70000	-9.00024
295.80000	-9.00025
295.90000	-9.00027
296.00000	-9.00028
296.10000	-9.00029
296.20000	-9.00029
296.30000	-9.00030
296.40000	-9.00031
296.50000	-9.00032
296.60000	-9.00032
296.70000	-9.00033
296.80000	-9.00033
296.90000	-9.00033
297.00000	-9.00033
297.10000	-9.00033
297.20000	-9.00033
297.30000	-9.00033
297.40000	-9.00033
297.50000	-9.00033
297.60000	-9.00032
297.70000	-9.00032
297.80000	-9.00031
297.90000	-9.00030
298.00000	-9.00029
298.10000	-9.00028
298.20000	-9.00027
298.30000	-9.00026
298.40000	-9.00025
298.50000	-9.00024
298.60000	-9.00023
298.70000	-9.00021
298.80000	-9.00020
298.90000	-9.00019
299.00000	-9.00017
299.10000	-9.00016
299.20000	-9.00014
299.30000	-9.00013
299.40000	-9.00012
299.50000	-9.00010
299.60000	-9.00009
299.70000	-9.00008
299.80000	-9.00006
299.90000	-9.00005
300.00000	-9.00004
300.10000	-9.00003
300.20000	-9.00002
300.30000	-9.00001
300.40000	-9.00000
300.50000	-8.99999
300.60000	-8.99998
300.70000	-8.99998
300.80000	-8.99997
300.90000	-8.99997
301.00000	-8.99997
301.10000	-8.99996
301.20000	-8.99996
301.30000	-8.99996
301.40000	-8.99996
301.50000	-8.99996
301.60000	-8.99997
301.70000	-8.99997
301.80000	-8.99998
301.90000	-8.99998
302.00000	-8.99999
302.10000	-9.00000
302.20000	-9.00001
302.30000	-9.00001
302.40000	-9.00002
302.50000	-9.00004
302.60000	-9.00005
302.70000	-9.00006
302.80000	-9.00007
302.90000	-9.00008
303.00000	-9.00010
303.10000	-9.00011
303.20000	-9.00012
303.30000	-9.00014
303.40000	-9.00015
303.50000	-9.00016
303.60000	-9.00018
303.70000	-9.00019
303.80000	-9.00020
303.90000	-9.00021
304.00000	-9.00023
304.10000	-9.00024
304.20000	-9.00025
304.30000	-9.00026
304.40000	-9.00027
304.50000	-9.00028
304.60000	-9.00029
304.70000	-9.00029
304.80000	-9.00030
304.90000	-9.00031
305.00000	-9.00031
305.10000	-9.00031
305.20000	-9.00032
305.30000	-9.00032
305.40000	-9.00032
305.50000	-9.00032
305.60000	-9.00032
305.70000	-9.00032
305.80000	-9.00031
305.90000	-9.00031
306.00000	-9.00031
306.10000	-9.00030
306.20000	-9.00029
306.30000	-9.00029
306.40000	-9.00028
306.50000	-9.00027
306.60000	-9.00026
306.70000	-9.00025
306.80000	-9.00024
306.90000	-9.00023
307.00000	-9.00022
307.10000	-9.00020
307.20000	-9.00019
307.30000	-9.00018
307.40000	-9.00016
307.50000	-9.00015
307.60000	-9.00014
307.70000	-9.00012
307.80000	-9.00011
307.90000	-9.00010
308.00000	-9.00008
308.10000	-9.00007
308.20000	-9.00006
308.30000	-9.00005
308.40000	-9.00003
308.50000	-9.00002
308.60000	-9.00001
308.70000	-9.00000
308.80000	-8.99999
308.90000	-8.99998
309.00000	-8.99997
309.10000	-8.99996
309.20000	-8.99995
309.30000	-8.99995
309.40000	-8.99994
309.50000	-8.99994
309.60000	-8.99993
309.70000	-8.99993
309.80000	-8.99992
309.90000	-8.99992
310.00000	-8.99992
310.10000	-8.99992
310.20000	-8.99992
310.30000	-8.99992
310.40000	-8.99992
310.50000	-8.99992
310.60000	-8.99993
310.70000	-8.99993
310.80000	-8.99993
310.90000	-8.99994
311.00000	-8.99994
311.10000	-8.99995
311.20000	-8.99995
311.30000	-8.99996
311.40000	-8.99997
311.50000	-8.99997
311.60000	-8.99998
311.70000	-8.99999
311.80000	-9.00000
311.90000	-9.00000
312.00000	-9.00001
312.10000	-9.00002
312.20000	-9.00003
312.30000	-9.00003
312.40000	-9.00004
312.50000	-9.00005
312.60000	-9.00005
312.70000	-9.00006
312.80000	-9.00007
312.90000	-9.00007
313.00000	-9.00008
313.10000	-9.00008
313.20000	-9.00008
313.30000	-9.00009
313.40000	-9.00009
313.50000	-9.00009
313.60000	-9.00009
313.70000	-9.00009
313.80000	-9.00009
313.90000	-9.00009
314.00000	-9.00009
314.10000	-9.00008
314.20000	-9.00008
314.30000	-9.00008
314.40000	-9.00007
314.50000	-9.00006
314.60000	-9.00006
314.70000	-9.00005
314.80000	-9.00004
314.90000	-9.00003
315.00000	-9.00002
315.10000	-9.00001
315.20000	-9.00000
315.30000	-8.99999
315.40000	-8.99998
315.50000	-8.99996
315.60000	-8.99995
315.70000	-8.99994
315.80000	-8.99992
315.90000	-8.99991
316.00000	-8.99989
316.10000	-8.99988
316.20000	-8.99986
316.30000	-8.99985
316.40000	-8.99983
316.50000	-8.99982
316.60000	-8.99980
316.70000	-8.99979
316.80000	-8.99977
316.90000	-8.99975
317.00000	-8.99974
317.10000	-8.99973
317.20000	-8.99971
317.30000	-8.99970
317.40000	-8.99969
317.50000	-8.99967
317.60000	-8.99966
317.70000	-8.99965
317.80000	-8.99964
317.90000	-8.99963
318.00000	-8.99962
318.10000	-8.99961
318.20000	-8.99960
318.30000	-8.99959
318.40000	-8.99959
318.50000	-8.99958
318.60000	-8.99958
318.70000	-8.99957
318.80000	-8.99957
318.90000	-8.99957
319.00000	-8.99956
319.10000	-8.99956
319.20000	-8.99956
319.30000	-8.99956
319.40000	-8.99956
319.50000	-8.99956
319.60000	-8.99957
319.70000	-8.99957
319.80000	-8.99957
319.90000	-8.99958
320.00000	-8.99958
320.10000	-8.99959
320.20000	-8.99959
320.30000	-8.99960
320.40000	-8.99961
320.50000	-8.99961
320.60000	-8.99962
320.70000	-8.99963
320.80000	-8.99963
320.90000	-8.99964
321.00000	-8.99965
321.10000	-8.99966
321.20000	-8.99966
321.30000	-8.99967
321.40000	-8.99968
321.50000	-8.99969
321.60000	-8.99969
321.70000	-8.99970
321.80000	-8.99971
321.90000	-8.99971
322.00000	-8.99972
322.10000	-8.99972
322.20000	-8.99973
322.30000	-8.99973
322.40000	-8.99973
322.50000	-8.99974
322.60000	-8.99974
322.70000	-8.99974
322.80000	-8.99974
322.90000	-8.99974
323.00000	-8.99974
323.10000	-8.99974
323.20000	-8.99974
323.30000	-8.99974
323.40000	-8.99973
323.50000	-8.99973
323.60000	-8.99973
323.70000	-8.99972
323.80000	-8.99972
323.90000	-8.99971
324.00000	-8.99971
324.10000	-8.99970
324.20000	-8.99969
324.30000	-8.99968
324.40000	-8.99968
324.50000	-8.99967
324.60000	-8.99966
324.70000	-8.99965
324.80000	-8.99964
324.90000	-8.99963
325.00000	-8.99962
325.10000	-8.99962
325.20000	-8.99961
325.30000	-8.99960
325.40000	-8.99959
325.50000	-8.99958
325.60000	-8.99957
325.70000	-8.99956
325.80000	-8.99956
325.90000	-8.99955
326.00000	-8.99954
326.10000	-8.99953
326.20000	-8.99953
326.30000	-8.99952
326.40000	-8.99952
326.50000	-8.99951
326.60000	-8.99951
326.70000	-8.99951
326.80000	-8.99951
326.90000	-8.99950
327.00000	-8.99950
327.10000	-8.99950
327.20000	-8.99951
327.30000	-8.99951
327.40000	-8.99951
327.50000	-8.99951
327.60000	-8.99952
327.70000	-8.99952
327.80000	-8.99953
327.90000	-8.99954
328.00000	-8.99954
328.10000	-8.99955
328.20000	-8.99956
328.30000	-8.99957
328.40000	-8.99958
328.50000	-8.99959
328.60000	-8.99960
328.70000	-8.99962
328.80000	-8.99963
328.90000	-8.99964
329.00000	-8.99965
329.10000	-8.99967
329.20000	-8.99968
329.30000	-8.99970
329.40000	-8.99971
329.50000	-8.99973
329.60000	-8.99974
329.70000	-8.99975
329.80000	-8.99977
329.90000	-8.99978
330.00000	-8.99980
330.10000	-8.99981
330.20000	-8.99983
330.30000	-8.99984
330.40000	-8.99985
330.50000	-8.99987
330.60000	-8.99988
330.70000	-8.99989
330.80000	-8.99990
330.90000	-8.99991
331.00000	-8.99992
331.10000	-8.99993
331.20000	-8.99994
331.30000	-8.99995
331.40000	-8.99996
331.50000	-8.99996
331.60000	-8.99997
331.70000	-8.99998
331.80000	-8.99998
331.90000	-8.99998
332.00000	-8.99999
332.10000	-8.99999
332.20000	-8.99999
332.30000	-8.99999
332.40000	-8.99999
332.50000	-8.99999
332.60000	-8.99999
332.70000	-8.99999
332.80000	-8.99999
332.90000	-8.99999
333.00000	-8.99998
333.10000	-8.99998
333.20000	-8.99998
333.30000	-8.99997
333.40000	-8.99997
333.50000	-8.99996
333.60000	-8.99996
333.70000	-8.99995
333.80000	-8.99995
333.90000	-8.99994
334.00000	-8.99994
334.10000	-8.99993
334.20000	-8.99993
334.30000	-8.99992
334.40000	-8.99992
334.50000	-8.99991
334.60000	-8.99991
334.70000	-8.99990
334.80000	-8.99990
334.90000	-8.99990
335.00000	-8.99990
335.10000	-8.99989
335.20000	-8.99989
335.30000	-8.99989
335.40000	-8.99989
335.50000	-8.99989
335.60000	-8.99989
335.70000	-8.99989
335.80000	-8.99989
335.90000	-8.99990
336.00000	-8.99990
336.10000	-8.99990
336.20000	-8.99991
336.30000	-8.99991
336.40000	-8.99992
336.50000	-8.99992
336.60000	-8.99993
336.70000	-8.99993
336.80000	-8.99994
336.90000	-8.99995
337.00000	-8.99996
337.10000	-8.99997
337.20000	-8.99997
337.30000	-8.99998
337.40000	-8.99999
337.50000	-9.00000
337.60000	-9.00001
337.70000	-9.00002
337.80000	-9.00004
337.90000	-9.00005
338.00000	-9.00006
338.10000	-9.00007
338.20000	-9.00008
338.30000	-9.00009
338.40000	-9.00010
338.50000	-9.00011
338.60000	-9.00012
338.70000	-9.00013
338.80000	-9.00014
338.90000	-9.00015
339.00000	-9.00016
339.10000	-9.00017
339.20000	-9.00018
339.30000	-9.00019
339.40000	-9.00020
339.50000	-9.00020
339.60000	-9.00021
339.70000	-9.00022
339.80000	-9.00022
339.90000	-9.00023
340.00000	-9.00023
340.10000	-9.00024
340.20000	-9.00024
340.30000	-9.00024
340.40000	-9.00025
340.50000	-9.00025
340.60000	-9.00025
340.70000	-9.00025
340.80000	-9.00025
340.90000	-9.00025
341.00000	-9.00025
341.10000	-9.00024
341.20000	-9.00024
341.30000	-9.00024
341.40000	-9.00024
341.50000	-9.00023
341.60000	-9.00023
341.70000	-9.00022
341.80000	-9.00022
341.90000	-9.00021
342.00000	-9.00021
342.10000	-9.00020
342.20000	-9.00019
342.30000	-9.00018
342.40000	-9.00018
342.50000	-9.00017
342.60000	-9.00016
342.70000	-9.00015
342.80000	-9.00015
342.90000	-9.00014
343.00000	-9.00013
343.10000	-9.00012
343.20000	-9.00012
343.30000	-9.00011
343.40000	-9.00010
343.50000	-9.00009
343.60000	-9.00009
343.70000	-9.00008
343.80000	-9.00007
343.90000	-9.00007
344.00000	-9.00006
344.10000	-9.00005
344.20000	-9.00005
344.30000	-9.00005
344.40000	-9.00004
344.50000	-9.00004
344.60000	-9.00003
344.70000	-9.00003
344.80000	-9.00003
344.90000	-9.00003
345.00000	-9.00003
345.10000	-9.00003
345.20000	-9.00003
345.30000	-9.00003
345.40000	-9.00003
345.50000	-9.00003
345.60000	-9.00004
345.70000	-9.00004
345.80000	-9.00004
345.90000	-9.00005
346.00000	-9.00005
346.10000	-9.00006
346.20000	-9.00006
346.30000	-9.00007
346.40000	-9.00008
346.50000	-9.00009
346.60000	-9.00009
346.70000	-9.00010
346.80000	-9.00011
346.90000	-9.00012
347.00000	-9.00013
347.10000	-9.00014
347.20000	-9.00014
347.30000	-9.00015
347.40000	-9.00016
347.50000	-9.00017
347.60000	-9.00018
347.70000	-9.00019
347.80000	-9.00020
347.90000	-9.00021
348.00000	-9.00021
348.10000	-9.00022
348.20000	-9.00023
348.30000	-9.00024
348.40000	-9.00024
348.50000	-9.00025
348.60000	-9.00026
348.70000	-9.00026
348.80000	-9.00027
348.90000	-9.00027
349.00000	-9.00027
349.10000	-9.00028
349.20000	-9.00028
349.30000	-9.00028
349.40000	-9.00028
349.50000	-9.00028
349.60000	-9.00028
349.70000	-9.00028
349.80000	-9.00028
349.90000	-9.00027
350.00000	-9.00027
350.10000	-9.00027
350.20000	-9.00026
350.30000	-9.00026
350.40000	-9.00025
350.50000	-9.00024
350.60000	-9.00024
350.70000	-9.00023
350.80000	-9.00022
350.90000	-9.00021
351.00000	-9.00020
351.10000	-9.00019
351.20000	-9.00018
351.30000	-9.00017
351.40000	-9.00016
351.50000	-9.00015
351.60000	-9.00014
351.70000	-9.00013
351.80000	-9.00012
351.90000	-9.00011
352.00000	-9.00010
352.10000	-9.00009
352.20000	-9.00008
352.30000	-9.00008
352.40000	-9.00007
352.50000	-9.00006
352.60000	-9.00005
352.70000	-9.00004
352.80000	-9.00003
352.90000	-9.00003
353.00000	-9.00002
353.10000	-9.00002
353.20000	-9.00001
353.30000	-9.00001
353.40000	-9.00000
353.50000	-9.00000
353.60000	-9.00000
353.70000	-8.99999
353.80000	-8.99999
353.90000	-8.99999
354.00000	-8.99999
354.10000	-8.99999
354.20000	-8.99999
354.30000	-9.00000
354.40000	-9.00000
354.50000	-9.00000
354.60000	-9.00001
354.70000	-9.00001
354.80000	-9.00002
354.90000	-9.00002
355.00000	-9.00003
355.10000	-9.00003
355.20000	-9.00004
355.30000	-9.00005
355.40000	-9.00005
355.50000	-9.00006
355.60000	-9.00007
355.70000	-9.00008
355.80000	-9.00008
355.90000	-9.00009
356.00000	-9.00010
356.10000	-9.00011
356.20000	-9.00011
356.30000	-9.00012
356.40000	-9.00013
356.50000	-9.00013
356.60000	-9.00014
356.70000	-9.00015
356.80000	-9.00015
356.90000	-9.00016
357.00000	-9.00016
357.10000	-9.00016
357.20000	-9.00017
357.30000	-9.00017
357.40000	-9.00017
357.50000	-9.00017
357.60000	-9.00017
357.70000	-9.00017
357.80000	-9.00017
357.90000	-9.00017
358.00000	-9.00016
358.10000	-9.00016
358.20000	-9.00016
358.30000	-9.00015
358.40000	-9.00014
358.50000	-9.00014
358.60000	-9.00013
358.70000	-9.00012
358.80000	-9.00011
358.90000	-9.00010
359.00000	-9.00009
359.10000	-9.00008
359.20000	-9.00007
359.30000	-9.00006
359.40000	-9.00005
359.50000	-9.00004
359.60000	-9.00002
359.70000	-9.00001
359.80000	-9.00000
359.90000	-8.99998
360.00000	-8.99997
360.10000	-8.99996
360.20000	-8.99994
360.30000	-8.99993
360.40000	-8.99992
360.50000	-8.99990
360.60000	-8.99989
360.70000	-8.99987
360.80000	-8.99986
360.90000	-8.99985
361.00000	-8.99983
361.10000	-8.99982
361.20000	-8.99981
361.30000	-8.99980
361.40000	-8.99979
361.50000	-8.99978
361.60000	-8.99977
361.70000	-8.99976
361.80000	-8.99975
361.90000	-8.99974
362.00000	-8.99973
362.10000	-8.99973
362.20000	-8.99972
362.30000	-8.99971
362.40000	-8.99971
362.50000	-8.99971
362.60000	-8.99970
362.70000	-8.99970
362.80000	-8.99970
362.90000	-8.99969
363.00000	-8.99969
363.10000	-8.99969
363.20000	-8.99969
363.30000	-8.99969
363.40000	-8.99970
363.50000	-8.99970
363.60000	-8.99970
363.70000	-8.99970
363.80000	-8.99971
363.90000	-8.99971
364.00000	-8.99971
364.10000	-8.99972
364.20000	-8.99972
364.30000	-8.99973
364.40000	-8.99973
364.50000	-8.99973
364.60000	-8.99974
364.70000	-8.99974
364.80000	-8.99975
364.90000	-8.99975
365.00000	-8.99976
365.10000	-8.99976
365.20000	-8.99977
365.30000	-8.99977
365.40000	-8.99977
365.50000	-8.99978
365.60000	-8.99978
365.70000	-8.99978
365.80000	-8.99978
365.90000	-8.99978
366.00000	-8.99978
366.10000	-8.99979
366.20000	-8.99978
366.30000	-8.99978
366.40000	-8.99978
366.50000	-8.99978
366.60000	-8.99978
366.70000	-8.99978
366.80000	-8.99977
366.90000	-8.99977
367.00000	-8.99976
367.10000	-8.99976
367.20000	-8.99975
367.30000	-8.99975
367.40000	-8.99974
367.50000	-8.99973
367.60000	-8.99972
367.70000	-8.99972
367.80000	-8.99971
367.90000	-8.99970
368.00000	-8.99969
368.10000	-8.99968
368.20000	-8.99967
368.30000	-8.99966
368.40000	-8.99965
368.50000	-8.99964
368.60000	-8.99963
368.70000	-8.99962
368.80000	-8.99961
368.90000	-8.99960
369.00000	-8.99959
369.10000	-8.99958
369.20000	-8.99957
369.30000	-8.99956
369.40000	-8.99955
369.50000	-8.99954
369.60000	-8.99953
369.70000	-8.99953
369.80000	-8.99952
369.90000	-8.99951
370.00000	-8.99951
370.10000	-8.99950
370.20000	-8.99949
370.30000	-8.99949
370.40000	-8.99949
370.50000	-8.99948
370.60000	-8.99948
370.70000	-8.99948
370.80000	-8.99948
370.90000	-8.99947
371.00000	-8.99947
371.10000	-8.99948
371.20000	-8.99948
371.30000	-8.99948
371.40000	-8.99948
371.50000	-8.99949
371.60000	-8.99949
371.70000	-8.99949
371.80000	-8.99950
371.90000	-8.99951
372.00000	-8.99951
372.10000	-8.99952
372.20000	-8.99953
372.30000	-8.99954
372.40000	-8.99955
372.50000	-8.99955
372.60000	-8.99956
372.70000	-8.99957
372.80000	-8.99958
372.90000	-8.99960
373.00000	-8.99961
373.10000	-8.99962
373.20000	-8.99963
373.30000	-8.99964
373.40000	-8.99965
373.50000	-8.99966
373.60000	-8.99967
373.70000	-8.99969
373.80000	-8.99970
373.90000	-8.99971
374.00000	-8.99972
374.10000	-8.99973
374.20000	-8.99974
374.30000	-8.99975
374.40000	-8.99976
374.50000	-8.99977
374.60000	-8.99978
374.70000	-8.99979
374.80000	-8.99980
374.90000	-8.99980
375.00000	-8.99981
375.10000	-8.99982
375.20000	-8.99982
375.30000	-8.99983
375.40000	-8.99983
375.50000	-8.99984
375.60000	-8.99984
375.70000	-8.99985
375.80000	-8.99985
375.90000	-8.99985
376.00000	-8.99985
376.10000	-8.99985
376.20000	-8.99985
376.30000	-8.99985
376.40000	-8.99985
376.50000	-8.99985
376.60000	-8.99985
376.70000	-8.99985
376.80000	-8.99985
376.90000	-8.99984
377.00000	-8.99984
377.10000	-8.99984
377.20000	-8.99983
377.30000	-8.99983
377.40000	-8.99983
377.50000	-8.99982
377.60000	-8.99982
377.70000	-8.99982
377.80000	-8.99981
377.90000	-8.99981
378.00000	-8.99981
378.10000	-8.99980
378.20000	-8.99980
378.30000	-8.99980
378.40000	-8.99979
378.50000	-8.99979
378.60000	-8.99979
378.70000	-8.99979
378.80000	-8.99979
378.90000	-8.99979
379.00000	-8.99979
379.10000	-8.99979
379.20000	-8.99979
379.30000	-8.99979
379.40000	-8.99979
379.50000	-8.99979
379.60000	-8.99980
379.70000	-8.99980
379.80000	-8.99980
379.90000	-8.99981
380.00000	-8.99981
380.10000	-8.99982
380.20000	-8.99983
380.30000	-8.99983
380.40000	-8.99984
380.50000	-8.99985
380.60000	-8.99986
380.70000	-8.99987
380.80000	-8.99988
380.90000	-8.99989
381.00000	-8.99990
381.10000	-8.99991
381.20000	-8.99992
381.30000	-8.99993
381.40000	-8.99994
381.50000	-8.99996
381.60000	-8.99997
381.70000	-8.99998
381.80000	-8.99999
381.90000	-9.00001
382.00000	-9.00002
382.10000	-9.00003
382.20000	-9.00004
382.30000	-9.00006
382.40000	-9.00007
382.50000	-9.00008
382.60000	-9.00009
382.70000	-9.00010
382.80000	-9.00011
382.90000	-9.00012
383.00000	-9.00013
383.10000	-9.00014
383.20000	-9.00015
383.30000	-9.00016
383.40000	-9.00016
383.50000	-9.00017
383.60000	-9.00018
383.70000	-9.00018
383.80000	-9.00019
383.90000	-9.00019
384.00000	-9.00019
384.10000	-9.00020
384.20000	-9.00020
384.30000	-9.00020
384.40000	-9.00020
384.50000	-9.00020
384.60000	-9.00020
384.70000	-9.00020
384.80000	-9.00020
384.90000	-9.00019
385.00000	-9.00019
385.10000	-9.00019
385.20000	-9.00018
385.30000	-9.00018
385.40000	-9.00017
385.50000	-9.00017
385.60000	-9.00016
385.70000	-9.00016
385.80000	-9.00015
385.90000	-9.00014
386.00000	-9.00014
386.10000	-9.00013
386.20000	-9.00012
386.30000	-9.00012
386.40000	-9.00011
386.50000	-9.00010
386.60000	-9.00010
386.70000	-9.00009
386.80000	-9.00008
386.90000	-9.00008
387.00000	-9.00007
387.10000	-9.00007
387.20000	-9.00006
387.30000	-9.00006
387.40000	-9.00005
387.50000	-9.00005
387.60000	-9.00004
387.70000	-9.00004
387.80000	-9.00004
387.90000	-9.00004
388.00000	-9.00003
388.10000	-9.00003
388.20000	-9.00003
388.30000	-9.00003
388.40000	-9.00003
388.50000	-9.00003
388.60000	-9.00004
388.70000	-9.00004
388.80000	-9.00004
388.90000	-9.00004
389.00000	-9.00005
389.10000	-9.00005
389.20000	-9.00006
389.30000	-9.00006
389.40000	-9.00007
389.50000	-9.00007
389.60000	-9.00008
389.70000	-9.00008
389.80000	-9.00009
389.90000	-9.00010
390.00000	-9.00010
390.10000	-9.00011
390.20000	-9.00012
390.30000	-9.00013
390.40000	-9.00013
390.50000	-9.00014
390.60000	-9.00015
390.70000	-9.00016
390.80000	-9.00017
390.90000	-9.00017
391.00000	-9.00018
391.10000	-9.00019
391.20000	-9.00019
391.30000	-9.00020
391.40000	-9.00021
391.50000	-9.00021
391.60000	-9.00022
391.70000	-9.00022
391.80000	-9.00023
391.90000	-9.00023
392.00000	-9.00024
392.10000	-9.00024
392.20000	-9.00024
392.30000	-9.00024
392.40000	-9.00025
392.50000	-9.00025
392.60000	-9.00025
392.70000	-9.00025
392.80000	-9.00025
392.90000	-9.00025
393.00000	-9.00025
393.10000	-9.00025
393.20000	-9.00025
393.30000	-9.00024
393.40000	-9.00024
393.50000	-9.00024
393.60000	-9.00023
393.70000	-9.00023
393.80000	-9.00022
393.90000	-9.00022
394.00000	-9.00021
394.10000	-9.00021
394.20000	-9.00020
394.30000	-9.00020
394.40000	-9.00019
394.50000	-9.00019
394.60000	-9.00018
394.70000	-9.00017
394.80000	-9.00017
394.90000	-9.00016
395.00000	-9.00015
395.10000	-9.00014
395.20000	-9.00014
395.30000	-9.00013
395.40000	-9.00012
395.50000	-9.00012
395.60000	-9.00011
395.70000	-9.00011
395.80000	-9.00010
395.90000	-9.00009
396.00000	-9.00009
396.10000	-9.00008
396.20000	-9.00008
396.30000	-9.00007
396.40000	-9.00007
396.50000	-9.00007
396.60000	-9.00006
396.70000	-9.00006
396.80000	-9.00006
396.90000	-9.00006
397.00000	-9.00005
397.10000	-9.00005
397.20000	-9.00005
397.30000	-9.00005
397.40000	-9.00005
397.50000	-9.00005
397.60000	-9.00005
397.70000	-9.00006
397.80000	-9.00006
397.90000	-9.00006
398.00000	-9.00006
398.10000	-9.00007
398.20000	-9.00007
398.30000	-9.00007
398.40000	-9.00008
398.50000	-9.00008
398.60000	-9.00009
398.70000	-9.00009
398.80000	-9.00010
398.90000	-9.00010
399.00000	-9.00011
399.10000	-9.00011
399.20000	-9.00012
399.30000	-9.00012
399.40000	-9.00013
399.50000	-9.00014
399.60000	-9.00014
399.70000	-9.00015
399.80000	-9.00015
399.90000	-9.00016
400.00000	-9.00016
400.10000	-9.00017
400.20000	-9.00017
400.30000	-9.00018
400.40000	-9.00018
400.50000	-9.00019
400.60000	-9.00019
400.70000	-9.00019
400.80000	-9.00020
400.90000	-9.00020
401.00000	-9.00020
401.10000	-9.00020
401.20000	-9.00020
401.30000	-9.00020
401.40000	-9.00020
401.50000	-9.00020
401.60000	-9.00020
401.70000	-9.00020
401.80000	-9.00020
401.90000	-9.00019
402.00000	-9.00019
402.10000	-9.00018
402.20000	-9.00018
402.30000	-9.00018
402.40000	-9.00017
402.50000	-9.00016
402.60000	-9.00016
402.70000	-9.00015
402.80000	-9.00014
402.90000	-9.00014
403.00000	-9.00013
403.10000	-9.00012
403.20000	-9.00011
403.30000	-9.00010
403.40000	-9.00009
403.50000	-9.00008
403.60000	-9.00007
403.70000	-9.00006
403.80000	-9.00005
403.90000	-9.00004
404.00000	-9.00003
404.10000	-9.00002
404.20000	-9.00001
404.30000	-9.00000
404.40000	-8.99999
404.50000	-8.99998
404.60000	-8.99997
404.70000	-8.99996
404.80000	-8.99995
404.90000	-8.99994
405.00000	-8.99994
405.10000	-8.99993
405.20000	-8.99992
405.30000	-8.99991
405.40000	-8.99990
405.50000	-8.99990
405.60000	-8.99989
405.70000	-8.99988
405.80000	-8.99988
405.90000	-8.99987
406.00000	-8.99987
406.10000	-8.99986
406.20000	-8.99986
406.30000	-8.99986
406.40000	-8.99985
406.50000	-8.99985
406.60000	-8.99985
406.70000	-8.99985
406.80000	-8.99985
406.90000	-8.99984
407.00000	-8.99984
407.10000	-8.99984
407.20000	-8.99984
407.30000	-8.99985
407.40000	-8.99985
407.50000	-8.99985
407.60000	-8.99985
407.70000	-8.99985
407.80000	-8.99985
407.90000	-8.99985
408.00000	-8.99986
408.10000	-8.99986
408.20000	-8.99986
408.30000	-8.99986
408.40000	-8.99986
408.50000	-8.99987
408.60000	-8.99987
408.70000	-8.99987
408.80000	-8.99987
408.90000	-8.99987
409.00000	-8.99987
409.10000	-8.99987
409.20000	-8.99988
409.30000	-8.99988
409.40000	-8.99988
409.50000	-8.99988
409.60000	-8.99987
409.70000	-8.99987
409.80000	-8.99987
409.90000	-8.99987
410.00000	-8.99987
410.10000	-8.99986
410.20000	-8.99986
410.30000	-8.99986
410.40000	-8.99985
410.50000	-8.99985
410.60000	-8.99984
410.70000	-8.99984
410.80000	-8.99983
410.90000	-8.99982
411.00000	-8.99982
411.10000	-8.99981
411.20000	-8.99980
411.30000	-8.99979
411.40000	-8.99978
411.50000	-8.99977
411.60000	-8.99977
411.70000	-8.99976
411.80000	-8.99975
411.90000	-8.99974
412.00000	-8.99973
412.10000	-8.99972
412.20000	-8.99970
412.30000	-8.99969
412.40000	-8.99968
412.50000	-8.99967
412.60000	-8.99966
412.70000	-8.99965
412.80000	-8.99964
412.90000	-8.99963
413.00000	-8.99962
413.10000	-8.99961
413.20000	-8.99960
413.30000	-8.99959
413.40000	-8.99958
413.50000	-8.99958
413.60000	-8.99957
413.70000	-8.99956
413.80000	-8.99955
413.90000	-8.99955
414.00000	-8.99954
414.10000	-8.99953
414.20000	-8.99953
414.30000	-8.99952
414.40000	-8.99952
414.50000	-8.99952
414.60000	-8.99951
414.70000	-8.99951
414.80000	-8.99951
414.90000	-8.99951
415.00000	-8.99951
415.10000	-8.99951
415.20000	-8.99951
415.30000	-8.99951
415.40000	-8.99951
415.50000	-8.99951
415.60000	-8.99952
415.70000	-8.99952
415.80000	-8.99952
415.90000	-8.99953
416.00000	-8.99953
416.10000	-8.99954
416.20000	-8.99954
416.30000	-8.99955
416.40000	-8.99955
416.50000	-8.99956
416.60000	-8.99957
416.70000	-8.99957
416.80000	-8.99958
416.90000	-8.99959
417.00000	-8.99960
417.10000	-8.99960
417.20000	-8.99961
417.30000	-8.99962
417.40000	-8.99962
417.50000	-8.99963
417.60000	-8.99964
417.70000	-8.99965
417.80000	-8.99965
417.90000	-8.99966
418.00000	-8.99967
418.10000	-8.99967
418.20000	-8.99968
418.30000	-8.99968
418.40000	-8.99969
418.50000	-8.99969
418.60000	-8.99970
418.70000	-8.99970
418.80000	-8.99971
418.90000	-8.99971
419.00000	-8.99971
419.10000	-8.99972
419.20000	-8.99972
419.30000	-8.99972
419.40000	-8.99972
419.50000	-8.99972
419.60000	-8.99972
419.70000	-8.99972
419.80000	-8.99972
419.90000	-8.99972
420.00000	-8.99972
420.10000	-8.99972
420.20000	-8.99972
420.30000	-8.99972
420.40000	-8.99972
420.50000	-8.99972
420.60000	-8.99971
420.70000	-8.99971
420.80000	-8.99971
420.90000	-8.99971
421.00000	-8.99970
421.10000	-8.99970
421.20000	-8.99970
421.30000	-8.99970
421.40000	-8.99969
421.50000	-8.99969
421.60000	-8.99969
421.70000	-8.99969
421.80000	-8.99969
421.90000	-8.99968
422.00000	-8.99968
422.10000	-8.99968
422.20000	-8.99968
422.30000	-8.99968
422.40000	-8.99968
422.50000	-8.99968
422.60000	-8.99968
422.70000	-8.99968
422.80000	-8.99968
422.90000	-8.99968
423.00000	-8.99969
423.10000	-8.99969
423.20000	-8.99969
423.30000	-8.99970
423.40000	-8.99970
423.50000	-8.99971
423.60000	-8.99971
423.70000	-8.99972
423.80000	-8.99972
423.90000	-8.99973
424.00000	-8.99974
424.10000	-8.99974
424.20000	-8.99975
424.30000	-8.99976
424.40000	-8.99977
424.50000	-8.99978
424.60000	-8.99979
424.70000	-8.99980
424.80000	-8.99981
424.90000	-8.99982
425.00000	-8.99983
425.10000	-8.99984
425.20000	-8.99985
425.30000	-8.99986
425.40000	-8.99987
425.50000	-8.99988
425.60000	-8.99989
425.70000	-8.99990
425.80000	-8.99992
425.90000	-8.99993
426.00000	-8.99994
426.10000	-8.99995
426.20000	-8.99996
426.30000	-8.99997
426.40000	-8.99998
426.50000	-8.99999
426.60000	-9.00000
426.70000	-9.00001
426.80000	-9.00002
426.90000	-9.00003
427.00000	-9.00004
427.10000	-9.00004
427.20000	-9.00005
427.30000	-9.00006
427.40000	-9.00006
427.50000	-9.00007
427.60000	-9.00008
427.70000	-9.00008
427.80000	-9.00009
427.90000	-9.00009
428.00000	-9.00009
428.10000	-9.00010
428.20000	-9.00010
428.30000	-9.00010
428.40000	-9.00010
428.50000	-9.00010
428.60000	-9.00011
428.70000	-9.00011
428.80000	-9.00010
428.90000	-9.00010
429.00000	-9.00010
429.10000	-9.00010
429.20000	-9.00010
429.30000	-9.00010
429.40000	-9.00009
429.50000	-9.00009
429.60000	-9.00009
429.70000	-9.00009
429.80000	-9.00008
429.90000	-9.00008
430.00000	-9.00007
430.10000	-9.00007
430.20000	-9.00007
430.30000	-9.00006
430.40000	-9.00006
430.50000	-9.00005
430.60000	-9.00005
430.70000	-9.00005
430.80000	-9.00004
430.90000	-9.00004
431.00000	-9.00004
431.10000	-9.00003
431.20000	-9.00003
431.30000	-9.00003
431.40000	-9.00003
431.50000	-9.00003
431.60000	-9.00002
431.70000	-9.00002
431.80000	-9.00002
431.90000	-9.00002
432.00000	-9.00002
432.10000	-9.00002
432.20000	-9.00002
432.30000	-9.00003
432.40000	-9.00003
432.50000	-9.00003
432.60000	-9.00003
432.70000	-9.00004
432.80000	-9.00004
432.90000	-9.00004
433.00000	-9.00005
433.10000	-9.00005
433.20000	-9.00006
433.30000	-9.00006
433.40000	-9.00007
433.50000	-9.00008
433.60000	-9.00008
433.70000	-9.00009
433.80000	-9.00010
433.90000	-9.00010
434.00000	-9.00011
434.10000	-9.00012
434.20000	-9.00013
434.30000	-9.00013
434.40000	-9.00014
434.50000	-9.00015
434.60000	-9.00016
434.70000	-9.00016
434.80000	-9.00017
434.90000	-9.00018
435.00000	-9.00018
435.10000	-9.00019
435.20000	-9.00020
435.30000	-9.00020
435.40000	-9.00021
435.50000	-9.00021
435.60000	-9.00022
435.70000	-9.00022
435.80000	-9.00023
435.90000	-9.00023
436.00000	-9.00023
436.10000	-9.00024
436.20000	-9.00024
436.30000	-9.00024
436.40000	-9.00024
436.50000	-9.00024
436.60000	-9.00024
436.70000	-9.00024
436.80000	-9.00024
436.90000	-9.00024
437.00000	-9.00024
437.10000	-9.00024
437.20000	-9.00023
437.30000	-9.00023
437.40000	-9.00023
437.50000	-9.00022
437.60000	-9.00022
437.70000	-9.00021
437.80000	-9.00021
437.90000	-9.00020
438.00000	-9.00020
438.10000	-9.00019
438.20000	-9.00018
438.30000	-9.00018
438.40000	-9.00017
438.50000	-9.00016
438.60000	-9.00016
438.70000	-9.00015
438.80000	-9.00014
438.90000	-9.00014
439.00000	-9.00013
439.10000	-9.00012
439.20000	-9.00012
439.30000	-9.00011
439.40000	-9.00011
439.50000	-9.00010
439.60000	-9.00009
439.70000	-9.00009
439.80000	-9.00008
439.90000	-9.00008
440.00000	-9.00008
440.10000	-9.00007
440.20000	-9.00007
440.30000	-9.00007
440.40000	-9.00006
440.50000	-9.00006
440.60000	-9.00006
440.70000	-9.00006
440.80000	-9.00006
440.90000	-9.00006
441.00000	-9.00006
441.10000	-9.00006
441.20000	-9.00006
441.30000	-9.00007
441.40000	-9.00007
441.50000	-9.00007
441.60000	-9.00007
441.70000	-9.00008
441.80000	-9.00008
441.90000	-9.00009
442.00000	-9.00009
442.10000	-9.00010
442.20000	-9.00010
442.30000	-9.00011
442.40000	-9.00011
442.50000	-9.00012
442.60000	-9.00012
442.70000	-9.00013
442.80000	-9.00014
442.90000	-9.00014
443.00000	-9.00015
443.10000	-9.00015
443.20000	-9.00016
443.30000	-9.00017
443.40000	-9.00017
443.50000	-9.00018
443.60000	-9.00018
443.70000	-9.00019
443.80000	-9.00019
443.90000	-9.00020
444.00000	-9.00020
444.10000	-9.00021
444.20000	-9.00021
444.30000	-9.00021
444.40000	-9.00022
444.50000	-9.00022
444.60000	-9.00022
444.70000	-9.00022
444.80000	-9.00022
444.90000	-9.00023
445.00000	-9.00023
445.10000	-9.00023
445.20000	-9.00022
445.30000	-9.00022
445.40000	-9.00022
445.50000	-9.00022
445.60000	-9.00022
445.70000	-9.00021
445.80000	-9.00021
445.90000	-9.00021
446.00000	-9.00020
446.10000	-9.00020
446.20000	-9.00019
446.30000	-9.00019
446.40000	-9.00018
446.50000	-9.00018
446.60000	-9.00017
446.70000	-9.00016
446.80000	-9.00016
446.90000	-9.00015
447.00000	-9.00014
447.10000	-9.00013
447.20000	-9.00013
447.30000	-9.00012
447.40000	-9.00011
447.50000	-9.00010
447.60000	-9.00010
447.70000	-9.00009
447.80000	-9.00008
447.90000	-9.00007
448.00000	-9.00007
448.10000	-9.00006
448.20000	-9.00005
448.30000	-9.00005
448.40000	-9.00004
448.50000	-9.00003
448.60000	-9.00003
448.70000	-9.00002
448.80000	-9.00002
448.90000	-9.00001
449.00000	-9.00000
449.10000	-9.00000
449.20000	-9.00000
449.30000	-8.99999
449.40000	-8.99999
449.50000	-8.99999
449.60000	-8.99998
449.70000	-8.99998
449.80000	-8.99998
449.90000	-8.99998
450.00000	-8.99997
450.10000	-8.99997
450.20000	-8.99997
450.30000	-8.99997
450.40000	-8.99997
450.50000	-8.99997
450.60000	-8.99997
450.70000	-8.99997
450.80000	-8.99997
450.90000	-8.99997
451.00000	-8.99998
451.10000	-8.99998
451.20000	-8.99998
451.30000	-8.99998
451.40000	-8.99998
451.50000	-8.99998
451.60000	-8.99998
451.70000	-8.99999
451.80000	-8.99999
451.90000	-8.99999
452.00000	-8.99999
452.10000	-8.99999
452.20000	-8.99999
452.30000	-8.99999
452.40000	-9.00000
452.50000	-9.00000
452.60000	-9.00000
452.70000	-9.00000
452.80000	-9.00000
452.90000	-9.00000
453.00000	-8.99999
453.10000	-8.99999
453.20000	-8.99999
453.30000	-8.99999
453.40000	-8.99999
453.50000	-8.99998
453.60000	-8.99998
453.70000	-8.99998
453.80000	-8.99997
453.90000	-8.99997
454.00000	-8.99996
454.10000	-8.99996
454.20000	-8.99995
454.30000	-8.99995
454.40000	-8.99994
454.50000	-8.99993
454.60000	-8.99993
454.70000	-8.99992
454.80000	-8.99991
454.90000	-8.99990
455.00000	-8.99989
455.10000	-8.99988
455.20000	-8.99988
455.30000	-8.99987
455.40000	-8.99986
455.50000	-8.99985
455.60000	-8.99984
455.70000	-8.99983
455.80000	-8.99982
455.90000	-8.99981
456.00000	-8.99980
456.10000	-8.99979
456.20000	-8.99978
456.30000	-8.99976
456.40000	-8.99975
456.50000	-8.99974
456.60000	-8.99973
456.70000	-8.99972
456.80000	-8.99971
456.90000	-8.99971
457.00000	-8.99970
457.10000	-8.99969
457.20000	-8.99968
457.30000	-8.99967
457.40000	-8.99966
457.50000	-8.99965
457.60000	-8.99965
457.70000	-8.99964
457.80000	-8.99963
457.90000	-8.99963
458.00000	-8.99962
458.10000	-8.99962
458.20000	-8.99961
458.30000	-8.99961
458.40000	-8.99960
458.50000	-8.99960
458.60000	-8.99960
458.70000	-8.99960
458.80000	-8.99959
458.90000	-8.99959
459.00000	-8.99959
459.10000	-8.99959
459.20000	-8.99959
459.30000	-8.99959
459.40000	-8.99959
459.50000	-8.99959
459.60000	-8.99959
459.70000	-8.99959
459.80000	-8.99960
459.90000	-8.99960
460.00000	-8.99960
460.10000	-8.99960
460.20000	-8.99960
460.30000	-8.99961
460.40000	-8.99961
460.50000	-8.99961
460.60000	-8.99962
460.70000	-8.99962
460.80000	-8.99962
460.90000	-8.99963
461.00000	-8.99963
461.10000	-8.99963
461.20000	-8.99964
461.30000	-8.99964
461.40000	-8.99964
461.50000	-8.99965
461.60000	-8.99965
461.70000	-8.99965
461.80000	-8.99965
461.90000	-8.99966
462.00000	-8.99966
462.10000	-8.99966
462.20000	-8.99966
462.30000	-8.99966
462.40000	-8.99966
462.50000	-8.99966
462.60000	-8.99966
462.70000	-8.99966
462.80000	-8.99966
462.90000	-8.99966
463.00000	-8.99966
463.10000	-8.99966
463.20000	-8.99966
463.30000	-8.99966
463.40000	-8.99966
463.50000	-8.99965
463.60000	-8.99965
463.70000	-8.99965
463.80000	-8.99965
463.90000	-8.99964
464.00000	-8.99964
464.10000	-8.99964
464.20000	-8.99963
464.30000	-8.99963
464.40000	-8.99963
464.50000	-8.99962
464.60000	-8.99962
464.70000	-8.99962
464.80000	-8.99961
464.90000	-8.99961
465.00000	-8.99961
465.10000	-8.99960
465.20000	-8.99960
465.30000	-8.99960
465.40000	-8.99959
465.50000	-8.99959
465.60000	-8.99959
465.70000	-8.99959
465.80000	-8.99959
465.90000	-8.99958
466.00000	-8.99958
466.10000	-8.99958
466.20000	-8.99958
466.30000	-8.99958
466.40000	-8.99958
466.50000	-8.99959
466.60000	-8.99959
466.70000	-8.99959
466.80000	-8.99959
466.90000	-8.99959
467.00000	-8.99960
467.10000	-8.99960
467.20000	-8.99961
467.30000	-8.99961
467.40000	-8.99962
467.50000	-8.99962
467.60000	-8.99963
467.70000	-8.99963
467.80000	-8.99964
467.90000	-8.99965
468.00000	-8.99965
468.10000	-8.99966
468.20000	-8.99967
468.30000	-8.99968
468.40000	-8.99969
468.50000	-8.99970
468.60000	-8.99971
468.70000	-8.99972
468.80000	-8.99973
468.90000	-8.99974
469.00000	-8.99974
469.10000	-8.99975
469.20000	-8.99976
469.30000	-8.99977
469.40000	-8.99978
469.50000	-8.99979
469.60000	-8.99980
469.70000	-8.99981
469.80000	-8.99982
469.90000	-8.99983
470.00000	-8.99984
470.10000	-8.99985
470.20000	-8.99986
470.30000	-8.99987
470.40000	-8.99988
470.50000	-8.99989
470.60000	-8.99990
470.70000	-8.99990
470.80000	-8.99991
470.90000	-8.99992
471.00000	-8.99992
471.10000	-8.99993
471.20000	-8.99994
471.30000	-8.99994
471.40000	-8.99995
471.50000	-8.99995
471.60000	-8.99995
471.70000	-8.99996
471.80000	-8.99996
471.90000	-8.99997
472.00000	-8.99997
472.10000	-8.99997
472.20000	-8.99997
472.30000	-8.99997
472.40000	-8.99998
472.50000	-8.99998
472.60000	-8.99998
472.70000	-8.99998
472.80000	-8.99998
472.90000	-8.99998
473.00000	-8.99998
473.10000	-8.99998
473.20000	-8.99998
473.30000	-8.99998
473.40000	-8.99998
473.50000	-8.99998
473.60000	-8.99998
473.70000	-8.99997
473.80000	-8.99997
473.90000	-8.99997
474.00000	-8.99997
474.10000	-8.99997
474.20000	-8.99997
474.30000	-8.99997
474.40000	-8.99997
474.50000	-8.99997
474.60000	-8.99997
474.70000	-8.99997
474.80000	-8.99997
474.90000	-8.99997
475.00000	-8.99997
475.10000	-8.99997
475.20000	-8.99997
475.30000	-8.99997
475.40000	-8.99998
475.50000	-8.99998
475.60000	-8.99998
475.70000	-8.99998
475.80000	-8.99999
475.90000	-8.99999
476.00000	-8.99999
476.10000	-9.00000
476.20000	-9.00000
476.30000	-9.00001
476.40000	-9.00001
476.50000	-9.00002
476.60000	-9.00002
476.70000	-9.00003
476.80000	-9.00003
476.90000	-9.00004
477.00000	-9.00004
477.10000	-9.00005
477.20000	-9.00006
477.30000	-9.00006
477.40000	-9.00007
477.50000	-9.00007
477.60000	-9.00008
477.70000	-9.00009
477.80000	-9.00009
477.90000	-9.00010
478.00000	-9.00011
478.10000	-9.00011
478.20000	-9.00012
478.30000	-9.00013
478.40000	-9.00013
478.50000	-9.00014
478.60000	-9.00015
478.70000	-9.00015
478.80000	-9.00016
478.90000	-9.00016
479.00000	-9.00017
479.10000	-9.00017
479.20000	-9.00018
479.30000	-9.00018
479.40000	-9.00019
479.50000	-9.00019
479.60000	-9.00019
479.70000	-9.00020
479.80000	-9.00020
479.90000	-9.00020
480.00000	-9.00020
480.10000	-9.00020
480.20000	-9.00020
480.30000	-9.00021
480.40000	-9.00021
480.50000	-9.00021
480.60000	-9.00020
480.70000	-9.00020
480.80000	-9.00020
480.90000	-9.00020
481.00000	-9.00020
481.10000	-9.00020
481.20000	-9.00020
481.30000	-9.00019
481.40000	-9.00019
481.50000	-9.00019
481.60000	-9.00018
481.70000	-9.00018
481.80000	-9.00018
481.90000	-9.00017
482.00000	-9.00017
482.10000	-9.00016
482.20000	-9.00016
482.30000	-9.00015
482.40000	-9.00015
482.50000	-9.00014
482.60000	-9.00014
482.70000	-9.00014
482.80000	-9.00013
482.90000	-9.00013
483.00000	-9.00012
483.10000	-9.00012
483.20000	-9.00011
483.30000	-9.00011
483.40000	-9.00011
483.50000	-9.00010
483.60000	-9.00010
483.70000	-9.00010
483.80000	-9.00009
483.90000	-9.00009
484.00000	-9.00009
484.10000	-9.00009
484.20000	-9.00008
484.30000	-9.00008
484.40000	-9.00008
484.50000	-9.00008
484.60000	-9.00008
484.70000	-9.00008
484.80000	-9.00008
484.90000	-9.00008
485.00000	-9.00008
485.10000	-9.00009
485.20000	-9.00009
485.30000	-9.00009
485.40000	-9.00009
485.50000	-9.00010
485.60000	-9.00010
485.70000	-9.00010
485.80000	-9.00011
485.90000	-9.00011
486.00000	-9.00011
486.10000	-9.00012
486.20000	-9.00012
486.30000	-9.00013
486.40000	-9.00013
486.50000	-9.00014
486.60000	-9.00014
486.70000	-9.00015
486.80000	-9.00015
486.90000	-9.00016
487.00000	-9.00016
487.10000	-9.00017
487.20000	-9.00017
487.30000	-9.00018
487.40000	-9.00018
487.50000	-9.00018
487.60000	-9.00019
487.70000	-9.00019
487.80000	-9.00020
487.90000	-9.00020
488.00000	-9.00020
488.10000	-9.00021
488.20000	-9.00021
488.30000	-9.00021
488.40000	-9.00021
488.50000	-9.00022
488.60000	-9.00022
488.70000	-9.00022
488.80000	-9.00022
488.90000	-9.00022
489.00000	-9.00022
489.10000	-9.00022
489.20000	-9.00022
489.30000	-9.00022
489.40000	-9.00022
489.50000	-9.00021
489.60000	-9.00021
489.70000	-9.00021
489.80000	-9.00021
489.90000	-9.00020
490.00000	-9.00020
490.10000	-9.00019
490.20000	-9.00019
490.30000	-9.00019
490.40000	-9.00018
490.50000	-9.00018
490.60000	-9.00017
490.70000	-9.00017
490.80000	-9.00016
490.90000	-9.00015
491.00000	-9.00015
491.10000	-9.00014
491.20000	-9.00014
491.30000	-9.00013
491.40000	-9.00013
491.50000	-9.00012
491.60000	-9.00012
491.70000	-9.00011
491.80000	-9.00010
491.90000	-9.00010
492.00000	-9.00009
492.10000	-9.00009
492.20000	-9.00008
492.30000	-9.00008
492.40000	-9.00008
492.50000	-9.00007
492.60000	-9.00007
492.70000	-9.00007
492.80000	-9.00006
492.90000	-9.00006
493.00000	-9.00006
493.10000	-9.00005
493.20000	-9.00005
493.30000	-9.00005
493.40000	-9.00005
493.50000	-9.00005
493.60000	-9.00005
493.70000	-9.00005
493.80000	-9.00005
493.90000	-9.00005
494.00000	-9.00005
494.10000	-9.00005
494.20000	-9.00005
494.30000	-9.00005
494.40000	-9.00005
494.50000	-9.00006
494.60000	-9.00006
494.70000	-9.00006
494.80000	-9.00006
494.90000	-9.00006
495.00000	-9.00007
495.10000	-9.00007
495.20000	-9.00007
495.30000	-9.00007
495.40000	-9.00007
495.50000	-9.00008
495.60000	-9.00008
495.70000	-9.00008
495.80000	-9.00008
495.90000	-9.00009
496.00000	-9.00009
496.10000	-9.00009
496.20000	-9.00009
496.30000	-9.00009
496.40000	-9.00009
496.50000	-9.00009
496.60000	-9.00009
496.70000	-9.00009
496.80000	-9.00009
496.90000	-9.00009
497.00000	-9.00009
497.10000	-9.00009
497.20000	-9.00009
497.30000	-9.00008
497.40000	-9.00008
497.50000	-9.00008
497.60000	-9.00007
497.70000	-9.00007
497.80000	-9.00006
497.90000	-9.00006
498.00000	-9.00005
498.10000	-9.00005
498.20000	-9.00004
498.30000	-9.00004
498.40000	-9.00003
498.50000	-9.00002
498.60000	-9.00002
498.70000	-9.00001
498.80000	-9.00000
498.90000	-8.99999
499.00000	-8.99998
499.10000	-8.99997
499.20000	-8.99997
499.30000	-8.99996
499.40000	-8.99995
499.50000	-8.99994
499.60000	-8.99993
499.70000	-8.99992
499.80000	-8.99991
499.90000	-8.99990
500.00000	-8.99989
