WSM
F3OF
DT3
FLAP2
t(s)	FLAP2(deg)
0.00000	-0.00000
0.10000	-0.00000
0.20000	-0.00000
0.30000	-0.00000
0.40000	-0.00000
0.50000	-0.00000
0.60000	-0.00000
0.70000	-0.00000
0.80000	-0.00000
0.90000	-0.00000
1.00000	-0.00000
1.10000	-0.00000
1.20000	-0.00000
1.30000	-0.00000
1.40000	-0.00000
1.50000	-0.00000
1.60000	-0.00000
1.70000	-0.00000
1.80000	-0.00000
1.90000	-0.00000
2.00000	-0.00000
2.10000	-0.00000
2.20000	-0.00000
2.30000	-0.00000
2.40000	-0.00000
2.50000	-0.00000
2.60000	-0.00000
2.70000	-0.00000
2.80000	-0.00000
2.90000	-0.00000
3.00000	-0.00000
3.10000	-0.00000
3.20000	-0.00000
3.30000	-0.00000
3.40000	-0.00000
3.50000	-0.00000
3.60000	-0.00000
3.70000	-0.00000
3.80000	-0.00000
3.90000	-0.00000
4.00000	-0.00000
4.10000	-0.00000
4.20000	-0.00000
4.30000	-0.00000
4.40000	-0.00000
4.50000	-0.00000
4.60000	-0.00000
4.70000	-0.00000
4.80000	-0.00000
4.90000	-0.00000
5.00000	-0.00000
5.10000	-0.00000
5.20000	-0.00000
5.30000	-0.00000
5.40000	-0.00000
5.50000	-0.00000
5.60000	-0.00000
5.70000	-0.00000
5.80000	-0.00000
5.90000	-0.00000
6.00000	-0.00000
6.10000	-0.00000
6.20000	-0.00000
6.30000	-0.00000
6.40000	-0.00000
6.50000	-0.00000
6.60000	-0.00000
6.70000	-0.00000
6.80000	-0.00000
6.90000	-0.00000
7.00000	-0.00000
7.10000	-0.00000
7.20000	-0.00000
7.30000	-0.00000
7.40000	-0.00000
7.50000	-0.00000
7.60000	-0.00000
7.70000	-0.00000
7.80000	-0.00000
7.90000	-0.00000
8.00000	-0.00000
8.10000	-0.00000
8.20000	-0.00000
8.30000	-0.00000
8.40000	-0.00000
8.50000	-0.00000
8.60000	-0.00000
8.70000	-0.00000
8.80000	-0.00000
8.90000	-0.00000
9.00000	-0.00000
9.10000	-0.00000
9.20000	-0.00000
9.30000	-0.00000
9.40000	-0.00000
9.50000	-0.00000
9.60000	-0.00000
9.70000	-0.00000
9.80000	-0.00000
9.90000	-0.00000
10.00000	-0.00000
10.10000	-0.00000
10.20000	-0.00000
10.30000	-0.00000
10.40000	-0.00000
10.50000	-0.00000
10.60000	-0.00000
10.70000	-0.00000
10.80000	-0.00000
10.90000	-0.00000
11.00000	-0.00000
11.10000	-0.00000
11.20000	-0.00000
11.30000	-0.00000
11.40000	-0.00000
11.50000	-0.00000
11.60000	-0.00000
11.70000	-0.00000
11.80000	-0.00000
11.90000	-0.00000
12.00000	-0.00000
12.10000	-0.00000
12.20000	-0.00000
12.30000	-0.00000
12.40000	-0.00000
12.50000	-0.00000
12.60000	-0.00000
12.70000	-0.00000
12.80000	-0.00000
12.90000	-0.00000
13.00000	-0.00000
13.10000	-0.00000
13.20000	-0.00000
13.30000	-0.00000
13.40000	-0.00000
13.50000	-0.00000
13.60000	-0.00000
13.70000	-0.00000
13.80000	-0.00000
13.90000	-0.00000
14.00000	-0.00000
14.10000	-0.00000
14.20000	-0.00000
14.30000	-0.00000
14.40000	-0.00000
14.50000	-0.00000
14.60000	-0.00000
14.70000	-0.00000
14.80000	-0.00000
14.90000	-0.00000
15.00000	-0.00000
15.10000	-0.00000
15.20000	-0.00000
15.30000	-0.00000
15.40000	-0.00000
15.50000	-0.00000
15.60000	-0.00000
15.70000	-0.00000
15.80000	-0.00000
15.90000	-0.00000
16.00000	-0.00000
16.10000	-0.00000
16.20000	-0.00000
16.30000	-0.00000
16.40000	-0.00000
16.50000	-0.00000
16.60000	-0.00000
16.70000	-0.00000
16.80000	-0.00000
16.90000	-0.00000
17.00000	-0.00000
17.10000	-0.00000
17.20000	-0.00000
17.30000	-0.00000
17.40000	-0.00000
17.50000	-0.00000
17.60000	-0.00000
17.70000	-0.00000
17.80000	-0.00000
17.90000	-0.00000
18.00000	-0.00000
18.10000	-0.00000
18.20000	-0.00000
18.30000	-0.00000
18.40000	-0.00000
18.50000	-0.00000
18.60000	-0.00000
18.70000	-0.00000
18.80000	-0.00000
18.90000	-0.00000
19.00000	-0.00000
19.10000	-0.00000
19.20000	-0.00000
19.30000	-0.00000
19.40000	-0.00000
19.50000	-0.00000
19.60000	-0.00000
19.70000	-0.00000
19.80000	-0.00000
19.90000	-0.00000
20.00000	-0.00000
20.10000	-0.00000
20.20000	-0.00000
20.30000	-0.00000
20.40000	-0.00000
20.50000	-0.00000
20.60000	-0.00000
20.70000	-0.00000
20.80000	-0.00000
20.90000	-0.00000
21.00000	-0.00000
21.10000	-0.00000
21.20000	-0.00000
21.30000	-0.00000
21.40000	-0.00000
21.50000	-0.00000
21.60000	-0.00000
21.70000	-0.00000
21.80000	-0.00000
21.90000	-0.00000
22.00000	-0.00000
22.10000	-0.00000
22.20000	-0.00000
22.30000	-0.00000
22.40000	-0.00000
22.50000	-0.00000
22.60000	-0.00000
22.70000	-0.00000
22.80000	-0.00000
22.90000	-0.00000
23.00000	-0.00000
23.10000	-0.00000
23.20000	-0.00000
23.30000	-0.00000
23.40000	-0.00000
23.50000	-0.00000
23.60000	-0.00000
23.70000	-0.00000
23.80000	-0.00000
23.90000	-0.00000
24.00000	-0.00000
24.10000	-0.00000
24.20000	-0.00000
24.30000	-0.00000
24.40000	-0.00000
24.50000	-0.00000
24.60000	-0.00000
24.70000	-0.00000
24.80000	-0.00000
24.90000	-0.00000
25.00000	-0.00000
25.10000	-0.00000
25.20000	-0.00000
25.30000	-0.00000
25.40000	-0.00000
25.50000	-0.00000
25.60000	-0.00000
25.70000	-0.00000
25.80000	-0.00000
25.90000	-0.00000
26.00000	-0.00000
26.10000	-0.00000
26.20000	-0.00000
26.30000	-0.00000
26.40000	-0.00000
26.50000	-0.00000
26.60000	-0.00000
26.70000	-0.00000
26.80000	-0.00000
26.90000	-0.00000
27.00000	-0.00000
27.10000	-0.00000
27.20000	-0.00000
27.30000	-0.00000
27.40000	-0.00000
27.50000	-0.00000
27.60000	-0.00000
27.70000	-0.00000
27.80000	-0.00000
27.90000	-0.00000
28.00000	-0.00000
28.10000	-0.00000
28.20000	-0.00000
28.30000	-0.00000
28.40000	-0.00000
28.50000	-0.00000
28.60000	-0.00000
28.70000	-0.00000
28.80000	-0.00000
28.90000	-0.00000
29.00000	-0.00000
29.10000	-0.00000
29.20000	-0.00000
29.30000	-0.00000
29.40000	-0.00000
29.50000	-0.00000
29.60000	-0.00000
29.70000	-0.00000
29.80000	-0.00000
29.90000	-0.00000
30.00000	-0.00000
30.10000	-0.00000
30.20000	-0.00000
30.30000	-0.00000
30.40000	-0.00000
30.50000	-0.00000
30.60000	-0.00000
30.70000	-0.00000
30.80000	-0.00000
30.90000	-0.00000
31.00000	-0.00000
31.10000	-0.00000
31.20000	-0.00000
31.30000	-0.00000
31.40000	-0.00000
31.50000	-0.00000
31.60000	-0.00000
31.70000	-0.00000
31.80000	-0.00000
31.90000	-0.00000
32.00000	-0.00000
32.10000	-0.00000
32.20000	-0.00000
32.30000	-0.00000
32.40000	-0.00000
32.50000	-0.00000
32.60000	-0.00000
32.70000	-0.00000
32.80000	-0.00000
32.90000	-0.00000
33.00000	-0.00000
33.10000	-0.00000
33.20000	-0.00000
33.30000	-0.00000
33.40000	-0.00000
33.50000	-0.00000
33.60000	-0.00000
33.70000	-0.00000
33.80000	-0.00000
33.90000	-0.00000
34.00000	-0.00000
34.10000	-0.00000
34.20000	-0.00000
34.30000	-0.00000
34.40000	-0.00000
34.50000	-0.00000
34.60000	-0.00000
34.70000	-0.00000
34.80000	-0.00000
34.90000	-0.00000
35.00000	-0.00000
35.10000	-0.00000
35.20000	-0.00000
35.30000	-0.00000
35.40000	-0.00000
35.50000	-0.00000
35.60000	-0.00000
35.70000	-0.00000
35.80000	-0.00000
35.90000	-0.00000
36.00000	-0.00000
36.10000	-0.00000
36.20000	-0.00000
36.30000	-0.00000
36.40000	-0.00000
36.50000	-0.00000
36.60000	-0.00000
36.70000	-0.00000
36.80000	-0.00000
36.90000	-0.00000
37.00000	-0.00000
37.10000	-0.00000
37.20000	-0.00000
37.30000	-0.00000
37.40000	-0.00000
37.50000	-0.00000
37.60000	-0.00000
37.70000	-0.00000
37.80000	-0.00000
37.90000	-0.00000
38.00000	-0.00000
38.10000	-0.00000
38.20000	-0.00000
38.30000	-0.00000
38.40000	-0.00000
38.50000	-0.00000
38.60000	-0.00000
38.70000	-0.00000
38.80000	-0.00000
38.90000	-0.00000
39.00000	-0.00000
39.10000	-0.00000
39.20000	-0.00000
39.30000	-0.00000
39.40000	-0.00000
39.50000	-0.00000
39.60000	-0.00000
39.70000	-0.00000
39.80000	-0.00000
39.90000	-0.00000
40.00000	-0.00000
40.10000	-0.00000
40.20000	-0.00000
40.30000	-0.00000
40.40000	-0.00000
40.50000	-0.00000
40.60000	-0.00000
40.70000	-0.00000
40.80000	-0.00000
40.90000	-0.00000
41.00000	-0.00000
41.10000	-0.00000
41.20000	-0.00000
41.30000	-0.00000
41.40000	-0.00000
41.50000	-0.00000
41.60000	-0.00000
41.70000	-0.00000
41.80000	-0.00000
41.90000	-0.00000
42.00000	-0.00000
42.10000	-0.00000
42.20000	-0.00000
42.30000	-0.00000
42.40000	-0.00000
42.50000	-0.00000
42.60000	-0.00000
42.70000	-0.00000
42.80000	-0.00000
42.90000	-0.00000
43.00000	-0.00000
43.10000	-0.00000
43.20000	-0.00000
43.30000	-0.00000
43.40000	-0.00000
43.50000	-0.00000
43.60000	-0.00000
43.70000	-0.00000
43.80000	-0.00000
43.90000	-0.00000
44.00000	-0.00000
44.10000	-0.00000
44.20000	-0.00000
44.30000	-0.00000
44.40000	-0.00000
44.50000	-0.00000
44.60000	-0.00000
44.70000	-0.00000
44.80000	-0.00000
44.90000	-0.00000
45.00000	-0.00000
45.10000	-0.00000
45.20000	-0.00000
45.30000	-0.00000
45.40000	-0.00000
45.50000	-0.00000
45.60000	-0.00000
45.70000	-0.00000
45.80000	-0.00000
45.90000	-0.00000
46.00000	-0.00000
46.10000	-0.00000
46.20000	-0.00000
46.30000	-0.00000
46.40000	-0.00000
46.50000	-0.00000
46.60000	-0.00000
46.70000	-0.00000
46.80000	-0.00000
46.90000	-0.00000
47.00000	-0.00000
47.10000	-0.00000
47.20000	-0.00000
47.30000	-0.00000
47.40000	-0.00000
47.50000	-0.00000
47.60000	-0.00000
47.70000	-0.00000
47.80000	-0.00000
47.90000	-0.00000
48.00000	-0.00000
48.10000	-0.00000
48.20000	-0.00000
48.30000	-0.00000
48.40000	-0.00000
48.50000	-0.00000
48.60000	-0.00000
48.70000	-0.00000
48.80000	-0.00000
48.90000	-0.00000
49.00000	-0.00000
49.10000	-0.00000
49.20000	-0.00000
49.30000	-0.00000
49.40000	-0.00000
49.50000	-0.00000
49.60000	-0.00000
49.70000	-0.00000
49.80000	-0.00000
49.90000	-0.00000
50.00000	-0.00000
50.10000	-0.00000
50.20000	-0.00000
50.30000	-0.00000
50.40000	-0.00000
50.50000	-0.00000
50.60000	-0.00000
50.70000	-0.00000
50.80000	-0.00000
50.90000	-0.00000
51.00000	-0.00000
51.10000	-0.00000
51.20000	-0.00000
51.30000	-0.00000
51.40000	-0.00000
51.50000	-0.00000
51.60000	-0.00000
51.70000	-0.00000
51.80000	-0.00000
51.90000	-0.00000
52.00000	-0.00000
52.10000	-0.00000
52.20000	-0.00000
52.30000	-0.00000
52.40000	-0.00000
52.50000	-0.00000
52.60000	-0.00000
52.70000	-0.00000
52.80000	-0.00000
52.90000	-0.00000
53.00000	-0.00000
53.10000	-0.00000
53.20000	-0.00000
53.30000	-0.00000
53.40000	-0.00000
53.50000	-0.00000
53.60000	-0.00000
53.70000	-0.00000
53.80000	-0.00000
53.90000	-0.00000
54.00000	-0.00000
54.10000	-0.00000
54.20000	-0.00000
54.30000	-0.00000
54.40000	-0.00000
54.50000	-0.00000
54.60000	-0.00000
54.70000	-0.00000
54.80000	-0.00000
54.90000	-0.00000
55.00000	-0.00000
55.10000	-0.00000
55.20000	-0.00000
55.30000	-0.00000
55.40000	-0.00000
55.50000	-0.00000
55.60000	-0.00000
55.70000	-0.00000
55.80000	-0.00000
55.90000	-0.00000
56.00000	-0.00000
56.10000	-0.00000
56.20000	-0.00000
56.30000	-0.00000
56.40000	-0.00000
56.50000	-0.00000
56.60000	-0.00000
56.70000	-0.00000
56.80000	-0.00000
56.90000	-0.00000
57.00000	-0.00000
57.10000	-0.00000
57.20000	-0.00000
57.30000	-0.00000
57.40000	-0.00000
57.50000	-0.00000
57.60000	-0.00000
57.70000	-0.00000
57.80000	-0.00000
57.90000	-0.00000
58.00000	-0.00000
58.10000	-0.00000
58.20000	-0.00000
58.30000	-0.00000
58.40000	-0.00000
58.50000	-0.00000
58.60000	-0.00000
58.70000	-0.00000
58.80000	-0.00000
58.90000	-0.00000
59.00000	-0.00000
59.10000	-0.00000
59.20000	-0.00000
59.30000	-0.00000
59.40000	-0.00000
59.50000	-0.00000
59.60000	-0.00000
59.70000	-0.00000
59.80000	-0.00000
59.90000	-0.00000
60.00000	-0.00000
60.10000	-0.00000
60.20000	-0.00000
60.30000	-0.00000
60.40000	-0.00000
60.50000	-0.00000
60.60000	-0.00000
60.70000	-0.00000
60.80000	-0.00000
60.90000	-0.00000
61.00000	-0.00000
61.10000	-0.00000
61.20000	-0.00000
61.30000	-0.00000
61.40000	-0.00000
61.50000	-0.00000
61.60000	-0.00000
61.70000	-0.00000
61.80000	-0.00000
61.90000	-0.00000
62.00000	-0.00000
62.10000	-0.00000
62.20000	-0.00000
62.30000	-0.00000
62.40000	-0.00000
62.50000	-0.00000
62.60000	-0.00000
62.70000	-0.00000
62.80000	-0.00000
62.90000	-0.00000
63.00000	-0.00000
63.10000	-0.00000
63.20000	-0.00000
63.30000	-0.00000
63.40000	-0.00000
63.50000	-0.00000
63.60000	-0.00000
63.70000	-0.00000
63.80000	-0.00000
63.90000	-0.00000
64.00000	-0.00000
64.10000	-0.00000
64.20000	-0.00000
64.30000	-0.00000
64.40000	-0.00000
64.50000	-0.00000
64.60000	-0.00000
64.70000	-0.00000
64.80000	-0.00000
64.90000	-0.00000
65.00000	-0.00000
65.10000	-0.00000
65.20000	-0.00000
65.30000	-0.00000
65.40000	-0.00000
65.50000	-0.00000
65.60000	-0.00000
65.70000	-0.00000
65.80000	-0.00000
65.90000	-0.00000
66.00000	-0.00000
66.10000	-0.00000
66.20000	-0.00000
66.30000	-0.00000
66.40000	-0.00000
66.50000	-0.00000
66.60000	-0.00000
66.70000	-0.00000
66.80000	-0.00000
66.90000	-0.00000
67.00000	-0.00000
67.10000	-0.00000
67.20000	-0.00000
67.30000	-0.00000
67.40000	-0.00000
67.50000	-0.00000
67.60000	-0.00000
67.70000	-0.00000
67.80000	-0.00000
67.90000	-0.00000
68.00000	-0.00000
68.10000	-0.00000
68.20000	-0.00000
68.30000	-0.00000
68.40000	-0.00000
68.50000	-0.00000
68.60000	-0.00000
68.70000	-0.00000
68.80000	-0.00000
68.90000	-0.00000
69.00000	-0.00000
69.10000	-0.00000
69.20000	-0.00000
69.30000	-0.00000
69.40000	-0.00000
69.50000	-0.00000
69.60000	-0.00000
69.70000	-0.00000
69.80000	-0.00000
69.90000	-0.00000
70.00000	-0.00000
70.10000	-0.00000
70.20000	-0.00000
70.30000	-0.00000
70.40000	-0.00000
70.50000	-0.00000
70.60000	-0.00000
70.70000	-0.00000
70.80000	-0.00000
70.90000	-0.00000
71.00000	-0.00000
71.10000	-0.00000
71.20000	-0.00000
71.30000	-0.00000
71.40000	-0.00000
71.50000	-0.00000
71.60000	-0.00000
71.70000	-0.00000
71.80000	-0.00000
71.90000	-0.00000
72.00000	-0.00000
72.10000	-0.00000
72.20000	-0.00000
72.30000	-0.00000
72.40000	-0.00000
72.50000	-0.00000
72.60000	-0.00000
72.70000	-0.00000
72.80000	-0.00000
72.90000	-0.00000
73.00000	-0.00000
73.10000	-0.00000
73.20000	-0.00000
73.30000	-0.00000
73.40000	-0.00000
73.50000	-0.00000
73.60000	-0.00000
73.70000	-0.00000
73.80000	-0.00000
73.90000	-0.00000
74.00000	-0.00000
74.10000	-0.00000
74.20000	-0.00000
74.30000	-0.00000
74.40000	-0.00000
74.50000	-0.00000
74.60000	-0.00000
74.70000	-0.00000
74.80000	-0.00000
74.90000	-0.00000
75.00000	-0.00000
75.10000	-0.00000
75.20000	-0.00000
75.30000	-0.00000
75.40000	-0.00000
75.50000	-0.00000
75.60000	-0.00000
75.70000	-0.00000
75.80000	-0.00000
75.90000	-0.00000
76.00000	-0.00000
76.10000	-0.00000
76.20000	-0.00000
76.30000	-0.00000
76.40000	-0.00000
76.50000	-0.00000
76.60000	-0.00000
76.70000	-0.00000
76.80000	-0.00000
76.90000	-0.00000
77.00000	-0.00000
77.10000	-0.00000
77.20000	-0.00000
77.30000	-0.00000
77.40000	-0.00000
77.50000	-0.00000
77.60000	-0.00000
77.70000	-0.00000
77.80000	-0.00000
77.90000	-0.00000
78.00000	-0.00000
78.10000	-0.00000
78.20000	-0.00000
78.30000	-0.00000
78.40000	-0.00000
78.50000	-0.00000
78.60000	-0.00000
78.70000	-0.00000
78.80000	-0.00000
78.90000	-0.00000
79.00000	-0.00000
79.10000	-0.00000
79.20000	-0.00000
79.30000	-0.00000
79.40000	-0.00000
79.50000	-0.00000
79.60000	-0.00000
79.70000	-0.00000
79.80000	-0.00000
79.90000	-0.00000
80.00000	-0.00000
80.10000	-0.00000
80.20000	-0.00000
80.30000	-0.00000
80.40000	-0.00000
80.50000	-0.00000
80.60000	-0.00000
80.70000	-0.00000
80.80000	-0.00000
80.90000	-0.00000
81.00000	-0.00000
81.10000	-0.00000
81.20000	-0.00000
81.30000	-0.00000
81.40000	-0.00000
81.50000	-0.00000
81.60000	-0.00000
81.70000	-0.00000
81.80000	-0.00000
81.90000	-0.00000
82.00000	-0.00000
82.10000	-0.00000
82.20000	-0.00000
82.30000	-0.00000
82.40000	-0.00000
82.50000	-0.00000
82.60000	-0.00000
82.70000	-0.00000
82.80000	-0.00000
82.90000	-0.00000
83.00000	-0.00000
83.10000	-0.00000
83.20000	-0.00000
83.30000	-0.00000
83.40000	-0.00000
83.50000	-0.00000
83.60000	-0.00000
83.70000	-0.00000
83.80000	-0.00000
83.90000	-0.00000
84.00000	-0.00000
84.10000	-0.00000
84.20000	-0.00000
84.30000	-0.00000
84.40000	-0.00000
84.50000	-0.00000
84.60000	-0.00000
84.70000	-0.00000
84.80000	-0.00000
84.90000	-0.00000
85.00000	-0.00000
85.10000	-0.00000
85.20000	-0.00000
85.30000	-0.00000
85.40000	-0.00000
85.50000	-0.00000
85.60000	-0.00000
85.70000	-0.00000
85.80000	-0.00000
85.90000	-0.00000
86.00000	-0.00000
86.10000	-0.00000
86.20000	-0.00000
86.30000	-0.00000
86.40000	-0.00000
86.50000	-0.00000
86.60000	-0.00000
86.70000	-0.00000
86.80000	-0.00000
86.90000	-0.00000
87.00000	-0.00000
87.10000	-0.00000
87.20000	-0.00000
87.30000	-0.00000
87.40000	-0.00000
87.50000	-0.00000
87.60000	-0.00000
87.70000	-0.00000
87.80000	-0.00000
87.90000	-0.00000
88.00000	-0.00000
88.10000	-0.00000
88.20000	-0.00000
88.30000	-0.00000
88.40000	-0.00000
88.50000	-0.00000
88.60000	-0.00000
88.70000	-0.00000
88.80000	-0.00000
88.90000	-0.00000
89.00000	-0.00000
89.10000	-0.00000
89.20000	-0.00000
89.30000	-0.00000
89.40000	-0.00000
89.50000	-0.00000
89.60000	-0.00000
89.70000	-0.00000
89.80000	-0.00000
89.90000	-0.00000
90.00000	-0.00000
90.10000	-0.00000
90.20000	-0.00000
90.30000	-0.00000
90.40000	-0.00000
90.50000	-0.00000
90.60000	-0.00000
90.70000	-0.00000
90.80000	-0.00000
90.90000	-0.00000
91.00000	-0.00000
91.10000	-0.00000
91.20000	-0.00000
91.30000	-0.00000
91.40000	-0.00000
91.50000	-0.00000
91.60000	-0.00000
91.70000	-0.00000
91.80000	-0.00000
91.90000	-0.00000
92.00000	-0.00000
92.10000	-0.00000
92.20000	-0.00000
92.30000	-0.00000
92.40000	-0.00000
92.50000	-0.00000
92.60000	-0.00000
92.70000	-0.00000
92.80000	-0.00000
92.90000	-0.00000
93.00000	-0.00000
93.10000	-0.00000
93.20000	-0.00000
93.30000	-0.00000
93.40000	-0.00000
93.50000	-0.00000
93.60000	-0.00000
93.70000	-0.00000
93.80000	-0.00000
93.90000	-0.00000
94.00000	-0.00000
94.10000	-0.00000
94.20000	-0.00000
94.30000	-0.00000
94.40000	-0.00000
94.50000	-0.00000
94.60000	-0.00000
94.70000	-0.00000
94.80000	-0.00000
94.90000	-0.00000
95.00000	-0.00000
95.10000	-0.00000
95.20000	-0.00000
95.30000	-0.00000
95.40000	-0.00000
95.50000	-0.00000
95.60000	-0.00000
95.70000	-0.00000
95.80000	-0.00000
95.90000	-0.00000
96.00000	-0.00000
96.10000	-0.00000
96.20000	-0.00000
96.30000	-0.00000
96.40000	-0.00000
96.50000	-0.00000
96.60000	-0.00000
96.70000	-0.00000
96.80000	-0.00000
96.90000	-0.00000
97.00000	-0.00000
97.10000	-0.00000
97.20000	-0.00000
97.30000	-0.00000
97.40000	-0.00000
97.50000	-0.00000
97.60000	-0.00000
97.70000	-0.00000
97.80000	-0.00000
97.90000	-0.00000
98.00000	-0.00000
98.10000	-0.00000
98.20000	-0.00000
98.30000	-0.00000
98.40000	-0.00000
98.50000	-0.00000
98.60000	-0.00000
98.70000	-0.00000
98.80000	-0.00000
98.90000	-0.00000
99.00000	-0.00000
99.10000	-0.00000
99.20000	-0.00000
99.30000	-0.00000
99.40000	-0.00000
99.50000	-0.00000
99.60000	-0.00000
99.70000	-0.00000
99.80000	-0.00000
99.90000	-0.00000
100.00000	-0.00000
100.10000	-0.00000
100.20000	-0.00000
100.30000	-0.00000
100.40000	-0.00000
100.50000	-0.00000
100.60000	-0.00000
100.70000	-0.00000
100.80000	-0.00000
100.90000	-0.00000
101.00000	-0.00000
101.10000	-0.00000
101.20000	-0.00000
101.30000	-0.00000
101.40000	-0.00000
101.50000	-0.00000
101.60000	-0.00000
101.70000	-0.00000
101.80000	-0.00000
101.90000	-0.00000
102.00000	-0.00000
102.10000	-0.00000
102.20000	-0.00000
102.30000	-0.00000
102.40000	-0.00000
102.50000	-0.00000
102.60000	-0.00000
102.70000	-0.00000
102.80000	-0.00000
102.90000	-0.00000
103.00000	-0.00000
103.10000	-0.00000
103.20000	-0.00000
103.30000	-0.00000
103.40000	-0.00000
103.50000	-0.00000
103.60000	-0.00000
103.70000	-0.00000
103.80000	-0.00000
103.90000	-0.00000
104.00000	-0.00000
104.10000	-0.00000
104.20000	-0.00000
104.30000	-0.00000
104.40000	-0.00000
104.50000	-0.00000
104.60000	-0.00000
104.70000	-0.00000
104.80000	-0.00000
104.90000	-0.00000
105.00000	-0.00000
105.10000	-0.00000
105.20000	-0.00000
105.30000	-0.00000
105.40000	-0.00000
105.50000	-0.00000
105.60000	-0.00000
105.70000	-0.00000
105.80000	-0.00000
105.90000	-0.00000
106.00000	-0.00000
106.10000	-0.00000
106.20000	-0.00000
106.30000	-0.00000
106.40000	-0.00000
106.50000	-0.00000
106.60000	-0.00000
106.70000	-0.00000
106.80000	-0.00000
106.90000	-0.00000
107.00000	-0.00000
107.10000	-0.00000
107.20000	-0.00000
107.30000	-0.00000
107.40000	-0.00000
107.50000	-0.00000
107.60000	-0.00000
107.70000	-0.00000
107.80000	-0.00000
107.90000	-0.00000
108.00000	-0.00000
108.10000	-0.00000
108.20000	-0.00000
108.30000	-0.00000
108.40000	-0.00000
108.50000	-0.00000
108.60000	-0.00000
108.70000	-0.00000
108.80000	-0.00000
108.90000	-0.00000
109.00000	-0.00000
109.10000	-0.00000
109.20000	-0.00000
109.30000	-0.00000
109.40000	-0.00000
109.50000	-0.00000
109.60000	-0.00000
109.70000	-0.00000
109.80000	-0.00000
109.90000	-0.00000
110.00000	-0.00000
110.10000	-0.00000
110.20000	-0.00000
110.30000	-0.00000
110.40000	-0.00000
110.50000	-0.00000
110.60000	-0.00000
110.70000	-0.00000
110.80000	-0.00000
110.90000	-0.00000
111.00000	-0.00000
111.10000	-0.00000
111.20000	-0.00000
111.30000	-0.00000
111.40000	-0.00000
111.50000	-0.00000
111.60000	-0.00000
111.70000	-0.00000
111.80000	-0.00000
111.90000	-0.00000
112.00000	-0.00000
112.10000	-0.00000
112.20000	-0.00000
112.30000	-0.00000
112.40000	-0.00000
112.50000	-0.00000
112.60000	-0.00000
112.70000	-0.00000
112.80000	-0.00000
112.90000	-0.00000
113.00000	-0.00000
113.10000	-0.00000
113.20000	-0.00000
113.30000	-0.00000
113.40000	-0.00000
113.50000	-0.00000
113.60000	-0.00000
113.70000	-0.00000
113.80000	-0.00000
113.90000	-0.00000
114.00000	-0.00000
114.10000	-0.00000
114.20000	-0.00000
114.30000	-0.00000
114.40000	-0.00000
114.50000	-0.00000
114.60000	-0.00000
114.70000	-0.00000
114.80000	-0.00000
114.90000	-0.00000
115.00000	-0.00000
115.10000	-0.00000
115.20000	-0.00000
115.30000	-0.00000
115.40000	-0.00000
115.50000	-0.00000
115.60000	-0.00000
115.70000	-0.00000
115.80000	-0.00000
115.90000	-0.00000
116.00000	-0.00000
116.10000	-0.00000
116.20000	-0.00000
116.30000	-0.00000
116.40000	-0.00000
116.50000	-0.00000
116.60000	-0.00000
116.70000	-0.00000
116.80000	-0.00000
116.90000	-0.00000
117.00000	-0.00000
117.10000	-0.00000
117.20000	-0.00000
117.30000	-0.00000
117.40000	-0.00000
117.50000	-0.00000
117.60000	-0.00000
117.70000	-0.00000
117.80000	-0.00000
117.90000	-0.00000
118.00000	-0.00000
118.10000	-0.00000
118.20000	-0.00000
118.30000	-0.00000
118.40000	-0.00000
118.50000	-0.00000
118.60000	-0.00000
118.70000	-0.00000
118.80000	-0.00000
118.90000	-0.00000
119.00000	-0.00000
119.10000	-0.00000
119.20000	-0.00000
119.30000	-0.00000
119.40000	-0.00000
119.50000	-0.00000
119.60000	-0.00000
119.70000	-0.00000
119.80000	-0.00000
119.90000	-0.00000
120.00000	-0.00000
120.10000	-0.00000
120.20000	-0.00000
120.30000	-0.00000
120.40000	-0.00000
120.50000	-0.00000
120.60000	-0.00000
120.70000	-0.00000
120.80000	-0.00000
120.90000	-0.00000
121.00000	-0.00000
121.10000	-0.00000
121.20000	-0.00000
121.30000	-0.00000
121.40000	-0.00000
121.50000	-0.00000
121.60000	-0.00000
121.70000	-0.00000
121.80000	-0.00000
121.90000	-0.00000
122.00000	-0.00000
122.10000	-0.00000
122.20000	-0.00000
122.30000	-0.00000
122.40000	-0.00000
122.50000	-0.00000
122.60000	-0.00000
122.70000	-0.00000
122.80000	-0.00000
122.90000	-0.00000
123.00000	-0.00000
123.10000	-0.00000
123.20000	-0.00000
123.30000	-0.00000
123.40000	-0.00000
123.50000	-0.00000
123.60000	-0.00000
123.70000	-0.00000
123.80000	-0.00000
123.90000	-0.00000
124.00000	-0.00000
124.10000	-0.00000
124.20000	-0.00000
124.30000	-0.00000
124.40000	-0.00000
124.50000	-0.00000
124.60000	-0.00000
124.70000	-0.00000
124.80000	-0.00000
124.90000	-0.00000
125.00000	-0.00000
125.10000	-0.00000
125.20000	-0.00000
125.30000	-0.00000
125.40000	-0.00000
125.50000	-0.00000
125.60000	-0.00000
125.70000	-0.00000
125.80000	-0.00000
125.90000	-0.00000
126.00000	-0.00000
126.10000	-0.00000
126.20000	-0.00000
126.30000	-0.00000
126.40000	-0.00000
126.50000	-0.00000
126.60000	-0.00000
126.70000	-0.00000
126.80000	-0.00000
126.90000	-0.00000
127.00000	-0.00000
127.10000	-0.00000
127.20000	-0.00000
127.30000	-0.00000
127.40000	-0.00000
127.50000	-0.00000
127.60000	-0.00000
127.70000	-0.00000
127.80000	-0.00000
127.90000	-0.00000
128.00000	-0.00000
128.10000	-0.00000
128.20000	-0.00000
128.30000	-0.00000
128.40000	-0.00000
128.50000	-0.00000
128.60000	-0.00000
128.70000	-0.00000
128.80000	-0.00000
128.90000	-0.00000
129.00000	-0.00000
129.10000	-0.00000
129.20000	-0.00000
129.30000	-0.00000
129.40000	-0.00000
129.50000	-0.00000
129.60000	-0.00000
129.70000	-0.00000
129.80000	-0.00000
129.90000	-0.00000
130.00000	-0.00000
130.10000	-0.00000
130.20000	-0.00000
130.30000	-0.00000
130.40000	-0.00000
130.50000	-0.00000
130.60000	-0.00000
130.70000	-0.00000
130.80000	-0.00000
130.90000	-0.00000
131.00000	-0.00000
131.10000	-0.00000
131.20000	-0.00000
131.30000	-0.00000
131.40000	-0.00000
131.50000	-0.00000
131.60000	-0.00000
131.70000	-0.00000
131.80000	-0.00000
131.90000	-0.00000
132.00000	-0.00000
132.10000	-0.00000
132.20000	-0.00000
132.30000	-0.00000
132.40000	-0.00000
132.50000	-0.00000
132.60000	-0.00000
132.70000	-0.00000
132.80000	-0.00000
132.90000	-0.00000
133.00000	-0.00000
133.10000	-0.00000
133.20000	-0.00000
133.30000	-0.00000
133.40000	-0.00000
133.50000	-0.00000
133.60000	-0.00000
133.70000	-0.00000
133.80000	-0.00000
133.90000	-0.00000
134.00000	-0.00000
134.10000	-0.00000
134.20000	-0.00000
134.30000	-0.00000
134.40000	-0.00000
134.50000	-0.00000
134.60000	-0.00000
134.70000	-0.00000
134.80000	-0.00000
134.90000	-0.00000
135.00000	-0.00000
135.10000	-0.00000
135.20000	-0.00000
135.30000	-0.00000
135.40000	-0.00000
135.50000	-0.00000
135.60000	-0.00000
135.70000	-0.00000
135.80000	-0.00000
135.90000	-0.00000
136.00000	-0.00000
136.10000	-0.00000
136.20000	-0.00000
136.30000	-0.00000
136.40000	-0.00000
136.50000	-0.00000
136.60000	-0.00000
136.70000	-0.00000
136.80000	-0.00000
136.90000	-0.00000
137.00000	-0.00000
137.10000	-0.00000
137.20000	-0.00000
137.30000	-0.00000
137.40000	-0.00000
137.50000	-0.00000
137.60000	-0.00000
137.70000	-0.00000
137.80000	-0.00000
137.90000	-0.00000
138.00000	-0.00000
138.10000	-0.00000
138.20000	-0.00000
138.30000	-0.00000
138.40000	-0.00000
138.50000	-0.00000
138.60000	-0.00000
138.70000	-0.00000
138.80000	-0.00000
138.90000	-0.00000
139.00000	-0.00000
139.10000	-0.00000
139.20000	-0.00000
139.30000	-0.00000
139.40000	-0.00000
139.50000	-0.00000
139.60000	-0.00000
139.70000	-0.00000
139.80000	-0.00000
139.90000	-0.00000
140.00000	-0.00000
140.10000	-0.00000
140.20000	-0.00000
140.30000	-0.00000
140.40000	-0.00000
140.50000	-0.00000
140.60000	-0.00000
140.70000	-0.00000
140.80000	-0.00000
140.90000	-0.00000
141.00000	-0.00000
141.10000	-0.00000
141.20000	-0.00000
141.30000	-0.00000
141.40000	-0.00000
141.50000	-0.00000
141.60000	-0.00000
141.70000	-0.00000
141.80000	-0.00000
141.90000	-0.00000
142.00000	-0.00000
142.10000	-0.00000
142.20000	-0.00000
142.30000	-0.00000
142.40000	-0.00000
142.50000	-0.00000
142.60000	-0.00000
142.70000	-0.00000
142.80000	-0.00000
142.90000	-0.00000
143.00000	-0.00000
143.10000	-0.00000
143.20000	-0.00000
143.30000	-0.00000
143.40000	-0.00000
143.50000	-0.00000
143.60000	-0.00000
143.70000	-0.00000
143.80000	-0.00000
143.90000	-0.00000
144.00000	-0.00000
144.10000	-0.00000
144.20000	-0.00000
144.30000	-0.00000
144.40000	-0.00000
144.50000	-0.00000
144.60000	-0.00000
144.70000	-0.00000
144.80000	-0.00000
144.90000	-0.00000
145.00000	-0.00000
145.10000	-0.00000
145.20000	-0.00000
145.30000	-0.00000
145.40000	-0.00000
145.50000	-0.00000
145.60000	-0.00000
145.70000	-0.00000
145.80000	-0.00000
145.90000	-0.00000
146.00000	-0.00000
146.10000	-0.00000
146.20000	-0.00000
146.30000	-0.00000
146.40000	-0.00000
146.50000	-0.00000
146.60000	-0.00000
146.70000	-0.00000
146.80000	-0.00000
146.90000	-0.00000
147.00000	-0.00000
147.10000	-0.00000
147.20000	-0.00000
147.30000	-0.00000
147.40000	-0.00000
147.50000	-0.00000
147.60000	-0.00000
147.70000	-0.00000
147.80000	-0.00000
147.90000	-0.00000
148.00000	-0.00000
148.10000	-0.00000
148.20000	-0.00000
148.30000	-0.00000
148.40000	-0.00000
148.50000	-0.00000
148.60000	-0.00000
148.70000	-0.00000
148.80000	-0.00000
148.90000	-0.00000
149.00000	-0.00000
149.10000	-0.00000
149.20000	-0.00000
149.30000	-0.00000
149.40000	-0.00000
149.50000	-0.00000
149.60000	-0.00000
149.70000	-0.00000
149.80000	-0.00000
149.90000	-0.00000
150.00000	-0.00000
150.10000	-0.00000
150.20000	-0.00000
150.30000	-0.00000
150.40000	-0.00000
150.50000	-0.00000
150.60000	-0.00000
150.70000	-0.00000
150.80000	-0.00000
150.90000	-0.00000
151.00000	-0.00000
151.10000	-0.00000
151.20000	-0.00000
151.30000	-0.00000
151.40000	-0.00000
151.50000	-0.00000
151.60000	-0.00000
151.70000	-0.00000
151.80000	-0.00000
151.90000	-0.00000
152.00000	-0.00000
152.10000	-0.00000
152.20000	-0.00000
152.30000	-0.00000
152.40000	-0.00000
152.50000	-0.00000
152.60000	-0.00000
152.70000	-0.00000
152.80000	-0.00000
152.90000	-0.00000
153.00000	-0.00000
153.10000	-0.00000
153.20000	-0.00000
153.30000	-0.00000
153.40000	-0.00000
153.50000	-0.00000
153.60000	-0.00000
153.70000	-0.00000
153.80000	-0.00000
153.90000	-0.00000
154.00000	-0.00000
154.10000	-0.00000
154.20000	-0.00000
154.30000	-0.00000
154.40000	-0.00000
154.50000	-0.00000
154.60000	-0.00000
154.70000	-0.00000
154.80000	-0.00000
154.90000	-0.00000
155.00000	-0.00000
155.10000	-0.00000
155.20000	-0.00000
155.30000	-0.00000
155.40000	-0.00000
155.50000	-0.00000
155.60000	-0.00000
155.70000	-0.00000
155.80000	-0.00000
155.90000	-0.00000
156.00000	-0.00000
156.10000	-0.00000
156.20000	-0.00000
156.30000	-0.00000
156.40000	-0.00000
156.50000	-0.00000
156.60000	-0.00000
156.70000	-0.00000
156.80000	-0.00000
156.90000	-0.00000
157.00000	-0.00000
157.10000	-0.00000
157.20000	-0.00000
157.30000	-0.00000
157.40000	-0.00000
157.50000	-0.00000
157.60000	-0.00000
157.70000	-0.00000
157.80000	-0.00000
157.90000	-0.00000
158.00000	-0.00000
158.10000	-0.00000
158.20000	-0.00000
158.30000	-0.00000
158.40000	-0.00000
158.50000	-0.00000
158.60000	-0.00000
158.70000	-0.00000
158.80000	-0.00000
158.90000	-0.00000
159.00000	-0.00000
159.10000	-0.00000
159.20000	-0.00000
159.30000	-0.00000
159.40000	-0.00000
159.50000	-0.00000
159.60000	-0.00000
159.70000	-0.00000
159.80000	-0.00000
159.90000	-0.00000
160.00000	-0.00000
160.10000	-0.00000
160.20000	-0.00000
160.30000	-0.00000
160.40000	-0.00000
160.50000	-0.00000
160.60000	-0.00000
160.70000	-0.00000
160.80000	-0.00000
160.90000	-0.00000
161.00000	-0.00000
161.10000	-0.00000
161.20000	-0.00000
161.30000	-0.00000
161.40000	-0.00000
161.50000	-0.00000
161.60000	-0.00000
161.70000	-0.00000
161.80000	-0.00000
161.90000	-0.00000
162.00000	-0.00000
162.10000	-0.00000
162.20000	-0.00000
162.30000	-0.00000
162.40000	-0.00000
162.50000	-0.00000
162.60000	-0.00000
162.70000	-0.00000
162.80000	-0.00000
162.90000	-0.00000
163.00000	-0.00000
163.10000	-0.00000
163.20000	-0.00000
163.30000	-0.00000
163.40000	-0.00000
163.50000	-0.00000
163.60000	-0.00000
163.70000	-0.00000
163.80000	-0.00000
163.90000	-0.00000
164.00000	-0.00000
164.10000	-0.00000
164.20000	-0.00000
164.30000	-0.00000
164.40000	-0.00000
164.50000	-0.00000
164.60000	-0.00000
164.70000	-0.00000
164.80000	-0.00000
164.90000	-0.00000
165.00000	-0.00000
165.10000	-0.00000
165.20000	-0.00000
165.30000	-0.00000
165.40000	-0.00000
165.50000	-0.00000
165.60000	-0.00000
165.70000	-0.00000
165.80000	-0.00000
165.90000	-0.00000
166.00000	-0.00000
166.10000	-0.00000
166.20000	-0.00000
166.30000	-0.00000
166.40000	-0.00000
166.50000	-0.00000
166.60000	-0.00000
166.70000	-0.00000
166.80000	-0.00000
166.90000	-0.00000
167.00000	-0.00000
167.10000	-0.00000
167.20000	-0.00000
167.30000	-0.00000
167.40000	-0.00000
167.50000	-0.00000
167.60000	-0.00000
167.70000	-0.00000
167.80000	-0.00000
167.90000	-0.00000
168.00000	-0.00000
168.10000	-0.00000
168.20000	-0.00000
168.30000	-0.00000
168.40000	-0.00000
168.50000	-0.00000
168.60000	-0.00000
168.70000	-0.00000
168.80000	-0.00000
168.90000	-0.00000
169.00000	-0.00000
169.10000	-0.00000
169.20000	-0.00000
169.30000	-0.00000
169.40000	-0.00000
169.50000	-0.00000
169.60000	-0.00000
169.70000	-0.00000
169.80000	-0.00000
169.90000	-0.00000
170.00000	-0.00000
170.10000	-0.00000
170.20000	-0.00000
170.30000	-0.00000
170.40000	-0.00000
170.50000	-0.00000
170.60000	-0.00000
170.70000	-0.00000
170.80000	-0.00000
170.90000	-0.00000
171.00000	-0.00000
171.10000	-0.00000
171.20000	-0.00000
171.30000	-0.00000
171.40000	-0.00000
171.50000	-0.00000
171.60000	-0.00000
171.70000	-0.00000
171.80000	-0.00000
171.90000	-0.00000
172.00000	-0.00000
172.10000	-0.00000
172.20000	-0.00000
172.30000	-0.00000
172.40000	-0.00000
172.50000	-0.00000
172.60000	-0.00000
172.70000	-0.00000
172.80000	-0.00000
172.90000	-0.00000
173.00000	-0.00000
173.10000	-0.00000
173.20000	-0.00000
173.30000	-0.00000
173.40000	-0.00000
173.50000	-0.00000
173.60000	-0.00000
173.70000	-0.00000
173.80000	-0.00000
173.90000	-0.00000
174.00000	-0.00000
174.10000	-0.00000
174.20000	-0.00000
174.30000	-0.00000
174.40000	-0.00000
174.50000	-0.00000
174.60000	-0.00000
174.70000	-0.00000
174.80000	-0.00000
174.90000	-0.00000
175.00000	-0.00000
175.10000	-0.00000
175.20000	-0.00000
175.30000	-0.00000
175.40000	-0.00000
175.50000	-0.00000
175.60000	-0.00000
175.70000	-0.00000
175.80000	-0.00000
175.90000	-0.00000
176.00000	-0.00000
176.10000	-0.00000
176.20000	-0.00000
176.30000	-0.00000
176.40000	-0.00000
176.50000	-0.00000
176.60000	-0.00000
176.70000	-0.00000
176.80000	-0.00000
176.90000	-0.00000
177.00000	-0.00000
177.10000	-0.00000
177.20000	-0.00000
177.30000	-0.00000
177.40000	-0.00000
177.50000	-0.00000
177.60000	-0.00000
177.70000	-0.00000
177.80000	-0.00000
177.90000	-0.00000
178.00000	-0.00000
178.10000	-0.00000
178.20000	-0.00000
178.30000	-0.00000
178.40000	-0.00000
178.50000	-0.00000
178.60000	-0.00000
178.70000	-0.00000
178.80000	-0.00000
178.90000	-0.00000
179.00000	-0.00000
179.10000	-0.00000
179.20000	-0.00000
179.30000	-0.00000
179.40000	-0.00000
179.50000	-0.00000
179.60000	-0.00000
179.70000	-0.00000
179.80000	-0.00000
179.90000	-0.00000
180.00000	-0.00000
180.10000	-0.00000
180.20000	-0.00000
180.30000	-0.00000
180.40000	-0.00000
180.50000	-0.00000
180.60000	-0.00000
180.70000	-0.00000
180.80000	-0.00000
180.90000	-0.00000
181.00000	-0.00000
181.10000	-0.00000
181.20000	-0.00000
181.30000	-0.00000
181.40000	-0.00000
181.50000	-0.00000
181.60000	-0.00000
181.70000	-0.00000
181.80000	-0.00000
181.90000	-0.00000
182.00000	-0.00000
182.10000	-0.00000
182.20000	-0.00000
182.30000	-0.00000
182.40000	-0.00000
182.50000	-0.00000
182.60000	-0.00000
182.70000	-0.00000
182.80000	-0.00000
182.90000	-0.00000
183.00000	-0.00000
183.10000	-0.00000
183.20000	-0.00000
183.30000	-0.00000
183.40000	-0.00000
183.50000	-0.00000
183.60000	-0.00000
183.70000	-0.00000
183.80000	-0.00000
183.90000	-0.00000
184.00000	-0.00000
184.10000	-0.00000
184.20000	-0.00000
184.30000	-0.00000
184.40000	-0.00000
184.50000	-0.00000
184.60000	-0.00000
184.70000	-0.00000
184.80000	-0.00000
184.90000	-0.00000
185.00000	-0.00000
185.10000	-0.00000
185.20000	-0.00000
185.30000	-0.00000
185.40000	-0.00000
185.50000	-0.00000
185.60000	-0.00000
185.70000	-0.00000
185.80000	-0.00000
185.90000	-0.00000
186.00000	-0.00000
186.10000	-0.00000
186.20000	-0.00000
186.30000	-0.00000
186.40000	-0.00000
186.50000	-0.00000
186.60000	-0.00000
186.70000	-0.00000
186.80000	-0.00000
186.90000	-0.00000
187.00000	-0.00000
187.10000	-0.00000
187.20000	-0.00000
187.30000	-0.00000
187.40000	-0.00000
187.50000	-0.00000
187.60000	-0.00000
187.70000	-0.00000
187.80000	-0.00000
187.90000	-0.00000
188.00000	-0.00000
188.10000	-0.00000
188.20000	-0.00000
188.30000	-0.00000
188.40000	-0.00000
188.50000	-0.00000
188.60000	-0.00000
188.70000	-0.00000
188.80000	-0.00000
188.90000	-0.00000
189.00000	-0.00000
189.10000	-0.00000
189.20000	-0.00000
189.30000	-0.00000
189.40000	-0.00000
189.50000	-0.00000
189.60000	-0.00000
189.70000	-0.00000
189.80000	-0.00000
189.90000	-0.00000
190.00000	-0.00000
190.10000	-0.00000
190.20000	-0.00000
190.30000	-0.00000
190.40000	-0.00000
190.50000	-0.00000
190.60000	-0.00000
190.70000	-0.00000
190.80000	-0.00000
190.90000	-0.00000
191.00000	-0.00000
191.10000	-0.00000
191.20000	-0.00000
191.30000	-0.00000
191.40000	-0.00000
191.50000	-0.00000
191.60000	-0.00000
191.70000	-0.00000
191.80000	-0.00000
191.90000	-0.00000
192.00000	-0.00000
192.10000	-0.00000
192.20000	-0.00000
192.30000	-0.00000
192.40000	-0.00000
192.50000	-0.00000
192.60000	-0.00000
192.70000	-0.00000
192.80000	-0.00000
192.90000	-0.00000
193.00000	-0.00000
193.10000	-0.00000
193.20000	-0.00000
193.30000	-0.00000
193.40000	-0.00000
193.50000	-0.00000
193.60000	-0.00000
193.70000	-0.00000
193.80000	-0.00000
193.90000	-0.00000
194.00000	-0.00000
194.10000	-0.00000
194.20000	-0.00000
194.30000	-0.00000
194.40000	-0.00000
194.50000	-0.00000
194.60000	-0.00000
194.70000	-0.00000
194.80000	-0.00000
194.90000	-0.00000
195.00000	-0.00000
195.10000	-0.00000
195.20000	-0.00000
195.30000	-0.00000
195.40000	-0.00000
195.50000	-0.00000
195.60000	-0.00000
195.70000	-0.00000
195.80000	-0.00000
195.90000	-0.00000
196.00000	-0.00000
196.10000	-0.00000
196.20000	-0.00000
196.30000	-0.00000
196.40000	-0.00000
196.50000	-0.00000
196.60000	-0.00000
196.70000	-0.00000
196.80000	-0.00000
196.90000	-0.00000
197.00000	-0.00000
197.10000	-0.00000
197.20000	-0.00000
197.30000	-0.00000
197.40000	-0.00000
197.50000	-0.00000
197.60000	-0.00000
197.70000	-0.00000
197.80000	-0.00000
197.90000	-0.00000
198.00000	-0.00000
198.10000	-0.00000
198.20000	-0.00000
198.30000	-0.00000
198.40000	-0.00000
198.50000	-0.00000
198.60000	-0.00000
198.70000	-0.00000
198.80000	-0.00000
198.90000	-0.00000
199.00000	-0.00000
199.10000	-0.00000
199.20000	-0.00000
199.30000	-0.00000
199.40000	-0.00000
199.50000	-0.00000
199.60000	-0.00000
199.70000	-0.00000
199.80000	-0.00000
199.90000	-0.00000
200.00000	-0.00000
200.10000	-0.00000
200.20000	-0.00000
200.30000	-0.00000
200.40000	-0.00000
200.50000	-0.00000
200.60000	-0.00000
200.70000	-0.00000
200.80000	-0.00000
200.90000	-0.00000
201.00000	-0.00000
201.10000	-0.00000
201.20000	-0.00000
201.30000	-0.00000
201.40000	-0.00000
201.50000	-0.00000
201.60000	-0.00000
201.70000	-0.00000
201.80000	-0.00000
201.90000	-0.00000
202.00000	-0.00000
202.10000	-0.00000
202.20000	-0.00000
202.30000	-0.00000
202.40000	-0.00000
202.50000	-0.00000
202.60000	-0.00000
202.70000	-0.00000
202.80000	-0.00000
202.90000	-0.00000
203.00000	-0.00000
203.10000	-0.00000
203.20000	-0.00000
203.30000	-0.00000
203.40000	-0.00000
203.50000	-0.00000
203.60000	-0.00000
203.70000	-0.00000
203.80000	-0.00000
203.90000	-0.00000
204.00000	-0.00000
204.10000	-0.00000
204.20000	-0.00000
204.30000	-0.00000
204.40000	-0.00000
204.50000	-0.00000
204.60000	-0.00000
204.70000	-0.00000
204.80000	-0.00000
204.90000	-0.00000
205.00000	-0.00000
205.10000	-0.00000
205.20000	-0.00000
205.30000	-0.00000
205.40000	-0.00000
205.50000	-0.00000
205.60000	-0.00000
205.70000	-0.00000
205.80000	-0.00000
205.90000	-0.00000
206.00000	-0.00000
206.10000	-0.00000
206.20000	-0.00000
206.30000	-0.00000
206.40000	-0.00000
206.50000	-0.00000
206.60000	-0.00000
206.70000	-0.00000
206.80000	-0.00000
206.90000	-0.00000
207.00000	-0.00000
207.10000	-0.00000
207.20000	-0.00000
207.30000	-0.00000
207.40000	-0.00000
207.50000	-0.00000
207.60000	-0.00000
207.70000	-0.00000
207.80000	-0.00000
207.90000	-0.00000
208.00000	-0.00000
208.10000	-0.00000
208.20000	-0.00000
208.30000	-0.00000
208.40000	-0.00000
208.50000	-0.00000
208.60000	-0.00000
208.70000	-0.00000
208.80000	-0.00000
208.90000	-0.00000
209.00000	-0.00000
209.10000	-0.00000
209.20000	-0.00000
209.30000	-0.00000
209.40000	-0.00000
209.50000	-0.00000
209.60000	-0.00000
209.70000	-0.00000
209.80000	-0.00000
209.90000	-0.00000
210.00000	-0.00000
210.10000	-0.00000
210.20000	-0.00000
210.30000	-0.00000
210.40000	-0.00000
210.50000	-0.00000
210.60000	-0.00000
210.70000	-0.00000
210.80000	-0.00000
210.90000	-0.00000
211.00000	-0.00000
211.10000	-0.00000
211.20000	-0.00000
211.30000	-0.00000
211.40000	-0.00000
211.50000	-0.00000
211.60000	-0.00000
211.70000	-0.00000
211.80000	-0.00000
211.90000	-0.00000
212.00000	-0.00000
212.10000	-0.00000
212.20000	-0.00000
212.30000	-0.00000
212.40000	-0.00000
212.50000	-0.00000
212.60000	-0.00000
212.70000	-0.00000
212.80000	-0.00000
212.90000	-0.00000
213.00000	-0.00000
213.10000	-0.00000
213.20000	-0.00000
213.30000	-0.00000
213.40000	-0.00000
213.50000	-0.00000
213.60000	-0.00000
213.70000	-0.00000
213.80000	-0.00000
213.90000	-0.00000
214.00000	-0.00000
214.10000	-0.00000
214.20000	-0.00000
214.30000	-0.00000
214.40000	-0.00000
214.50000	-0.00000
214.60000	-0.00000
214.70000	-0.00000
214.80000	-0.00000
214.90000	-0.00000
215.00000	-0.00000
215.10000	-0.00000
215.20000	-0.00000
215.30000	-0.00000
215.40000	-0.00000
215.50000	-0.00000
215.60000	-0.00000
215.70000	-0.00000
215.80000	-0.00000
215.90000	-0.00000
216.00000	-0.00000
216.10000	-0.00000
216.20000	-0.00000
216.30000	-0.00000
216.40000	-0.00000
216.50000	-0.00000
216.60000	-0.00000
216.70000	-0.00000
216.80000	-0.00000
216.90000	-0.00000
217.00000	-0.00000
217.10000	-0.00000
217.20000	-0.00000
217.30000	-0.00000
217.40000	-0.00000
217.50000	-0.00000
217.60000	-0.00000
217.70000	-0.00000
217.80000	-0.00000
217.90000	-0.00000
218.00000	-0.00000
218.10000	-0.00000
218.20000	-0.00000
218.30000	-0.00000
218.40000	-0.00000
218.50000	-0.00000
218.60000	-0.00000
218.70000	-0.00000
218.80000	-0.00000
218.90000	-0.00000
219.00000	-0.00000
219.10000	-0.00000
219.20000	-0.00000
219.30000	-0.00000
219.40000	-0.00000
219.50000	-0.00000
219.60000	-0.00000
219.70000	-0.00000
219.80000	-0.00000
219.90000	-0.00000
220.00000	-0.00000
220.10000	-0.00000
220.20000	-0.00000
220.30000	-0.00000
220.40000	-0.00000
220.50000	-0.00000
220.60000	-0.00000
220.70000	-0.00000
220.80000	-0.00000
220.90000	-0.00000
221.00000	-0.00000
221.10000	-0.00000
221.20000	-0.00000
221.30000	-0.00000
221.40000	-0.00000
221.50000	-0.00000
221.60000	-0.00000
221.70000	-0.00000
221.80000	-0.00000
221.90000	-0.00000
222.00000	-0.00000
222.10000	-0.00000
222.20000	-0.00000
222.30000	-0.00000
222.40000	-0.00000
222.50000	-0.00000
222.60000	-0.00000
222.70000	-0.00000
222.80000	-0.00000
222.90000	-0.00000
223.00000	-0.00000
223.10000	-0.00000
223.20000	-0.00000
223.30000	-0.00000
223.40000	-0.00000
223.50000	-0.00000
223.60000	-0.00000
223.70000	-0.00000
223.80000	-0.00000
223.90000	-0.00000
224.00000	-0.00000
224.10000	-0.00000
224.20000	-0.00000
224.30000	-0.00000
224.40000	-0.00000
224.50000	-0.00000
224.60000	-0.00000
224.70000	-0.00000
224.80000	-0.00000
224.90000	-0.00000
225.00000	-0.00000
225.10000	-0.00000
225.20000	-0.00000
225.30000	-0.00000
225.40000	-0.00000
225.50000	-0.00000
225.60000	-0.00000
225.70000	-0.00000
225.80000	-0.00000
225.90000	-0.00000
226.00000	-0.00000
226.10000	-0.00000
226.20000	-0.00000
226.30000	-0.00000
226.40000	-0.00000
226.50000	-0.00000
226.60000	-0.00000
226.70000	-0.00000
226.80000	-0.00000
226.90000	-0.00000
227.00000	-0.00000
227.10000	-0.00000
227.20000	-0.00000
227.30000	-0.00000
227.40000	-0.00000
227.50000	-0.00000
227.60000	-0.00000
227.70000	-0.00000
227.80000	-0.00000
227.90000	-0.00000
228.00000	-0.00000
228.10000	-0.00000
228.20000	-0.00000
228.30000	-0.00000
228.40000	-0.00000
228.50000	-0.00000
228.60000	-0.00000
228.70000	-0.00000
228.80000	-0.00000
228.90000	-0.00000
229.00000	-0.00000
229.10000	-0.00000
229.20000	-0.00000
229.30000	-0.00000
229.40000	-0.00000
229.50000	-0.00000
229.60000	-0.00000
229.70000	-0.00000
229.80000	-0.00000
229.90000	-0.00000
230.00000	-0.00000
230.10000	-0.00000
230.20000	-0.00000
230.30000	-0.00000
230.40000	-0.00000
230.50000	-0.00000
230.60000	-0.00000
230.70000	-0.00000
230.80000	-0.00000
230.90000	-0.00000
231.00000	-0.00000
231.10000	-0.00000
231.20000	-0.00000
231.30000	-0.00000
231.40000	-0.00000
231.50000	-0.00000
231.60000	-0.00000
231.70000	-0.00000
231.80000	-0.00000
231.90000	-0.00000
232.00000	-0.00000
232.10000	-0.00000
232.20000	-0.00000
232.30000	-0.00000
232.40000	-0.00000
232.50000	-0.00000
232.60000	-0.00000
232.70000	-0.00000
232.80000	-0.00000
232.90000	-0.00000
233.00000	-0.00000
233.10000	-0.00000
233.20000	-0.00000
233.30000	-0.00000
233.40000	-0.00000
233.50000	-0.00000
233.60000	-0.00000
233.70000	-0.00000
233.80000	-0.00000
233.90000	-0.00000
234.00000	-0.00000
234.10000	-0.00000
234.20000	-0.00000
234.30000	-0.00000
234.40000	-0.00000
234.50000	-0.00000
234.60000	-0.00000
234.70000	-0.00000
234.80000	-0.00000
234.90000	-0.00000
235.00000	-0.00000
235.10000	-0.00000
235.20000	-0.00000
235.30000	-0.00000
235.40000	-0.00000
235.50000	-0.00000
235.60000	-0.00000
235.70000	-0.00000
235.80000	-0.00000
235.90000	-0.00000
236.00000	-0.00000
236.10000	-0.00000
236.20000	-0.00000
236.30000	-0.00000
236.40000	-0.00000
236.50000	-0.00000
236.60000	-0.00000
236.70000	-0.00000
236.80000	-0.00000
236.90000	-0.00000
237.00000	-0.00000
237.10000	-0.00000
237.20000	-0.00000
237.30000	-0.00000
237.40000	-0.00000
237.50000	-0.00000
237.60000	-0.00000
237.70000	-0.00000
237.80000	-0.00000
237.90000	-0.00000
238.00000	-0.00000
238.10000	-0.00000
238.20000	-0.00000
238.30000	-0.00000
238.40000	-0.00000
238.50000	-0.00000
238.60000	-0.00000
238.70000	-0.00000
238.80000	-0.00000
238.90000	-0.00000
239.00000	-0.00000
239.10000	-0.00000
239.20000	-0.00000
239.30000	-0.00000
239.40000	-0.00000
239.50000	-0.00000
239.60000	-0.00000
239.70000	-0.00000
239.80000	-0.00000
239.90000	-0.00000
240.00000	-0.00000
240.10000	-0.00000
240.20000	-0.00000
240.30000	-0.00000
240.40000	-0.00000
240.50000	-0.00000
240.60000	-0.00000
240.70000	-0.00000
240.80000	-0.00000
240.90000	-0.00000
241.00000	-0.00000
241.10000	-0.00000
241.20000	-0.00000
241.30000	-0.00000
241.40000	-0.00000
241.50000	-0.00000
241.60000	-0.00000
241.70000	-0.00000
241.80000	-0.00000
241.90000	-0.00000
242.00000	-0.00000
242.10000	-0.00000
242.20000	-0.00000
242.30000	-0.00000
242.40000	-0.00000
242.50000	-0.00000
242.60000	-0.00000
242.70000	-0.00000
242.80000	-0.00000
242.90000	-0.00000
243.00000	-0.00000
243.10000	-0.00000
243.20000	-0.00000
243.30000	-0.00000
243.40000	-0.00000
243.50000	-0.00000
243.60000	-0.00000
243.70000	-0.00000
243.80000	-0.00000
243.90000	-0.00000
244.00000	-0.00000
244.10000	-0.00000
244.20000	-0.00000
244.30000	-0.00000
244.40000	-0.00000
244.50000	-0.00000
244.60000	-0.00000
244.70000	-0.00000
244.80000	-0.00000
244.90000	-0.00000
245.00000	-0.00000
245.10000	-0.00000
245.20000	-0.00000
245.30000	-0.00000
245.40000	-0.00000
245.50000	-0.00000
245.60000	-0.00000
245.70000	-0.00000
245.80000	-0.00000
245.90000	-0.00000
246.00000	-0.00000
246.10000	-0.00000
246.20000	-0.00000
246.30000	-0.00000
246.40000	-0.00000
246.50000	-0.00000
246.60000	-0.00000
246.70000	-0.00000
246.80000	-0.00000
246.90000	-0.00000
247.00000	-0.00000
247.10000	-0.00000
247.20000	-0.00000
247.30000	-0.00000
247.40000	-0.00000
247.50000	-0.00000
247.60000	-0.00000
247.70000	-0.00000
247.80000	-0.00000
247.90000	-0.00000
248.00000	-0.00000
248.10000	-0.00000
248.20000	-0.00000
248.30000	-0.00000
248.40000	-0.00000
248.50000	-0.00000
248.60000	-0.00000
248.70000	-0.00000
248.80000	-0.00000
248.90000	-0.00000
249.00000	-0.00000
249.10000	-0.00000
249.20000	-0.00000
249.30000	-0.00000
249.40000	-0.00000
249.50000	-0.00000
249.60000	-0.00000
249.70000	-0.00000
249.80000	-0.00000
249.90000	-0.00000
250.00000	-0.00000
250.10000	-0.00000
250.20000	-0.00000
250.30000	-0.00000
250.40000	-0.00000
250.50000	-0.00000
250.60000	-0.00000
250.70000	-0.00000
250.80000	-0.00000
250.90000	-0.00000
251.00000	-0.00000
251.10000	-0.00000
251.20000	-0.00000
251.30000	-0.00000
251.40000	-0.00000
251.50000	-0.00000
251.60000	-0.00000
251.70000	-0.00000
251.80000	-0.00000
251.90000	-0.00000
252.00000	-0.00000
252.10000	-0.00000
252.20000	-0.00000
252.30000	-0.00000
252.40000	-0.00000
252.50000	-0.00000
252.60000	-0.00000
252.70000	-0.00000
252.80000	-0.00000
252.90000	-0.00000
253.00000	-0.00000
253.10000	-0.00000
253.20000	-0.00000
253.30000	-0.00000
253.40000	-0.00000
253.50000	-0.00000
253.60000	-0.00000
253.70000	-0.00000
253.80000	-0.00000
253.90000	-0.00000
254.00000	-0.00000
254.10000	-0.00000
254.20000	-0.00000
254.30000	-0.00000
254.40000	-0.00000
254.50000	-0.00000
254.60000	-0.00000
254.70000	-0.00000
254.80000	-0.00000
254.90000	-0.00000
255.00000	-0.00000
255.10000	-0.00000
255.20000	-0.00000
255.30000	-0.00000
255.40000	-0.00000
255.50000	-0.00000
255.60000	-0.00000
255.70000	-0.00000
255.80000	-0.00000
255.90000	-0.00000
256.00000	-0.00000
256.10000	-0.00000
256.20000	-0.00000
256.30000	-0.00000
256.40000	-0.00000
256.50000	-0.00000
256.60000	-0.00000
256.70000	-0.00000
256.80000	-0.00000
256.90000	-0.00000
257.00000	-0.00000
257.10000	-0.00000
257.20000	-0.00000
257.30000	-0.00000
257.40000	-0.00000
257.50000	-0.00000
257.60000	-0.00000
257.70000	-0.00000
257.80000	-0.00000
257.90000	-0.00000
258.00000	-0.00000
258.10000	-0.00000
258.20000	-0.00000
258.30000	-0.00000
258.40000	-0.00000
258.50000	-0.00000
258.60000	-0.00000
258.70000	-0.00000
258.80000	-0.00000
258.90000	-0.00000
259.00000	-0.00000
259.10000	-0.00000
259.20000	-0.00000
259.30000	-0.00000
259.40000	-0.00000
259.50000	-0.00000
259.60000	-0.00000
259.70000	-0.00000
259.80000	-0.00000
259.90000	-0.00000
260.00000	-0.00000
260.10000	-0.00000
260.20000	-0.00000
260.30000	-0.00000
260.40000	-0.00000
260.50000	-0.00000
260.60000	-0.00000
260.70000	-0.00000
260.80000	-0.00000
260.90000	-0.00000
261.00000	-0.00000
261.10000	-0.00000
261.20000	-0.00000
261.30000	-0.00000
261.40000	-0.00000
261.50000	-0.00000
261.60000	-0.00000
261.70000	-0.00000
261.80000	-0.00000
261.90000	-0.00000
262.00000	-0.00000
262.10000	-0.00000
262.20000	-0.00000
262.30000	-0.00000
262.40000	-0.00000
262.50000	-0.00000
262.60000	-0.00000
262.70000	-0.00000
262.80000	-0.00000
262.90000	-0.00000
263.00000	-0.00000
263.10000	-0.00000
263.20000	-0.00000
263.30000	-0.00000
263.40000	-0.00000
263.50000	-0.00000
263.60000	-0.00000
263.70000	-0.00000
263.80000	-0.00000
263.90000	-0.00000
264.00000	-0.00000
264.10000	-0.00000
264.20000	-0.00000
264.30000	-0.00000
264.40000	-0.00000
264.50000	-0.00000
264.60000	-0.00000
264.70000	-0.00000
264.80000	-0.00000
264.90000	-0.00000
265.00000	-0.00000
265.10000	-0.00000
265.20000	-0.00000
265.30000	-0.00000
265.40000	-0.00000
265.50000	-0.00000
265.60000	-0.00000
265.70000	-0.00000
265.80000	-0.00000
265.90000	-0.00000
266.00000	-0.00000
266.10000	-0.00000
266.20000	-0.00000
266.30000	-0.00000
266.40000	-0.00000
266.50000	-0.00000
266.60000	-0.00000
266.70000	-0.00000
266.80000	-0.00000
266.90000	-0.00000
267.00000	-0.00000
267.10000	-0.00000
267.20000	-0.00000
267.30000	-0.00000
267.40000	-0.00000
267.50000	-0.00000
267.60000	-0.00000
267.70000	-0.00000
267.80000	-0.00000
267.90000	-0.00000
268.00000	-0.00000
268.10000	-0.00000
268.20000	-0.00000
268.30000	-0.00000
268.40000	-0.00000
268.50000	-0.00000
268.60000	-0.00000
268.70000	-0.00000
268.80000	-0.00000
268.90000	-0.00000
269.00000	-0.00000
269.10000	-0.00000
269.20000	-0.00000
269.30000	-0.00000
269.40000	-0.00000
269.50000	-0.00000
269.60000	-0.00000
269.70000	-0.00000
269.80000	-0.00000
269.90000	-0.00000
270.00000	-0.00000
270.10000	-0.00000
270.20000	-0.00000
270.30000	-0.00000
270.40000	-0.00000
270.50000	-0.00000
270.60000	-0.00000
270.70000	-0.00000
270.80000	-0.00000
270.90000	-0.00000
271.00000	-0.00000
271.10000	-0.00000
271.20000	-0.00000
271.30000	-0.00000
271.40000	-0.00000
271.50000	-0.00000
271.60000	-0.00000
271.70000	-0.00000
271.80000	-0.00000
271.90000	-0.00000
272.00000	-0.00000
272.10000	-0.00000
272.20000	-0.00000
272.30000	-0.00000
272.40000	-0.00000
272.50000	-0.00000
272.60000	-0.00000
272.70000	-0.00000
272.80000	-0.00000
272.90000	-0.00000
273.00000	-0.00000
273.10000	-0.00000
273.20000	-0.00000
273.30000	-0.00000
273.40000	-0.00000
273.50000	-0.00000
273.60000	-0.00000
273.70000	-0.00000
273.80000	-0.00000
273.90000	-0.00000
274.00000	-0.00000
274.10000	-0.00000
274.20000	-0.00000
274.30000	-0.00000
274.40000	-0.00000
274.50000	-0.00000
274.60000	-0.00000
274.70000	-0.00000
274.80000	-0.00000
274.90000	-0.00000
275.00000	-0.00000
275.10000	-0.00000
275.20000	-0.00000
275.30000	-0.00000
275.40000	-0.00000
275.50000	-0.00000
275.60000	-0.00000
275.70000	-0.00000
275.80000	-0.00000
275.90000	-0.00000
276.00000	-0.00000
276.10000	-0.00000
276.20000	-0.00000
276.30000	-0.00000
276.40000	-0.00000
276.50000	-0.00000
276.60000	-0.00000
276.70000	-0.00000
276.80000	-0.00000
276.90000	-0.00000
277.00000	-0.00000
277.10000	-0.00000
277.20000	-0.00000
277.30000	-0.00000
277.40000	-0.00000
277.50000	-0.00000
277.60000	-0.00000
277.70000	-0.00000
277.80000	-0.00000
277.90000	-0.00000
278.00000	-0.00000
278.10000	-0.00000
278.20000	-0.00000
278.30000	-0.00000
278.40000	-0.00000
278.50000	-0.00000
278.60000	-0.00000
278.70000	-0.00000
278.80000	-0.00000
278.90000	-0.00000
279.00000	-0.00000
279.10000	-0.00000
279.20000	-0.00000
279.30000	-0.00000
279.40000	-0.00000
279.50000	-0.00000
279.60000	-0.00000
279.70000	-0.00000
279.80000	-0.00000
279.90000	-0.00000
280.00000	-0.00000
280.10000	-0.00000
280.20000	-0.00000
280.30000	-0.00000
280.40000	-0.00000
280.50000	-0.00000
280.60000	-0.00000
280.70000	-0.00000
280.80000	-0.00000
280.90000	-0.00000
281.00000	-0.00000
281.10000	-0.00000
281.20000	-0.00000
281.30000	-0.00000
281.40000	-0.00000
281.50000	-0.00000
281.60000	-0.00000
281.70000	-0.00000
281.80000	-0.00000
281.90000	-0.00000
282.00000	-0.00000
282.10000	-0.00000
282.20000	-0.00000
282.30000	-0.00000
282.40000	-0.00000
282.50000	-0.00000
282.60000	-0.00000
282.70000	-0.00000
282.80000	-0.00000
282.90000	-0.00000
283.00000	-0.00000
283.10000	-0.00000
283.20000	-0.00000
283.30000	-0.00000
283.40000	-0.00000
283.50000	-0.00000
283.60000	-0.00000
283.70000	-0.00000
283.80000	-0.00000
283.90000	-0.00000
284.00000	-0.00000
284.10000	-0.00000
284.20000	-0.00000
284.30000	-0.00000
284.40000	-0.00000
284.50000	-0.00000
284.60000	-0.00000
284.70000	-0.00000
284.80000	-0.00000
284.90000	-0.00000
285.00000	-0.00000
285.10000	-0.00000
285.20000	-0.00000
285.30000	-0.00000
285.40000	-0.00000
285.50000	-0.00000
285.60000	-0.00000
285.70000	-0.00000
285.80000	-0.00000
285.90000	-0.00000
286.00000	-0.00000
286.10000	-0.00000
286.20000	-0.00000
286.30000	-0.00000
286.40000	-0.00000
286.50000	-0.00000
286.60000	-0.00000
286.70000	-0.00000
286.80000	-0.00000
286.90000	-0.00000
287.00000	-0.00000
287.10000	-0.00000
287.20000	-0.00000
287.30000	-0.00000
287.40000	-0.00000
287.50000	-0.00000
287.60000	-0.00000
287.70000	-0.00000
287.80000	-0.00000
287.90000	-0.00000
288.00000	-0.00000
288.10000	-0.00000
288.20000	-0.00000
288.30000	-0.00000
288.40000	-0.00000
288.50000	-0.00000
288.60000	-0.00000
288.70000	-0.00000
288.80000	-0.00000
288.90000	-0.00000
289.00000	-0.00000
289.10000	-0.00000
289.20000	-0.00000
289.30000	-0.00000
289.40000	-0.00000
289.50000	-0.00000
289.60000	-0.00000
289.70000	-0.00000
289.80000	-0.00000
289.90000	-0.00000
290.00000	-0.00000
290.10000	-0.00000
290.20000	-0.00000
290.30000	-0.00000
290.40000	-0.00000
290.50000	-0.00000
290.60000	-0.00000
290.70000	-0.00000
290.80000	-0.00000
290.90000	-0.00000
291.00000	-0.00000
291.10000	-0.00000
291.20000	-0.00000
291.30000	-0.00000
291.40000	-0.00000
291.50000	-0.00000
291.60000	-0.00000
291.70000	-0.00000
291.80000	-0.00000
291.90000	-0.00000
292.00000	-0.00000
292.10000	-0.00000
292.20000	-0.00000
292.30000	-0.00000
292.40000	-0.00000
292.50000	-0.00000
292.60000	-0.00000
292.70000	-0.00000
292.80000	-0.00000
292.90000	-0.00000
293.00000	-0.00000
293.10000	-0.00000
293.20000	-0.00000
293.30000	-0.00000
293.40000	-0.00000
293.50000	-0.00000
293.60000	-0.00000
293.70000	-0.00000
293.80000	-0.00000
293.90000	-0.00000
294.00000	-0.00000
294.10000	-0.00000
294.20000	-0.00000
294.30000	-0.00000
294.40000	-0.00000
294.50000	-0.00000
294.60000	-0.00000
294.70000	-0.00000
294.80000	-0.00000
294.90000	-0.00000
295.00000	-0.00000
295.10000	-0.00000
295.20000	-0.00000
295.30000	-0.00000
295.40000	-0.00000
295.50000	-0.00000
295.60000	-0.00000
295.70000	-0.00000
295.80000	-0.00000
295.90000	-0.00000
296.00000	-0.00000
296.10000	-0.00000
296.20000	-0.00000
296.30000	-0.00000
296.40000	-0.00000
296.50000	-0.00000
296.60000	-0.00000
296.70000	-0.00000
296.80000	-0.00000
296.90000	-0.00000
297.00000	-0.00000
297.10000	-0.00000
297.20000	-0.00000
297.30000	-0.00000
297.40000	-0.00000
297.50000	-0.00000
297.60000	-0.00000
297.70000	-0.00000
297.80000	-0.00000
297.90000	-0.00000
298.00000	-0.00000
298.10000	-0.00000
298.20000	-0.00000
298.30000	-0.00000
298.40000	-0.00000
298.50000	-0.00000
298.60000	-0.00000
298.70000	-0.00000
298.80000	-0.00000
298.90000	-0.00000
299.00000	-0.00000
299.10000	-0.00000
299.20000	-0.00000
299.30000	-0.00000
299.40000	-0.00000
299.50000	-0.00000
299.60000	-0.00000
299.70000	-0.00000
299.80000	-0.00000
299.90000	-0.00000
300.00000	-0.00000
300.10000	-0.00000
300.20000	-0.00000
300.30000	-0.00000
300.40000	-0.00000
300.50000	-0.00000
300.60000	-0.00000
300.70000	-0.00000
300.80000	-0.00000
300.90000	-0.00000
301.00000	-0.00000
301.10000	-0.00000
301.20000	-0.00000
301.30000	-0.00000
301.40000	-0.00000
301.50000	-0.00000
301.60000	-0.00000
301.70000	-0.00000
301.80000	-0.00000
301.90000	-0.00000
302.00000	-0.00000
302.10000	-0.00000
302.20000	-0.00000
302.30000	-0.00000
302.40000	-0.00000
302.50000	-0.00000
302.60000	-0.00000
302.70000	-0.00000
302.80000	-0.00000
302.90000	-0.00000
303.00000	-0.00000
303.10000	-0.00000
303.20000	-0.00000
303.30000	-0.00000
303.40000	-0.00000
303.50000	-0.00000
303.60000	-0.00000
303.70000	-0.00000
303.80000	-0.00000
303.90000	-0.00000
304.00000	-0.00000
304.10000	-0.00000
304.20000	-0.00000
304.30000	-0.00000
304.40000	-0.00000
304.50000	-0.00000
304.60000	-0.00000
304.70000	-0.00000
304.80000	-0.00000
304.90000	-0.00000
305.00000	-0.00000
305.10000	-0.00000
305.20000	-0.00000
305.30000	-0.00000
305.40000	-0.00000
305.50000	-0.00000
305.60000	-0.00000
305.70000	-0.00000
305.80000	-0.00000
305.90000	-0.00000
306.00000	-0.00000
306.10000	-0.00000
306.20000	-0.00000
306.30000	-0.00000
306.40000	-0.00000
306.50000	-0.00000
306.60000	-0.00000
306.70000	-0.00000
306.80000	-0.00000
306.90000	-0.00000
307.00000	-0.00000
307.10000	-0.00000
307.20000	-0.00000
307.30000	-0.00000
307.40000	-0.00000
307.50000	-0.00000
307.60000	-0.00000
307.70000	-0.00000
307.80000	-0.00000
307.90000	-0.00000
308.00000	-0.00000
308.10000	-0.00000
308.20000	-0.00000
308.30000	-0.00000
308.40000	-0.00000
308.50000	-0.00000
308.60000	-0.00000
308.70000	-0.00000
308.80000	-0.00000
308.90000	-0.00000
309.00000	-0.00000
309.10000	-0.00000
309.20000	-0.00000
309.30000	-0.00000
309.40000	-0.00000
309.50000	-0.00000
309.60000	-0.00000
309.70000	-0.00000
309.80000	-0.00000
309.90000	-0.00000
310.00000	-0.00000
310.10000	-0.00000
310.20000	-0.00000
310.30000	-0.00000
310.40000	-0.00000
310.50000	-0.00000
310.60000	-0.00000
310.70000	-0.00000
310.80000	-0.00000
310.90000	-0.00000
311.00000	-0.00000
311.10000	-0.00000
311.20000	-0.00000
311.30000	-0.00000
311.40000	-0.00000
311.50000	-0.00000
311.60000	-0.00000
311.70000	-0.00000
311.80000	-0.00000
311.90000	-0.00000
312.00000	-0.00000
312.10000	-0.00000
312.20000	-0.00000
312.30000	-0.00000
312.40000	-0.00000
312.50000	-0.00000
312.60000	-0.00000
312.70000	-0.00000
312.80000	-0.00000
312.90000	-0.00000
313.00000	-0.00000
313.10000	-0.00000
313.20000	-0.00000
313.30000	-0.00000
313.40000	-0.00000
313.50000	-0.00000
313.60000	-0.00000
313.70000	-0.00000
313.80000	-0.00000
313.90000	-0.00000
314.00000	-0.00000
314.10000	-0.00000
314.20000	-0.00000
314.30000	-0.00000
314.40000	-0.00000
314.50000	-0.00000
314.60000	-0.00000
314.70000	-0.00000
314.80000	-0.00000
314.90000	-0.00000
315.00000	-0.00000
315.10000	-0.00000
315.20000	-0.00000
315.30000	-0.00000
315.40000	-0.00000
315.50000	-0.00000
315.60000	-0.00000
315.70000	-0.00000
315.80000	-0.00000
315.90000	-0.00000
316.00000	-0.00000
316.10000	-0.00000
316.20000	-0.00000
316.30000	-0.00000
316.40000	-0.00000
316.50000	-0.00000
316.60000	-0.00000
316.70000	-0.00000
316.80000	-0.00000
316.90000	-0.00000
317.00000	-0.00000
317.10000	-0.00000
317.20000	-0.00000
317.30000	-0.00000
317.40000	-0.00000
317.50000	-0.00000
317.60000	-0.00000
317.70000	-0.00000
317.80000	-0.00000
317.90000	-0.00000
318.00000	-0.00000
318.10000	-0.00000
318.20000	-0.00000
318.30000	-0.00000
318.40000	-0.00000
318.50000	-0.00000
318.60000	-0.00000
318.70000	-0.00000
318.80000	-0.00000
318.90000	-0.00000
319.00000	-0.00000
319.10000	-0.00000
319.20000	-0.00000
319.30000	-0.00000
319.40000	-0.00000
319.50000	-0.00000
319.60000	-0.00000
319.70000	-0.00000
319.80000	-0.00000
319.90000	-0.00000
320.00000	-0.00000
320.10000	-0.00000
320.20000	-0.00000
320.30000	-0.00000
320.40000	-0.00000
320.50000	-0.00000
320.60000	-0.00000
320.70000	-0.00000
320.80000	-0.00000
320.90000	-0.00000
321.00000	-0.00000
321.10000	-0.00000
321.20000	-0.00000
321.30000	-0.00000
321.40000	-0.00000
321.50000	-0.00000
321.60000	-0.00000
321.70000	-0.00000
321.80000	-0.00000
321.90000	-0.00000
322.00000	-0.00000
322.10000	-0.00000
322.20000	-0.00000
322.30000	-0.00000
322.40000	-0.00000
322.50000	-0.00000
322.60000	-0.00000
322.70000	-0.00000
322.80000	-0.00000
322.90000	-0.00000
323.00000	-0.00000
323.10000	-0.00000
323.20000	-0.00000
323.30000	-0.00000
323.40000	-0.00000
323.50000	-0.00000
323.60000	-0.00000
323.70000	-0.00000
323.80000	-0.00000
323.90000	-0.00000
324.00000	-0.00000
324.10000	-0.00000
324.20000	-0.00000
324.30000	-0.00000
324.40000	-0.00000
324.50000	-0.00000
324.60000	-0.00000
324.70000	-0.00000
324.80000	-0.00000
324.90000	-0.00000
325.00000	-0.00000
325.10000	-0.00000
325.20000	-0.00000
325.30000	-0.00000
325.40000	-0.00000
325.50000	-0.00000
325.60000	-0.00000
325.70000	-0.00000
325.80000	-0.00000
325.90000	-0.00000
326.00000	-0.00000
326.10000	-0.00000
326.20000	-0.00000
326.30000	-0.00000
326.40000	-0.00000
326.50000	-0.00000
326.60000	-0.00000
326.70000	-0.00000
326.80000	-0.00000
326.90000	-0.00000
327.00000	-0.00000
327.10000	-0.00000
327.20000	-0.00000
327.30000	-0.00000
327.40000	-0.00000
327.50000	-0.00000
327.60000	-0.00000
327.70000	-0.00000
327.80000	-0.00000
327.90000	-0.00000
328.00000	-0.00000
328.10000	-0.00000
328.20000	-0.00000
328.30000	-0.00000
328.40000	-0.00000
328.50000	-0.00000
328.60000	-0.00000
328.70000	-0.00000
328.80000	-0.00000
328.90000	-0.00000
329.00000	-0.00000
329.10000	-0.00000
329.20000	-0.00000
329.30000	-0.00000
329.40000	-0.00000
329.50000	-0.00000
329.60000	-0.00000
329.70000	-0.00000
329.80000	-0.00000
329.90000	-0.00000
330.00000	-0.00000
330.10000	-0.00000
330.20000	-0.00000
330.30000	-0.00000
330.40000	-0.00000
330.50000	-0.00000
330.60000	-0.00000
330.70000	-0.00000
330.80000	-0.00000
330.90000	-0.00000
331.00000	-0.00000
331.10000	-0.00000
331.20000	-0.00000
331.30000	-0.00000
331.40000	-0.00000
331.50000	-0.00000
331.60000	-0.00000
331.70000	-0.00000
331.80000	-0.00000
331.90000	-0.00000
332.00000	-0.00000
332.10000	-0.00000
332.20000	-0.00000
332.30000	-0.00000
332.40000	-0.00000
332.50000	-0.00000
332.60000	-0.00000
332.70000	-0.00000
332.80000	-0.00000
332.90000	-0.00000
333.00000	-0.00000
333.10000	-0.00000
333.20000	-0.00000
333.30000	-0.00000
333.40000	-0.00000
333.50000	-0.00000
333.60000	-0.00000
333.70000	-0.00000
333.80000	-0.00000
333.90000	-0.00000
334.00000	-0.00000
334.10000	-0.00000
334.20000	-0.00000
334.30000	-0.00000
334.40000	-0.00000
334.50000	-0.00000
334.60000	-0.00000
334.70000	-0.00000
334.80000	-0.00000
334.90000	-0.00000
335.00000	-0.00000
335.10000	-0.00000
335.20000	-0.00000
335.30000	-0.00000
335.40000	-0.00000
335.50000	-0.00000
335.60000	-0.00000
335.70000	-0.00000
335.80000	-0.00000
335.90000	-0.00000
336.00000	-0.00000
336.10000	-0.00000
336.20000	-0.00000
336.30000	-0.00000
336.40000	-0.00000
336.50000	-0.00000
336.60000	-0.00000
336.70000	-0.00000
336.80000	-0.00000
336.90000	-0.00000
337.00000	-0.00000
337.10000	-0.00000
337.20000	-0.00000
337.30000	-0.00000
337.40000	-0.00000
337.50000	-0.00000
337.60000	-0.00000
337.70000	-0.00000
337.80000	-0.00000
337.90000	-0.00000
338.00000	-0.00000
338.10000	-0.00000
338.20000	-0.00000
338.30000	-0.00000
338.40000	-0.00000
338.50000	-0.00000
338.60000	-0.00000
338.70000	-0.00000
338.80000	-0.00000
338.90000	-0.00000
339.00000	-0.00000
339.10000	-0.00000
339.20000	-0.00000
339.30000	-0.00000
339.40000	-0.00000
339.50000	-0.00000
339.60000	-0.00000
339.70000	-0.00000
339.80000	-0.00000
339.90000	-0.00000
340.00000	-0.00000
340.10000	-0.00000
340.20000	-0.00000
340.30000	-0.00000
340.40000	-0.00000
340.50000	-0.00000
340.60000	-0.00000
340.70000	-0.00000
340.80000	-0.00000
340.90000	-0.00000
341.00000	-0.00000
341.10000	-0.00000
341.20000	-0.00000
341.30000	-0.00000
341.40000	-0.00000
341.50000	-0.00000
341.60000	-0.00000
341.70000	-0.00000
341.80000	-0.00000
341.90000	-0.00000
342.00000	-0.00000
342.10000	-0.00000
342.20000	-0.00000
342.30000	-0.00000
342.40000	-0.00000
342.50000	-0.00000
342.60000	-0.00000
342.70000	-0.00000
342.80000	-0.00000
342.90000	-0.00000
343.00000	-0.00000
343.10000	-0.00000
343.20000	-0.00000
343.30000	-0.00000
343.40000	-0.00000
343.50000	-0.00000
343.60000	-0.00000
343.70000	-0.00000
343.80000	-0.00000
343.90000	-0.00000
344.00000	-0.00000
344.10000	-0.00000
344.20000	-0.00000
344.30000	-0.00000
344.40000	-0.00000
344.50000	-0.00000
344.60000	-0.00000
344.70000	-0.00000
344.80000	-0.00000
344.90000	-0.00000
345.00000	-0.00000
345.10000	-0.00000
345.20000	-0.00000
345.30000	-0.00000
345.40000	-0.00000
345.50000	-0.00000
345.60000	-0.00000
345.70000	-0.00000
345.80000	-0.00000
345.90000	-0.00000
346.00000	-0.00000
346.10000	-0.00000
346.20000	-0.00000
346.30000	-0.00000
346.40000	-0.00000
346.50000	-0.00000
346.60000	-0.00000
346.70000	-0.00000
346.80000	-0.00000
346.90000	-0.00000
347.00000	-0.00000
347.10000	-0.00000
347.20000	-0.00000
347.30000	-0.00000
347.40000	-0.00000
347.50000	-0.00000
347.60000	-0.00000
347.70000	-0.00000
347.80000	-0.00000
347.90000	-0.00000
348.00000	-0.00000
348.10000	-0.00000
348.20000	-0.00000
348.30000	-0.00000
348.40000	-0.00000
348.50000	-0.00000
348.60000	-0.00000
348.70000	-0.00000
348.80000	-0.00000
348.90000	-0.00000
349.00000	-0.00000
349.10000	-0.00000
349.20000	-0.00000
349.30000	-0.00000
349.40000	-0.00000
349.50000	-0.00000
349.60000	-0.00000
349.70000	-0.00000
349.80000	-0.00000
349.90000	-0.00000
350.00000	-0.00000
350.10000	-0.00000
350.20000	-0.00000
350.30000	-0.00000
350.40000	-0.00000
350.50000	-0.00000
350.60000	-0.00000
350.70000	-0.00000
350.80000	-0.00000
350.90000	-0.00000
351.00000	-0.00000
351.10000	-0.00000
351.20000	-0.00000
351.30000	-0.00000
351.40000	-0.00000
351.50000	-0.00000
351.60000	-0.00000
351.70000	-0.00000
351.80000	-0.00000
351.90000	-0.00000
352.00000	-0.00000
352.10000	-0.00000
352.20000	-0.00000
352.30000	-0.00000
352.40000	-0.00000
352.50000	-0.00000
352.60000	-0.00000
352.70000	-0.00000
352.80000	-0.00000
352.90000	-0.00000
353.00000	-0.00000
353.10000	-0.00000
353.20000	-0.00000
353.30000	-0.00000
353.40000	-0.00000
353.50000	-0.00000
353.60000	-0.00000
353.70000	-0.00000
353.80000	-0.00000
353.90000	-0.00000
354.00000	-0.00000
354.10000	-0.00000
354.20000	-0.00000
354.30000	-0.00000
354.40000	-0.00000
354.50000	-0.00000
354.60000	-0.00000
354.70000	-0.00000
354.80000	-0.00000
354.90000	-0.00000
355.00000	-0.00000
355.10000	-0.00000
355.20000	-0.00000
355.30000	-0.00000
355.40000	-0.00000
355.50000	-0.00000
355.60000	-0.00000
355.70000	-0.00000
355.80000	-0.00000
355.90000	-0.00000
356.00000	-0.00000
356.10000	-0.00000
356.20000	-0.00000
356.30000	-0.00000
356.40000	-0.00000
356.50000	-0.00000
356.60000	-0.00000
356.70000	-0.00000
356.80000	-0.00000
356.90000	-0.00000
357.00000	-0.00000
357.10000	-0.00000
357.20000	-0.00000
357.30000	-0.00000
357.40000	-0.00000
357.50000	-0.00000
357.60000	-0.00000
357.70000	-0.00000
357.80000	-0.00000
357.90000	-0.00000
358.00000	-0.00000
358.10000	-0.00000
358.20000	-0.00000
358.30000	-0.00000
358.40000	-0.00000
358.50000	-0.00000
358.60000	-0.00000
358.70000	-0.00000
358.80000	-0.00000
358.90000	-0.00000
359.00000	-0.00000
359.10000	-0.00000
359.20000	-0.00000
359.30000	-0.00000
359.40000	-0.00000
359.50000	-0.00000
359.60000	-0.00000
359.70000	-0.00000
359.80000	-0.00000
359.90000	-0.00000
360.00000	-0.00000
360.10000	-0.00000
360.20000	-0.00000
360.30000	-0.00000
360.40000	-0.00000
360.50000	-0.00000
360.60000	-0.00000
360.70000	-0.00000
360.80000	-0.00000
360.90000	-0.00000
361.00000	-0.00000
361.10000	-0.00000
361.20000	-0.00000
361.30000	-0.00000
361.40000	-0.00000
361.50000	-0.00000
361.60000	-0.00000
361.70000	-0.00000
361.80000	-0.00000
361.90000	-0.00000
362.00000	-0.00000
362.10000	-0.00000
362.20000	-0.00000
362.30000	-0.00000
362.40000	-0.00000
362.50000	-0.00000
362.60000	-0.00000
362.70000	-0.00000
362.80000	-0.00000
362.90000	-0.00000
363.00000	-0.00000
363.10000	-0.00000
363.20000	-0.00000
363.30000	-0.00000
363.40000	-0.00000
363.50000	-0.00000
363.60000	-0.00000
363.70000	-0.00000
363.80000	-0.00000
363.90000	-0.00000
364.00000	-0.00000
364.10000	-0.00000
364.20000	-0.00000
364.30000	-0.00000
364.40000	-0.00000
364.50000	-0.00000
364.60000	-0.00000
364.70000	-0.00000
364.80000	-0.00000
364.90000	-0.00000
365.00000	-0.00000
365.10000	-0.00000
365.20000	-0.00000
365.30000	-0.00000
365.40000	-0.00000
365.50000	-0.00000
365.60000	-0.00000
365.70000	-0.00000
365.80000	-0.00000
365.90000	-0.00000
366.00000	-0.00000
366.10000	-0.00000
366.20000	-0.00000
366.30000	-0.00000
366.40000	-0.00000
366.50000	-0.00000
366.60000	-0.00000
366.70000	-0.00000
366.80000	-0.00000
366.90000	-0.00000
367.00000	-0.00000
367.10000	-0.00000
367.20000	-0.00000
367.30000	-0.00000
367.40000	-0.00000
367.50000	-0.00000
367.60000	-0.00000
367.70000	-0.00000
367.80000	-0.00000
367.90000	-0.00000
368.00000	-0.00000
368.10000	-0.00000
368.20000	-0.00000
368.30000	-0.00000
368.40000	-0.00000
368.50000	-0.00000
368.60000	-0.00000
368.70000	-0.00000
368.80000	-0.00000
368.90000	-0.00000
369.00000	-0.00000
369.10000	-0.00000
369.20000	-0.00000
369.30000	-0.00000
369.40000	-0.00000
369.50000	-0.00000
369.60000	-0.00000
369.70000	-0.00000
369.80000	-0.00000
369.90000	-0.00000
370.00000	-0.00000
370.10000	-0.00000
370.20000	-0.00000
370.30000	-0.00000
370.40000	-0.00000
370.50000	-0.00000
370.60000	-0.00000
370.70000	-0.00000
370.80000	-0.00000
370.90000	-0.00000
371.00000	-0.00000
371.10000	-0.00000
371.20000	-0.00000
371.30000	-0.00000
371.40000	-0.00000
371.50000	-0.00000
371.60000	-0.00000
371.70000	-0.00000
371.80000	-0.00000
371.90000	-0.00000
372.00000	-0.00000
372.10000	-0.00000
372.20000	-0.00000
372.30000	-0.00000
372.40000	-0.00000
372.50000	-0.00000
372.60000	-0.00000
372.70000	-0.00000
372.80000	-0.00000
372.90000	-0.00000
373.00000	-0.00000
373.10000	-0.00000
373.20000	-0.00000
373.30000	-0.00000
373.40000	-0.00000
373.50000	-0.00000
373.60000	-0.00000
373.70000	-0.00000
373.80000	-0.00000
373.90000	-0.00000
374.00000	-0.00000
374.10000	-0.00000
374.20000	-0.00000
374.30000	-0.00000
374.40000	-0.00000
374.50000	-0.00000
374.60000	-0.00000
374.70000	-0.00000
374.80000	-0.00000
374.90000	-0.00000
375.00000	-0.00000
375.10000	-0.00000
375.20000	-0.00000
375.30000	-0.00000
375.40000	-0.00000
375.50000	-0.00000
375.60000	-0.00000
375.70000	-0.00000
375.80000	-0.00000
375.90000	-0.00000
376.00000	-0.00000
376.10000	-0.00000
376.20000	-0.00000
376.30000	-0.00000
376.40000	-0.00000
376.50000	-0.00000
376.60000	-0.00000
376.70000	-0.00000
376.80000	-0.00000
376.90000	-0.00000
377.00000	-0.00000
377.10000	-0.00000
377.20000	-0.00000
377.30000	-0.00000
377.40000	-0.00000
377.50000	-0.00000
377.60000	-0.00000
377.70000	-0.00000
377.80000	-0.00000
377.90000	-0.00000
378.00000	-0.00000
378.10000	-0.00000
378.20000	-0.00000
378.30000	-0.00000
378.40000	-0.00000
378.50000	-0.00000
378.60000	-0.00000
378.70000	-0.00000
378.80000	-0.00000
378.90000	-0.00000
379.00000	-0.00000
379.10000	-0.00000
379.20000	-0.00000
379.30000	-0.00000
379.40000	-0.00000
379.50000	-0.00000
379.60000	-0.00000
379.70000	-0.00000
379.80000	-0.00000
379.90000	-0.00000
380.00000	-0.00000
380.10000	-0.00000
380.20000	-0.00000
380.30000	-0.00000
380.40000	-0.00000
380.50000	-0.00000
380.60000	-0.00000
380.70000	-0.00000
380.80000	-0.00000
380.90000	-0.00000
381.00000	-0.00000
381.10000	-0.00000
381.20000	-0.00000
381.30000	-0.00000
381.40000	-0.00000
381.50000	-0.00000
381.60000	-0.00000
381.70000	-0.00000
381.80000	-0.00000
381.90000	-0.00000
382.00000	-0.00000
382.10000	-0.00000
382.20000	-0.00000
382.30000	-0.00000
382.40000	-0.00000
382.50000	-0.00000
382.60000	-0.00000
382.70000	-0.00000
382.80000	-0.00000
382.90000	-0.00000
383.00000	-0.00000
383.10000	-0.00000
383.20000	-0.00000
383.30000	-0.00000
383.40000	-0.00000
383.50000	-0.00000
383.60000	-0.00000
383.70000	-0.00000
383.80000	-0.00000
383.90000	-0.00000
384.00000	-0.00000
384.10000	-0.00000
384.20000	-0.00000
384.30000	-0.00000
384.40000	-0.00000
384.50000	-0.00000
384.60000	-0.00000
384.70000	-0.00000
384.80000	-0.00000
384.90000	-0.00000
385.00000	-0.00000
385.10000	-0.00000
385.20000	-0.00000
385.30000	-0.00000
385.40000	-0.00000
385.50000	-0.00000
385.60000	-0.00000
385.70000	-0.00000
385.80000	-0.00000
385.90000	-0.00000
386.00000	-0.00000
386.10000	-0.00000
386.20000	-0.00000
386.30000	-0.00000
386.40000	-0.00000
386.50000	-0.00000
386.60000	-0.00000
386.70000	-0.00000
386.80000	-0.00000
386.90000	-0.00000
387.00000	-0.00000
387.10000	-0.00000
387.20000	-0.00000
387.30000	-0.00000
387.40000	-0.00000
387.50000	-0.00000
387.60000	-0.00000
387.70000	-0.00000
387.80000	-0.00000
387.90000	-0.00000
388.00000	-0.00000
388.10000	-0.00000
388.20000	-0.00000
388.30000	-0.00000
388.40000	-0.00000
388.50000	-0.00000
388.60000	-0.00000
388.70000	-0.00000
388.80000	-0.00000
388.90000	-0.00000
389.00000	-0.00000
389.10000	-0.00000
389.20000	-0.00000
389.30000	-0.00000
389.40000	-0.00000
389.50000	-0.00000
389.60000	-0.00000
389.70000	-0.00000
389.80000	-0.00000
389.90000	-0.00000
390.00000	-0.00000
390.10000	-0.00000
390.20000	-0.00000
390.30000	-0.00000
390.40000	-0.00000
390.50000	-0.00000
390.60000	-0.00000
390.70000	-0.00000
390.80000	-0.00000
390.90000	-0.00000
391.00000	-0.00000
391.10000	-0.00000
391.20000	-0.00000
391.30000	-0.00000
391.40000	-0.00000
391.50000	-0.00000
391.60000	-0.00000
391.70000	-0.00000
391.80000	-0.00000
391.90000	-0.00000
392.00000	-0.00000
392.10000	-0.00000
392.20000	-0.00000
392.30000	-0.00000
392.40000	-0.00000
392.50000	-0.00000
392.60000	-0.00000
392.70000	-0.00000
392.80000	-0.00000
392.90000	-0.00000
393.00000	-0.00000
393.10000	-0.00000
393.20000	-0.00000
393.30000	-0.00000
393.40000	-0.00000
393.50000	-0.00000
393.60000	-0.00000
393.70000	-0.00000
393.80000	-0.00000
393.90000	-0.00000
394.00000	-0.00000
394.10000	-0.00000
394.20000	-0.00000
394.30000	-0.00000
394.40000	-0.00000
394.50000	-0.00000
394.60000	-0.00000
394.70000	-0.00000
394.80000	-0.00000
394.90000	-0.00000
395.00000	-0.00000
395.10000	-0.00000
395.20000	-0.00000
395.30000	-0.00000
395.40000	-0.00000
395.50000	-0.00000
395.60000	-0.00000
395.70000	-0.00000
395.80000	-0.00000
395.90000	-0.00000
396.00000	-0.00000
396.10000	-0.00000
396.20000	-0.00000
396.30000	-0.00000
396.40000	-0.00000
396.50000	-0.00000
396.60000	-0.00000
396.70000	-0.00000
396.80000	-0.00000
396.90000	-0.00000
397.00000	-0.00000
397.10000	-0.00000
397.20000	-0.00000
397.30000	-0.00000
397.40000	-0.00000
397.50000	-0.00000
397.60000	-0.00000
397.70000	-0.00000
397.80000	-0.00000
397.90000	-0.00000
398.00000	-0.00000
398.10000	-0.00000
398.20000	-0.00000
398.30000	-0.00000
398.40000	-0.00000
398.50000	-0.00000
398.60000	-0.00000
398.70000	-0.00000
398.80000	-0.00000
398.90000	-0.00000
399.00000	-0.00000
399.10000	-0.00000
399.20000	-0.00000
399.30000	-0.00000
399.40000	-0.00000
399.50000	-0.00000
399.60000	-0.00000
399.70000	-0.00000
399.80000	-0.00000
399.90000	-0.00000
400.00000	-0.00000
400.10000	-0.00000
400.20000	-0.00000
400.30000	-0.00000
400.40000	-0.00000
400.50000	-0.00000
400.60000	-0.00000
400.70000	-0.00000
400.80000	-0.00000
400.90000	-0.00000
401.00000	-0.00000
401.10000	-0.00000
401.20000	-0.00000
401.30000	-0.00000
401.40000	-0.00000
401.50000	-0.00000
401.60000	-0.00000
401.70000	-0.00000
401.80000	-0.00000
401.90000	-0.00000
402.00000	-0.00000
402.10000	-0.00000
402.20000	-0.00000
402.30000	-0.00000
402.40000	-0.00000
402.50000	-0.00000
402.60000	-0.00000
402.70000	-0.00000
402.80000	-0.00000
402.90000	-0.00000
403.00000	-0.00000
403.10000	-0.00000
403.20000	-0.00000
403.30000	-0.00000
403.40000	-0.00000
403.50000	-0.00000
403.60000	-0.00000
403.70000	-0.00000
403.80000	-0.00000
403.90000	-0.00000
404.00000	-0.00000
404.10000	-0.00000
404.20000	-0.00000
404.30000	-0.00000
404.40000	-0.00000
404.50000	-0.00000
404.60000	-0.00000
404.70000	-0.00000
404.80000	-0.00000
404.90000	-0.00000
405.00000	-0.00000
405.10000	-0.00000
405.20000	-0.00000
405.30000	-0.00000
405.40000	-0.00000
405.50000	-0.00000
405.60000	-0.00000
405.70000	-0.00000
405.80000	-0.00000
405.90000	-0.00000
406.00000	-0.00000
406.10000	-0.00000
406.20000	-0.00000
406.30000	-0.00000
406.40000	-0.00000
406.50000	-0.00000
406.60000	-0.00000
406.70000	-0.00000
406.80000	-0.00000
406.90000	-0.00000
407.00000	-0.00000
407.10000	-0.00000
407.20000	-0.00000
407.30000	-0.00000
407.40000	-0.00000
407.50000	-0.00000
407.60000	-0.00000
407.70000	-0.00000
407.80000	-0.00000
407.90000	-0.00000
408.00000	-0.00000
408.10000	-0.00000
408.20000	-0.00000
408.30000	-0.00000
408.40000	-0.00000
408.50000	-0.00000
408.60000	-0.00000
408.70000	-0.00000
408.80000	-0.00000
408.90000	-0.00000
409.00000	-0.00000
409.10000	-0.00000
409.20000	-0.00000
409.30000	-0.00000
409.40000	-0.00000
409.50000	-0.00000
409.60000	-0.00000
409.70000	-0.00000
409.80000	-0.00000
409.90000	-0.00000
410.00000	-0.00000
410.10000	-0.00000
410.20000	-0.00000
410.30000	-0.00000
410.40000	-0.00000
410.50000	-0.00000
410.60000	-0.00000
410.70000	-0.00000
410.80000	-0.00000
410.90000	-0.00000
411.00000	-0.00000
411.10000	-0.00000
411.20000	-0.00000
411.30000	-0.00000
411.40000	-0.00000
411.50000	-0.00000
411.60000	-0.00000
411.70000	-0.00000
411.80000	-0.00000
411.90000	-0.00000
412.00000	-0.00000
412.10000	-0.00000
412.20000	-0.00000
412.30000	-0.00000
412.40000	-0.00000
412.50000	-0.00000
412.60000	-0.00000
412.70000	-0.00000
412.80000	-0.00000
412.90000	-0.00000
413.00000	-0.00000
413.10000	-0.00000
413.20000	-0.00000
413.30000	-0.00000
413.40000	-0.00000
413.50000	-0.00000
413.60000	-0.00000
413.70000	-0.00000
413.80000	-0.00000
413.90000	-0.00000
414.00000	-0.00000
414.10000	-0.00000
414.20000	-0.00000
414.30000	-0.00000
414.40000	-0.00000
414.50000	-0.00000
414.60000	-0.00000
414.70000	-0.00000
414.80000	-0.00000
414.90000	-0.00000
415.00000	-0.00000
415.10000	-0.00000
415.20000	-0.00000
415.30000	-0.00000
415.40000	-0.00000
415.50000	-0.00000
415.60000	-0.00000
415.70000	-0.00000
415.80000	-0.00000
415.90000	-0.00000
416.00000	-0.00000
416.10000	-0.00000
416.20000	-0.00000
416.30000	-0.00000
416.40000	-0.00000
416.50000	-0.00000
416.60000	-0.00000
416.70000	-0.00000
416.80000	-0.00000
416.90000	-0.00000
417.00000	-0.00000
417.10000	-0.00000
417.20000	-0.00000
417.30000	-0.00000
417.40000	-0.00000
417.50000	-0.00000
417.60000	-0.00000
417.70000	-0.00000
417.80000	-0.00000
417.90000	-0.00000
418.00000	-0.00000
418.10000	-0.00000
418.20000	-0.00000
418.30000	-0.00000
418.40000	-0.00000
418.50000	-0.00000
418.60000	-0.00000
418.70000	-0.00000
418.80000	-0.00000
418.90000	-0.00000
419.00000	-0.00000
419.10000	-0.00000
419.20000	-0.00000
419.30000	-0.00000
419.40000	-0.00000
419.50000	-0.00000
419.60000	-0.00000
419.70000	-0.00000
419.80000	-0.00000
419.90000	-0.00000
420.00000	-0.00000
420.10000	-0.00000
420.20000	-0.00000
420.30000	-0.00000
420.40000	-0.00000
420.50000	-0.00000
420.60000	-0.00000
420.70000	-0.00000
420.80000	-0.00000
420.90000	-0.00000
421.00000	-0.00000
421.10000	-0.00000
421.20000	-0.00000
421.30000	-0.00000
421.40000	-0.00000
421.50000	-0.00000
421.60000	-0.00000
421.70000	-0.00000
421.80000	-0.00000
421.90000	-0.00000
422.00000	-0.00000
422.10000	-0.00000
422.20000	-0.00000
422.30000	-0.00000
422.40000	-0.00000
422.50000	-0.00000
422.60000	-0.00000
422.70000	-0.00000
422.80000	-0.00000
422.90000	-0.00000
423.00000	-0.00000
423.10000	-0.00000
423.20000	-0.00000
423.30000	-0.00000
423.40000	-0.00000
423.50000	-0.00000
423.60000	-0.00000
423.70000	-0.00000
423.80000	-0.00000
423.90000	-0.00000
424.00000	-0.00000
424.10000	-0.00000
424.20000	-0.00000
424.30000	-0.00000
424.40000	-0.00000
424.50000	-0.00000
424.60000	-0.00000
424.70000	-0.00000
424.80000	-0.00000
424.90000	-0.00000
425.00000	-0.00000
425.10000	-0.00000
425.20000	-0.00000
425.30000	-0.00000
425.40000	-0.00000
425.50000	-0.00000
425.60000	-0.00000
425.70000	-0.00000
425.80000	-0.00000
425.90000	-0.00000
426.00000	-0.00000
426.10000	-0.00000
426.20000	-0.00000
426.30000	-0.00000
426.40000	-0.00000
426.50000	-0.00000
426.60000	-0.00000
426.70000	-0.00000
426.80000	-0.00000
426.90000	-0.00000
427.00000	-0.00000
427.10000	-0.00000
427.20000	-0.00000
427.30000	-0.00000
427.40000	-0.00000
427.50000	-0.00000
427.60000	-0.00000
427.70000	-0.00000
427.80000	-0.00000
427.90000	-0.00000
428.00000	-0.00000
428.10000	-0.00000
428.20000	-0.00000
428.30000	-0.00000
428.40000	-0.00000
428.50000	-0.00000
428.60000	-0.00000
428.70000	-0.00000
428.80000	-0.00000
428.90000	-0.00000
429.00000	-0.00000
429.10000	-0.00000
429.20000	-0.00000
429.30000	-0.00000
429.40000	-0.00000
429.50000	-0.00000
429.60000	-0.00000
429.70000	-0.00000
429.80000	-0.00000
429.90000	-0.00000
430.00000	-0.00000
430.10000	-0.00000
430.20000	-0.00000
430.30000	-0.00000
430.40000	-0.00000
430.50000	-0.00000
430.60000	-0.00000
430.70000	-0.00000
430.80000	-0.00000
430.90000	-0.00000
431.00000	-0.00000
431.10000	-0.00000
431.20000	-0.00000
431.30000	-0.00000
431.40000	-0.00000
431.50000	-0.00000
431.60000	-0.00000
431.70000	-0.00000
431.80000	-0.00000
431.90000	-0.00000
432.00000	-0.00000
432.10000	-0.00000
432.20000	-0.00000
432.30000	-0.00000
432.40000	-0.00000
432.50000	-0.00000
432.60000	-0.00000
432.70000	-0.00000
432.80000	-0.00000
432.90000	-0.00000
433.00000	-0.00000
433.10000	-0.00000
433.20000	-0.00000
433.30000	-0.00000
433.40000	-0.00000
433.50000	-0.00000
433.60000	-0.00000
433.70000	-0.00000
433.80000	-0.00000
433.90000	-0.00000
434.00000	-0.00000
434.10000	-0.00000
434.20000	-0.00000
434.30000	-0.00000
434.40000	-0.00000
434.50000	-0.00000
434.60000	-0.00000
434.70000	-0.00000
434.80000	-0.00000
434.90000	-0.00000
435.00000	-0.00000
435.10000	-0.00000
435.20000	-0.00000
435.30000	-0.00000
435.40000	-0.00000
435.50000	-0.00000
435.60000	-0.00000
435.70000	-0.00000
435.80000	-0.00000
435.90000	-0.00000
436.00000	-0.00000
436.10000	-0.00000
436.20000	-0.00000
436.30000	-0.00000
436.40000	-0.00000
436.50000	-0.00000
436.60000	-0.00000
436.70000	-0.00000
436.80000	-0.00000
436.90000	-0.00000
437.00000	-0.00000
437.10000	-0.00000
437.20000	-0.00000
437.30000	-0.00000
437.40000	-0.00000
437.50000	-0.00000
437.60000	-0.00000
437.70000	-0.00000
437.80000	-0.00000
437.90000	-0.00000
438.00000	-0.00000
438.10000	-0.00000
438.20000	-0.00000
438.30000	-0.00000
438.40000	-0.00000
438.50000	-0.00000
438.60000	-0.00000
438.70000	-0.00000
438.80000	-0.00000
438.90000	-0.00000
439.00000	-0.00000
439.10000	-0.00000
439.20000	-0.00000
439.30000	-0.00000
439.40000	-0.00000
439.50000	-0.00000
439.60000	-0.00000
439.70000	-0.00000
439.80000	-0.00000
439.90000	-0.00000
440.00000	-0.00000
440.10000	-0.00000
440.20000	-0.00000
440.30000	-0.00000
440.40000	-0.00000
440.50000	-0.00000
440.60000	-0.00000
440.70000	-0.00000
440.80000	-0.00000
440.90000	-0.00000
441.00000	-0.00000
441.10000	-0.00000
441.20000	-0.00000
441.30000	-0.00000
441.40000	-0.00000
441.50000	-0.00000
441.60000	-0.00000
441.70000	-0.00000
441.80000	-0.00000
441.90000	-0.00000
442.00000	-0.00000
442.10000	-0.00000
442.20000	-0.00000
442.30000	-0.00000
442.40000	-0.00000
442.50000	-0.00000
442.60000	-0.00000
442.70000	-0.00000
442.80000	-0.00000
442.90000	-0.00000
443.00000	-0.00000
443.10000	-0.00000
443.20000	-0.00000
443.30000	-0.00000
443.40000	-0.00000
443.50000	-0.00000
443.60000	-0.00000
443.70000	-0.00000
443.80000	-0.00000
443.90000	-0.00000
444.00000	-0.00000
444.10000	-0.00000
444.20000	-0.00000
444.30000	-0.00000
444.40000	-0.00000
444.50000	-0.00000
444.60000	-0.00000
444.70000	-0.00000
444.80000	-0.00000
444.90000	-0.00000
445.00000	-0.00000
445.10000	-0.00000
445.20000	-0.00000
445.30000	-0.00000
445.40000	-0.00000
445.50000	-0.00000
445.60000	-0.00000
445.70000	-0.00000
445.80000	-0.00000
445.90000	-0.00000
446.00000	-0.00000
446.10000	-0.00000
446.20000	-0.00000
446.30000	-0.00000
446.40000	-0.00000
446.50000	-0.00000
446.60000	-0.00000
446.70000	-0.00000
446.80000	-0.00000
446.90000	-0.00000
447.00000	-0.00000
447.10000	-0.00000
447.20000	-0.00000
447.30000	-0.00000
447.40000	-0.00000
447.50000	-0.00000
447.60000	-0.00000
447.70000	-0.00000
447.80000	-0.00000
447.90000	-0.00000
448.00000	-0.00000
448.10000	-0.00000
448.20000	-0.00000
448.30000	-0.00000
448.40000	-0.00000
448.50000	-0.00000
448.60000	-0.00000
448.70000	-0.00000
448.80000	-0.00000
448.90000	-0.00000
449.00000	-0.00000
449.10000	-0.00000
449.20000	-0.00000
449.30000	-0.00000
449.40000	-0.00000
449.50000	-0.00000
449.60000	-0.00000
449.70000	-0.00000
449.80000	-0.00000
449.90000	-0.00000
450.00000	-0.00000
450.10000	-0.00000
450.20000	-0.00000
450.30000	-0.00000
450.40000	-0.00000
450.50000	-0.00000
450.60000	-0.00000
450.70000	-0.00000
450.80000	-0.00000
450.90000	-0.00000
451.00000	-0.00000
451.10000	-0.00000
451.20000	-0.00000
451.30000	-0.00000
451.40000	-0.00000
451.50000	-0.00000
451.60000	-0.00000
451.70000	-0.00000
451.80000	-0.00000
451.90000	-0.00000
452.00000	-0.00000
452.10000	-0.00000
452.20000	-0.00000
452.30000	-0.00000
452.40000	-0.00000
452.50000	-0.00000
452.60000	-0.00000
452.70000	-0.00000
452.80000	-0.00000
452.90000	-0.00000
453.00000	-0.00000
453.10000	-0.00000
453.20000	-0.00000
453.30000	-0.00000
453.40000	-0.00000
453.50000	-0.00000
453.60000	-0.00000
453.70000	-0.00000
453.80000	-0.00000
453.90000	-0.00000
454.00000	-0.00000
454.10000	-0.00000
454.20000	-0.00000
454.30000	-0.00000
454.40000	-0.00000
454.50000	-0.00000
454.60000	-0.00000
454.70000	-0.00000
454.80000	-0.00000
454.90000	-0.00000
455.00000	-0.00000
455.10000	-0.00000
455.20000	-0.00000
455.30000	-0.00000
455.40000	-0.00000
455.50000	-0.00000
455.60000	-0.00000
455.70000	-0.00000
455.80000	-0.00000
455.90000	-0.00000
456.00000	-0.00000
456.10000	-0.00000
456.20000	-0.00000
456.30000	-0.00000
456.40000	-0.00000
456.50000	-0.00000
456.60000	-0.00000
456.70000	-0.00000
456.80000	-0.00000
456.90000	-0.00000
457.00000	-0.00000
457.10000	-0.00000
457.20000	-0.00000
457.30000	-0.00000
457.40000	-0.00000
457.50000	-0.00000
457.60000	-0.00000
457.70000	-0.00000
457.80000	-0.00000
457.90000	-0.00000
458.00000	-0.00000
458.10000	-0.00000
458.20000	-0.00000
458.30000	-0.00000
458.40000	-0.00000
458.50000	-0.00000
458.60000	-0.00000
458.70000	-0.00000
458.80000	-0.00000
458.90000	-0.00000
459.00000	-0.00000
459.10000	-0.00000
459.20000	-0.00000
459.30000	-0.00000
459.40000	-0.00000
459.50000	-0.00000
459.60000	-0.00000
459.70000	-0.00000
459.80000	-0.00000
459.90000	-0.00000
460.00000	-0.00000
460.10000	-0.00000
460.20000	-0.00000
460.30000	-0.00000
460.40000	-0.00000
460.50000	-0.00000
460.60000	-0.00000
460.70000	-0.00000
460.80000	-0.00000
460.90000	-0.00000
461.00000	-0.00000
461.10000	-0.00000
461.20000	-0.00000
461.30000	-0.00000
461.40000	-0.00000
461.50000	-0.00000
461.60000	-0.00000
461.70000	-0.00000
461.80000	-0.00000
461.90000	-0.00000
462.00000	-0.00000
462.10000	-0.00000
462.20000	-0.00000
462.30000	-0.00000
462.40000	-0.00000
462.50000	-0.00000
462.60000	-0.00000
462.70000	-0.00000
462.80000	-0.00000
462.90000	-0.00000
463.00000	-0.00000
463.10000	-0.00000
463.20000	-0.00000
463.30000	-0.00000
463.40000	-0.00000
463.50000	-0.00000
463.60000	-0.00000
463.70000	-0.00000
463.80000	-0.00000
463.90000	-0.00000
464.00000	-0.00000
464.10000	-0.00000
464.20000	-0.00000
464.30000	-0.00000
464.40000	-0.00000
464.50000	-0.00000
464.60000	-0.00000
464.70000	-0.00000
464.80000	-0.00000
464.90000	-0.00000
465.00000	-0.00000
465.10000	-0.00000
465.20000	-0.00000
465.30000	-0.00000
465.40000	-0.00000
465.50000	-0.00000
465.60000	-0.00000
465.70000	-0.00000
465.80000	-0.00000
465.90000	-0.00000
466.00000	-0.00000
466.10000	-0.00000
466.20000	-0.00000
466.30000	-0.00000
466.40000	-0.00000
466.50000	-0.00000
466.60000	-0.00000
466.70000	-0.00000
466.80000	-0.00000
466.90000	-0.00000
467.00000	-0.00000
467.10000	-0.00000
467.20000	-0.00000
467.30000	-0.00000
467.40000	-0.00000
467.50000	-0.00000
467.60000	-0.00000
467.70000	-0.00000
467.80000	-0.00000
467.90000	-0.00000
468.00000	-0.00000
468.10000	-0.00000
468.20000	-0.00000
468.30000	-0.00000
468.40000	-0.00000
468.50000	-0.00000
468.60000	-0.00000
468.70000	-0.00000
468.80000	-0.00000
468.90000	-0.00000
469.00000	-0.00000
469.10000	-0.00000
469.20000	-0.00000
469.30000	-0.00000
469.40000	-0.00000
469.50000	-0.00000
469.60000	-0.00000
469.70000	-0.00000
469.80000	-0.00000
469.90000	-0.00000
470.00000	-0.00000
470.10000	-0.00000
470.20000	-0.00000
470.30000	-0.00000
470.40000	-0.00000
470.50000	-0.00000
470.60000	-0.00000
470.70000	-0.00000
470.80000	-0.00000
470.90000	-0.00000
471.00000	-0.00000
471.10000	-0.00000
471.20000	-0.00000
471.30000	-0.00000
471.40000	-0.00000
471.50000	-0.00000
471.60000	-0.00000
471.70000	-0.00000
471.80000	-0.00000
471.90000	-0.00000
472.00000	-0.00000
472.10000	-0.00000
472.20000	-0.00000
472.30000	-0.00000
472.40000	-0.00000
472.50000	-0.00000
472.60000	-0.00000
472.70000	-0.00000
472.80000	-0.00000
472.90000	-0.00000
473.00000	-0.00000
473.10000	-0.00000
473.20000	-0.00000
473.30000	-0.00000
473.40000	-0.00000
473.50000	-0.00000
473.60000	-0.00000
473.70000	-0.00000
473.80000	-0.00000
473.90000	-0.00000
474.00000	-0.00000
474.10000	-0.00000
474.20000	-0.00000
474.30000	-0.00000
474.40000	-0.00000
474.50000	-0.00000
474.60000	-0.00000
474.70000	-0.00000
474.80000	-0.00000
474.90000	-0.00000
475.00000	-0.00000
475.10000	-0.00000
475.20000	-0.00000
475.30000	-0.00000
475.40000	-0.00000
475.50000	-0.00000
475.60000	-0.00000
475.70000	-0.00000
475.80000	-0.00000
475.90000	-0.00000
476.00000	-0.00000
476.10000	-0.00000
476.20000	-0.00000
476.30000	-0.00000
476.40000	-0.00000
476.50000	-0.00000
476.60000	-0.00000
476.70000	-0.00000
476.80000	-0.00000
476.90000	-0.00000
477.00000	-0.00000
477.10000	-0.00000
477.20000	-0.00000
477.30000	-0.00000
477.40000	-0.00000
477.50000	-0.00000
477.60000	-0.00000
477.70000	-0.00000
477.80000	-0.00000
477.90000	-0.00000
478.00000	-0.00000
478.10000	-0.00000
478.20000	-0.00000
478.30000	-0.00000
478.40000	-0.00000
478.50000	-0.00000
478.60000	-0.00000
478.70000	-0.00000
478.80000	-0.00000
478.90000	-0.00000
479.00000	-0.00000
479.10000	-0.00000
479.20000	-0.00000
479.30000	-0.00000
479.40000	-0.00000
479.50000	-0.00000
479.60000	-0.00000
479.70000	-0.00000
479.80000	-0.00000
479.90000	-0.00000
480.00000	-0.00000
480.10000	-0.00000
480.20000	-0.00000
480.30000	-0.00000
480.40000	-0.00000
480.50000	-0.00000
480.60000	-0.00000
480.70000	-0.00000
480.80000	-0.00000
480.90000	-0.00000
481.00000	-0.00000
481.10000	-0.00000
481.20000	-0.00000
481.30000	-0.00000
481.40000	-0.00000
481.50000	-0.00000
481.60000	-0.00000
481.70000	-0.00000
481.80000	-0.00000
481.90000	-0.00000
482.00000	-0.00000
482.10000	-0.00000
482.20000	-0.00000
482.30000	-0.00000
482.40000	-0.00000
482.50000	-0.00000
482.60000	-0.00000
482.70000	-0.00000
482.80000	-0.00000
482.90000	-0.00000
483.00000	-0.00000
483.10000	-0.00000
483.20000	-0.00000
483.30000	-0.00000
483.40000	-0.00000
483.50000	-0.00000
483.60000	-0.00000
483.70000	-0.00000
483.80000	-0.00000
483.90000	-0.00000
484.00000	-0.00000
484.10000	-0.00000
484.20000	-0.00000
484.30000	-0.00000
484.40000	-0.00000
484.50000	-0.00000
484.60000	-0.00000
484.70000	-0.00000
484.80000	-0.00000
484.90000	-0.00000
485.00000	-0.00000
485.10000	-0.00000
485.20000	-0.00000
485.30000	-0.00000
485.40000	-0.00000
485.50000	-0.00000
485.60000	-0.00000
485.70000	-0.00000
485.80000	-0.00000
485.90000	-0.00000
486.00000	-0.00000
486.10000	-0.00000
486.20000	-0.00000
486.30000	-0.00000
486.40000	-0.00000
486.50000	-0.00000
486.60000	-0.00000
486.70000	-0.00000
486.80000	-0.00000
486.90000	-0.00000
487.00000	-0.00000
487.10000	-0.00000
487.20000	-0.00000
487.30000	-0.00000
487.40000	-0.00000
487.50000	-0.00000
487.60000	-0.00000
487.70000	-0.00000
487.80000	-0.00000
487.90000	-0.00000
488.00000	-0.00000
488.10000	-0.00000
488.20000	-0.00000
488.30000	-0.00000
488.40000	-0.00000
488.50000	-0.00000
488.60000	-0.00000
488.70000	-0.00000
488.80000	-0.00000
488.90000	-0.00000
489.00000	-0.00000
489.10000	-0.00000
489.20000	-0.00000
489.30000	-0.00000
489.40000	-0.00000
489.50000	-0.00000
489.60000	-0.00000
489.70000	-0.00000
489.80000	-0.00000
489.90000	-0.00000
490.00000	-0.00000
490.10000	-0.00000
490.20000	-0.00000
490.30000	-0.00000
490.40000	-0.00000
490.50000	-0.00000
490.60000	-0.00000
490.70000	-0.00000
490.80000	-0.00000
490.90000	-0.00000
491.00000	-0.00000
491.10000	-0.00000
491.20000	-0.00000
491.30000	-0.00000
491.40000	-0.00000
491.50000	-0.00000
491.60000	-0.00000
491.70000	-0.00000
491.80000	-0.00000
491.90000	-0.00000
492.00000	-0.00000
492.10000	-0.00000
492.20000	-0.00000
492.30000	-0.00000
492.40000	-0.00000
492.50000	-0.00000
492.60000	-0.00000
492.70000	-0.00000
492.80000	-0.00000
492.90000	-0.00000
493.00000	-0.00000
493.10000	-0.00000
493.20000	-0.00000
493.30000	-0.00000
493.40000	-0.00000
493.50000	-0.00000
493.60000	-0.00000
493.70000	-0.00000
493.80000	-0.00000
493.90000	-0.00000
494.00000	-0.00000
494.10000	-0.00000
494.20000	-0.00000
494.30000	-0.00000
494.40000	-0.00000
494.50000	-0.00000
494.60000	-0.00000
494.70000	-0.00000
494.80000	-0.00000
494.90000	-0.00000
495.00000	-0.00000
495.10000	-0.00000
495.20000	-0.00000
495.30000	-0.00000
495.40000	-0.00000
495.50000	-0.00000
495.60000	-0.00000
495.70000	-0.00000
495.80000	-0.00000
495.90000	-0.00000
496.00000	-0.00000
496.10000	-0.00000
496.20000	-0.00000
496.30000	-0.00000
496.40000	-0.00000
496.50000	-0.00000
496.60000	-0.00000
496.70000	-0.00000
496.80000	-0.00000
496.90000	-0.00000
497.00000	-0.00000
497.10000	-0.00000
497.20000	-0.00000
497.30000	-0.00000
497.40000	-0.00000
497.50000	-0.00000
497.60000	-0.00000
497.70000	-0.00000
497.80000	-0.00000
497.90000	-0.00000
498.00000	-0.00000
498.10000	-0.00000
498.20000	-0.00000
498.30000	-0.00000
498.40000	-0.00000
498.50000	-0.00000
498.60000	-0.00000
498.70000	-0.00000
498.80000	-0.00000
498.90000	-0.00000
499.00000	-0.00000
499.10000	-0.00000
499.20000	-0.00000
499.30000	-0.00000
499.40000	-0.00000
499.50000	-0.00000
499.60000	-0.00000
499.70000	-0.00000
499.80000	-0.00000
499.90000	-0.00000
500.00000	-0.00000
