WSM
F3OF
DT1
SURGE
t(s)	SURGE(m)
0.00000	5.00000
0.10000	4.99932
0.20000	4.99726
0.30000	4.99378
0.40000	4.98887
0.50000	4.98257
0.60000	4.97491
0.70000	4.96596
0.80000	4.95576
0.90000	4.94439
1.00000	4.93189
1.10000	4.91831
1.20000	4.90370
1.30000	4.88808
1.40000	4.87152
1.50000	4.85405
1.60000	4.83570
1.70000	4.81653
1.80000	4.79657
1.90000	4.77584
2.00000	4.75439
2.10000	4.73224
2.20000	4.70942
2.30000	4.68596
2.40000	4.66189
2.50000	4.63722
2.60000	4.61199
2.70000	4.58621
2.80000	4.55990
2.90000	4.53308
3.00000	4.50577
3.10000	4.47797
3.20000	4.44970
3.30000	4.42095
3.40000	4.39174
3.50000	4.36205
3.60000	4.33190
3.70000	4.30127
3.80000	4.27015
3.90000	4.23853
4.00000	4.20641
4.10000	4.17376
4.20000	4.14058
4.30000	4.10684
4.40000	4.07253
4.50000	4.03763
4.60000	4.00212
4.70000	3.96599
4.80000	3.92921
4.90000	3.89177
5.00000	3.85365
5.10000	3.81483
5.20000	3.77529
5.30000	3.73501
5.40000	3.69397
5.50000	3.65216
5.60000	3.60954
5.70000	3.56611
5.80000	3.52184
5.90000	3.47672
6.00000	3.43073
6.10000	3.38385
6.20000	3.33607
6.30000	3.28739
6.40000	3.23778
6.50000	3.18725
6.60000	3.13580
6.70000	3.08343
6.80000	3.03013
6.90000	2.97593
7.00000	2.92083
7.10000	2.86485
7.20000	2.80801
7.30000	2.75033
7.40000	2.69184
7.50000	2.63257
7.60000	2.57256
7.70000	2.51183
7.80000	2.45042
7.90000	2.38838
8.00000	2.32573
8.10000	2.26254
8.20000	2.19882
8.30000	2.13464
8.40000	2.07002
8.50000	2.00502
8.60000	1.93968
8.70000	1.87404
8.80000	1.80814
8.90000	1.74202
9.00000	1.67573
9.10000	1.60931
9.20000	1.54279
9.30000	1.47621
9.40000	1.40960
9.50000	1.34300
9.60000	1.27643
9.70000	1.20993
9.80000	1.14352
9.90000	1.07722
10.00000	1.01105
10.10000	0.94503
10.20000	0.87917
10.30000	0.81349
10.40000	0.74798
10.50000	0.68265
10.60000	0.61751
10.70000	0.55256
10.80000	0.48779
10.90000	0.42319
11.00000	0.35875
11.10000	0.29447
11.20000	0.23033
11.30000	0.16631
11.40000	0.10241
11.50000	0.03859
11.60000	-0.02515
11.70000	-0.08884
11.80000	-0.15250
11.90000	-0.21615
12.00000	-0.27981
12.10000	-0.34351
12.20000	-0.40725
12.30000	-0.47106
12.40000	-0.53497
12.50000	-0.59898
12.60000	-0.66311
12.70000	-0.72736
12.80000	-0.79177
12.90000	-0.85632
13.00000	-0.92102
13.10000	-0.98587
13.20000	-1.05088
13.30000	-1.11603
13.40000	-1.18133
13.50000	-1.24674
13.60000	-1.31227
13.70000	-1.37789
13.80000	-1.44358
13.90000	-1.50931
14.00000	-1.57506
14.10000	-1.64079
14.20000	-1.70648
14.30000	-1.77208
14.40000	-1.83756
14.50000	-1.90289
14.60000	-1.96801
14.70000	-2.03288
14.80000	-2.09748
14.90000	-2.16174
15.00000	-2.22563
15.10000	-2.28911
15.20000	-2.35213
15.30000	-2.41465
15.40000	-2.47663
15.50000	-2.53804
15.60000	-2.59882
15.70000	-2.65896
15.80000	-2.71840
15.90000	-2.77713
16.00000	-2.83511
16.10000	-2.89232
16.20000	-2.94872
16.30000	-3.00431
16.40000	-3.05905
16.50000	-3.11294
16.60000	-3.16595
16.70000	-3.21808
16.80000	-3.26933
16.90000	-3.31967
17.00000	-3.36911
17.10000	-3.41765
17.20000	-3.46529
17.30000	-3.51203
17.40000	-3.55787
17.50000	-3.60283
17.60000	-3.64692
17.70000	-3.69015
17.80000	-3.73252
17.90000	-3.77406
18.00000	-3.81477
18.10000	-3.85469
18.20000	-3.89382
18.30000	-3.93219
18.40000	-3.96981
18.50000	-4.00670
18.60000	-4.04289
18.70000	-4.07839
18.80000	-4.11323
18.90000	-4.14742
19.00000	-4.18098
19.10000	-4.21393
19.20000	-4.24629
19.30000	-4.27807
19.40000	-4.30927
19.50000	-4.33993
19.60000	-4.37004
19.70000	-4.39961
19.80000	-4.42864
19.90000	-4.45715
20.00000	-4.48513
20.10000	-4.51258
20.20000	-4.53949
20.30000	-4.56586
20.40000	-4.59168
20.50000	-4.61694
20.60000	-4.64162
20.70000	-4.66570
20.80000	-4.68917
20.90000	-4.71201
21.00000	-4.73419
21.10000	-4.75568
21.20000	-4.77646
21.30000	-4.79650
21.40000	-4.81577
21.50000	-4.83424
21.60000	-4.85188
21.70000	-4.86866
21.80000	-4.88454
21.90000	-4.89949
22.00000	-4.91348
22.10000	-4.92649
22.20000	-4.93847
22.30000	-4.94941
22.40000	-4.95927
22.50000	-4.96804
22.60000	-4.97569
22.70000	-4.98219
22.80000	-4.98753
22.90000	-4.99169
23.00000	-4.99466
23.10000	-4.99643
23.20000	-4.99699
23.30000	-4.99634
23.40000	-4.99446
23.50000	-4.99137
23.60000	-4.98707
23.70000	-4.98156
23.80000	-4.97485
23.90000	-4.96695
24.00000	-4.95788
24.10000	-4.94766
24.20000	-4.93630
24.30000	-4.92383
24.40000	-4.91026
24.50000	-4.89563
24.60000	-4.87996
24.70000	-4.86328
24.80000	-4.84563
24.90000	-4.82702
25.00000	-4.80749
25.10000	-4.78707
25.20000	-4.76579
25.30000	-4.74369
25.40000	-4.72080
25.50000	-4.69714
25.60000	-4.67275
25.70000	-4.64765
25.80000	-4.62187
25.90000	-4.59543
26.00000	-4.56837
26.10000	-4.54070
26.20000	-4.51244
26.30000	-4.48360
26.40000	-4.45422
26.50000	-4.42428
26.60000	-4.39382
26.70000	-4.36282
26.80000	-4.33131
26.90000	-4.29928
27.00000	-4.26673
27.10000	-4.23366
27.20000	-4.20007
27.30000	-4.16594
27.40000	-4.13128
27.50000	-4.09606
27.60000	-4.06028
27.70000	-4.02393
27.80000	-3.98698
27.90000	-3.94942
28.00000	-3.91123
28.10000	-3.87240
28.20000	-3.83291
28.30000	-3.79273
28.40000	-3.75186
28.50000	-3.71026
28.60000	-3.66792
28.70000	-3.62483
28.80000	-3.58096
28.90000	-3.53631
29.00000	-3.49086
29.10000	-3.44459
29.20000	-3.39749
29.30000	-3.34956
29.40000	-3.30080
29.50000	-3.25118
29.60000	-3.20072
29.70000	-3.14940
29.80000	-3.09725
29.90000	-3.04425
30.00000	-2.99042
30.10000	-2.93576
30.20000	-2.88029
30.30000	-2.82403
30.40000	-2.76699
30.50000	-2.70919
30.60000	-2.65065
30.70000	-2.59140
30.80000	-2.53146
30.90000	-2.47087
31.00000	-2.40965
31.10000	-2.34783
31.20000	-2.28545
31.30000	-2.22254
31.40000	-2.15914
31.50000	-2.09528
31.60000	-2.03100
31.70000	-1.96634
31.80000	-1.90133
31.90000	-1.83601
32.00000	-1.77041
32.10000	-1.70458
32.20000	-1.63855
32.30000	-1.57235
32.40000	-1.50602
32.50000	-1.43958
32.60000	-1.37308
32.70000	-1.30652
32.80000	-1.23995
32.90000	-1.17339
33.00000	-1.10686
33.10000	-1.04038
33.20000	-0.97396
33.30000	-0.90763
33.40000	-0.84139
33.50000	-0.77525
33.60000	-0.70923
33.70000	-0.64333
33.80000	-0.57756
33.90000	-0.51190
34.00000	-0.44638
34.10000	-0.38097
34.20000	-0.31567
34.30000	-0.25049
34.40000	-0.18541
34.50000	-0.12041
34.60000	-0.05551
34.70000	0.00933
34.80000	0.07411
34.90000	0.13885
35.00000	0.20355
35.10000	0.26823
35.20000	0.33291
35.30000	0.39759
35.40000	0.46229
35.50000	0.52701
35.60000	0.59177
35.70000	0.65658
35.80000	0.72144
35.90000	0.78636
36.00000	0.85134
36.10000	0.91639
36.20000	0.98149
36.30000	1.04666
36.40000	1.11189
36.50000	1.17717
36.60000	1.24249
36.70000	1.30783
36.80000	1.37320
36.90000	1.43856
37.00000	1.50390
37.10000	1.56921
37.20000	1.63445
37.30000	1.69960
37.40000	1.76465
37.50000	1.82955
37.60000	1.89428
37.70000	1.95880
37.80000	2.02310
37.90000	2.08712
38.00000	2.15084
38.10000	2.21422
38.20000	2.27722
38.30000	2.33982
38.40000	2.40197
38.50000	2.46364
38.60000	2.52480
38.70000	2.58540
38.80000	2.64542
38.90000	2.70483
39.00000	2.76359
39.10000	2.82168
39.20000	2.87906
39.30000	2.93572
39.40000	2.99162
39.50000	3.04675
39.60000	3.10109
39.70000	3.15461
39.80000	3.20732
39.90000	3.25918
40.00000	3.31020
40.10000	3.36036
40.20000	3.40966
40.30000	3.45809
40.40000	3.50566
40.50000	3.55237
40.60000	3.59822
40.70000	3.64321
40.80000	3.68736
40.90000	3.73067
41.00000	3.77316
41.10000	3.81483
41.20000	3.85570
41.30000	3.89578
41.40000	3.93508
41.50000	3.97363
41.60000	4.01144
41.70000	4.04853
41.80000	4.08490
41.90000	4.12058
42.00000	4.15559
42.10000	4.18993
42.20000	4.22361
42.30000	4.25666
42.40000	4.28909
42.50000	4.32089
42.60000	4.35209
42.70000	4.38269
42.80000	4.41269
42.90000	4.44210
43.00000	4.47092
43.10000	4.49915
43.20000	4.52678
43.30000	4.55382
43.40000	4.58025
43.50000	4.60607
43.60000	4.63127
43.70000	4.65584
43.80000	4.67975
43.90000	4.70300
44.00000	4.72557
44.10000	4.74744
44.20000	4.76859
44.30000	4.78899
44.40000	4.80863
44.50000	4.82748
44.60000	4.84552
44.70000	4.86271
44.80000	4.87905
44.90000	4.89450
45.00000	4.90903
45.10000	4.92263
45.20000	4.93526
45.30000	4.94691
45.40000	4.95755
45.50000	4.96717
45.60000	4.97573
45.70000	4.98322
45.80000	4.98963
45.90000	4.99494
46.00000	4.99913
46.10000	5.00220
46.20000	5.00413
46.30000	5.00491
46.40000	5.00455
46.50000	5.00304
46.60000	5.00037
46.70000	4.99656
46.80000	4.99160
46.90000	4.98549
47.00000	4.97826
47.10000	4.96990
47.20000	4.96043
47.30000	4.94987
47.40000	4.93823
47.50000	4.92552
47.60000	4.91177
47.70000	4.89700
47.80000	4.88123
47.90000	4.86448
48.00000	4.84678
48.10000	4.82814
48.20000	4.80860
48.30000	4.78818
48.40000	4.76690
48.50000	4.74479
48.60000	4.72188
48.70000	4.69818
48.80000	4.67372
48.90000	4.64852
49.00000	4.62260
49.10000	4.59599
49.20000	4.56871
49.30000	4.54076
49.40000	4.51217
49.50000	4.48295
49.60000	4.45311
49.70000	4.42267
49.80000	4.39163
49.90000	4.36001
50.00000	4.32779
50.10000	4.29500
50.20000	4.26163
50.30000	4.22767
50.40000	4.19314
50.50000	4.15802
50.60000	4.12230
50.70000	4.08600
50.80000	4.04908
50.90000	4.01155
51.00000	3.97339
51.10000	3.93460
51.20000	3.89516
51.30000	3.85505
51.40000	3.81427
51.50000	3.77280
51.60000	3.73063
51.70000	3.68775
51.80000	3.64414
51.90000	3.59979
52.00000	3.55468
52.10000	3.50882
52.20000	3.46219
52.30000	3.41477
52.40000	3.36657
52.50000	3.31759
52.60000	3.26780
52.70000	3.21723
52.80000	3.16586
52.90000	3.11369
53.00000	3.06074
53.10000	3.00701
53.20000	2.95250
53.30000	2.89724
53.40000	2.84122
53.50000	2.78448
53.60000	2.72701
53.70000	2.66885
53.80000	2.61001
53.90000	2.55051
54.00000	2.49039
54.10000	2.42966
54.20000	2.36835
54.30000	2.30650
54.40000	2.24412
54.50000	2.18125
54.60000	2.11793
54.70000	2.05417
54.80000	1.99002
54.90000	1.92551
55.00000	1.86066
55.10000	1.79552
55.20000	1.73010
55.30000	1.66445
55.40000	1.59858
55.50000	1.53254
55.60000	1.46635
55.70000	1.40003
55.80000	1.33361
55.90000	1.26711
56.00000	1.20056
56.10000	1.13398
56.20000	1.06738
56.30000	1.00079
56.40000	0.93422
56.50000	0.86768
56.60000	0.80118
56.70000	0.73473
56.80000	0.66835
56.90000	0.60204
57.00000	0.53579
57.10000	0.46963
57.20000	0.40354
57.30000	0.33752
57.40000	0.27158
57.50000	0.20571
57.60000	0.13991
57.70000	0.07417
57.80000	0.00849
57.90000	-0.05714
58.00000	-0.12272
58.10000	-0.18826
58.20000	-0.25378
58.30000	-0.31927
58.40000	-0.38474
58.50000	-0.45021
58.60000	-0.51567
58.70000	-0.58112
58.80000	-0.64659
58.90000	-0.71206
59.00000	-0.77754
59.10000	-0.84303
59.20000	-0.90853
59.30000	-0.97404
59.40000	-1.03955
59.50000	-1.10506
59.60000	-1.17056
59.70000	-1.23605
59.80000	-1.30150
59.90000	-1.36692
60.00000	-1.43229
60.10000	-1.49758
60.20000	-1.56279
60.30000	-1.62789
60.40000	-1.69286
60.50000	-1.75768
60.60000	-1.82233
60.70000	-1.88678
60.80000	-1.95101
60.90000	-2.01498
61.00000	-2.07868
61.10000	-2.14206
61.20000	-2.20511
61.30000	-2.26779
61.40000	-2.33008
61.50000	-2.39194
61.60000	-2.45334
61.70000	-2.51425
61.80000	-2.57464
61.90000	-2.63450
62.00000	-2.69377
62.10000	-2.75245
62.20000	-2.81050
62.30000	-2.86790
62.40000	-2.92463
62.50000	-2.98066
62.60000	-3.03598
62.70000	-3.09056
62.80000	-3.14439
62.90000	-3.19745
63.00000	-3.24973
63.10000	-3.30122
63.20000	-3.35191
63.30000	-3.40179
63.40000	-3.45085
63.50000	-3.49910
63.60000	-3.54652
63.70000	-3.59313
63.80000	-3.63891
63.90000	-3.68388
64.00000	-3.72804
64.10000	-3.77139
64.20000	-3.81394
64.30000	-3.85570
64.40000	-3.89668
64.50000	-3.93688
64.60000	-3.97632
64.70000	-4.01501
64.80000	-4.05296
64.90000	-4.09017
65.00000	-4.12667
65.10000	-4.16246
65.20000	-4.19756
65.30000	-4.23196
65.40000	-4.26569
65.50000	-4.29874
65.60000	-4.33114
65.70000	-4.36287
65.80000	-4.39396
65.90000	-4.42439
66.00000	-4.45419
66.10000	-4.48333
66.20000	-4.51183
66.30000	-4.53969
66.40000	-4.56689
66.50000	-4.59344
66.60000	-4.61933
66.70000	-4.64455
66.80000	-4.66908
66.90000	-4.69293
67.00000	-4.71606
67.10000	-4.73849
67.20000	-4.76017
67.30000	-4.78111
67.40000	-4.80129
67.50000	-4.82067
67.60000	-4.83926
67.70000	-4.85702
67.80000	-4.87394
67.90000	-4.88999
68.00000	-4.90516
68.10000	-4.91943
68.20000	-4.93278
68.30000	-4.94518
68.40000	-4.95663
68.50000	-4.96709
68.60000	-4.97655
68.70000	-4.98500
68.80000	-4.99242
68.90000	-4.99880
69.00000	-5.00412
69.10000	-5.00837
69.20000	-5.01154
69.30000	-5.01362
69.40000	-5.01461
69.50000	-5.01450
69.60000	-5.01329
69.70000	-5.01097
69.80000	-5.00755
69.90000	-5.00303
70.00000	-4.99741
70.10000	-4.99070
70.20000	-4.98290
70.30000	-4.97403
70.40000	-4.96409
70.50000	-4.95310
70.60000	-4.94108
70.70000	-4.92802
70.80000	-4.91396
70.90000	-4.89891
71.00000	-4.88289
71.10000	-4.86591
71.20000	-4.84799
71.30000	-4.82916
71.40000	-4.80944
71.50000	-4.78884
71.60000	-4.76738
71.70000	-4.74509
71.80000	-4.72198
71.90000	-4.69808
72.00000	-4.67340
72.10000	-4.64796
72.20000	-4.62178
72.30000	-4.59488
72.40000	-4.56726
72.50000	-4.53895
72.60000	-4.50996
72.70000	-4.48029
72.80000	-4.44997
72.90000	-4.41899
73.00000	-4.38737
73.10000	-4.35511
73.20000	-4.32221
73.30000	-4.28869
73.40000	-4.25454
73.50000	-4.21976
73.60000	-4.18435
73.70000	-4.14831
73.80000	-4.11164
73.90000	-4.07433
74.00000	-4.03638
74.10000	-3.99778
74.20000	-3.95853
74.30000	-3.91861
74.40000	-3.87802
74.50000	-3.83676
74.60000	-3.79480
74.70000	-3.75216
74.80000	-3.70880
74.90000	-3.66474
75.00000	-3.61996
75.10000	-3.57445
75.20000	-3.52821
75.30000	-3.48123
75.40000	-3.43350
75.50000	-3.38503
75.60000	-3.33581
75.70000	-3.28584
75.80000	-3.23512
75.90000	-3.18365
76.00000	-3.13144
76.10000	-3.07848
76.20000	-3.02479
76.30000	-2.97037
76.40000	-2.91524
76.50000	-2.85939
76.60000	-2.80286
76.70000	-2.74564
76.80000	-2.68777
76.90000	-2.62924
77.00000	-2.57010
77.10000	-2.51034
77.20000	-2.45000
77.30000	-2.38910
77.40000	-2.32766
77.50000	-2.26571
77.60000	-2.20327
77.70000	-2.14037
77.80000	-2.07704
77.90000	-2.01329
78.00000	-1.94917
78.10000	-1.88470
78.20000	-1.81990
78.30000	-1.75480
78.40000	-1.68944
78.50000	-1.62383
78.60000	-1.55800
78.70000	-1.49197
78.80000	-1.42578
78.90000	-1.35945
79.00000	-1.29298
79.10000	-1.22642
79.20000	-1.15977
79.30000	-1.09306
79.40000	-1.02630
79.50000	-0.95951
79.60000	-0.89271
79.70000	-0.82589
79.80000	-0.75909
79.90000	-0.69230
80.00000	-0.62554
80.10000	-0.55880
80.20000	-0.49211
80.30000	-0.42546
80.40000	-0.35885
80.50000	-0.29229
80.60000	-0.22578
80.70000	-0.15932
80.80000	-0.09290
80.90000	-0.02654
81.00000	0.03979
81.10000	0.10607
81.20000	0.17230
81.30000	0.23851
81.40000	0.30467
81.50000	0.37081
81.60000	0.43692
81.70000	0.50300
81.80000	0.56905
81.90000	0.63508
82.00000	0.70109
82.10000	0.76707
82.20000	0.83303
82.30000	0.89895
82.40000	0.96485
82.50000	1.03071
82.60000	1.09653
82.70000	1.16229
82.80000	1.22800
82.90000	1.29364
83.00000	1.35919
83.10000	1.42465
83.20000	1.49001
83.30000	1.55524
83.40000	1.62033
83.50000	1.68526
83.60000	1.75001
83.70000	1.81456
83.80000	1.87889
83.90000	1.94298
84.00000	2.00680
84.10000	2.07033
84.20000	2.13354
84.30000	2.19641
84.40000	2.25892
84.50000	2.32103
84.60000	2.38272
84.70000	2.44397
84.80000	2.50475
84.90000	2.56503
85.00000	2.62479
85.10000	2.68401
85.20000	2.74266
85.30000	2.80071
85.40000	2.85815
85.50000	2.91496
85.60000	2.97111
85.70000	3.02659
85.80000	3.08138
85.90000	3.13546
86.00000	3.18882
86.10000	3.24145
86.20000	3.29333
86.30000	3.34445
86.40000	3.39481
86.50000	3.44439
86.60000	3.49320
86.70000	3.54122
86.80000	3.58846
86.90000	3.63491
87.00000	3.68057
87.10000	3.72545
87.20000	3.76954
87.30000	3.81285
87.40000	3.85538
87.50000	3.89713
87.60000	3.93812
87.70000	3.97835
87.80000	4.01782
87.90000	4.05653
88.00000	4.09451
88.10000	4.13175
88.20000	4.16826
88.30000	4.20405
88.40000	4.23912
88.50000	4.27348
88.60000	4.30714
88.70000	4.34009
88.80000	4.37235
88.90000	4.40392
89.00000	4.43480
89.10000	4.46499
89.20000	4.49448
89.30000	4.52329
89.40000	4.55141
89.50000	4.57883
89.60000	4.60556
89.70000	4.63158
89.80000	4.65689
89.90000	4.68148
90.00000	4.70534
90.10000	4.72846
90.20000	4.75084
90.30000	4.77245
90.40000	4.79329
90.50000	4.81335
90.60000	4.83260
90.70000	4.85103
90.80000	4.86863
90.90000	4.88539
91.00000	4.90128
91.10000	4.91629
91.20000	4.93040
91.30000	4.94361
91.40000	4.95588
91.50000	4.96720
91.60000	4.97757
91.70000	4.98697
91.80000	4.99537
91.90000	5.00278
92.00000	5.00917
92.10000	5.01453
92.20000	5.01887
92.30000	5.02215
92.40000	5.02439
92.50000	5.02557
92.60000	5.02569
92.70000	5.02475
92.80000	5.02274
92.90000	5.01966
93.00000	5.01551
93.10000	5.01030
93.20000	5.00403
93.30000	4.99670
93.40000	4.98833
93.50000	4.97891
93.60000	4.96847
93.70000	4.95700
93.80000	4.94453
93.90000	4.93105
94.00000	4.91660
94.10000	4.90118
94.20000	4.88480
94.30000	4.86748
94.40000	4.84924
94.50000	4.83010
94.60000	4.81007
94.70000	4.78916
94.80000	4.76740
94.90000	4.74480
95.00000	4.72138
95.10000	4.69715
95.20000	4.67213
95.30000	4.64634
95.40000	4.61978
95.50000	4.59247
95.60000	4.56443
95.70000	4.53566
95.80000	4.50618
95.90000	4.47600
96.00000	4.44512
96.10000	4.41355
96.20000	4.38131
96.30000	4.34839
96.40000	4.31480
96.50000	4.28054
96.60000	4.24562
96.70000	4.21004
96.80000	4.17379
96.90000	4.13688
97.00000	4.09931
97.10000	4.06106
97.20000	4.02215
97.30000	3.98257
97.40000	3.94231
97.50000	3.90137
97.60000	3.85974
97.70000	3.81743
97.80000	3.77441
97.90000	3.73070
98.00000	3.68629
98.10000	3.64117
98.20000	3.59534
98.30000	3.54879
98.40000	3.50152
98.50000	3.45354
98.60000	3.40483
98.70000	3.35541
98.80000	3.30526
98.90000	3.25440
99.00000	3.20281
99.10000	3.15052
99.20000	3.09752
99.30000	3.04382
99.40000	2.98943
99.50000	2.93436
99.60000	2.87861
99.70000	2.82220
99.80000	2.76514
99.90000	2.70745
100.00000	2.64914
100.10000	2.59023
100.20000	2.53073
100.30000	2.47067
100.40000	2.41005
100.50000	2.34892
100.60000	2.28728
100.70000	2.22515
100.80000	2.16257
100.90000	2.09954
101.00000	2.03611
101.10000	1.97228
101.20000	1.90809
101.30000	1.84356
101.40000	1.77871
101.50000	1.71356
101.60000	1.64815
101.70000	1.58248
101.80000	1.51659
101.90000	1.45050
102.00000	1.38423
102.10000	1.31779
102.20000	1.25122
102.30000	1.18452
102.40000	1.11771
102.50000	1.05082
102.60000	0.98385
102.70000	0.91683
102.80000	0.84976
102.90000	0.78266
103.00000	0.71553
103.10000	0.64840
103.20000	0.58126
103.30000	0.51413
103.40000	0.44701
103.50000	0.37991
103.60000	0.31284
103.70000	0.24579
103.80000	0.17877
103.90000	0.11179
104.00000	0.04484
104.10000	-0.02208
104.20000	-0.08895
104.30000	-0.15579
104.40000	-0.22258
104.50000	-0.28934
104.60000	-0.35605
104.70000	-0.42273
104.80000	-0.48936
104.90000	-0.55595
105.00000	-0.62249
105.10000	-0.68899
105.20000	-0.75544
105.30000	-0.82183
105.40000	-0.88817
105.50000	-0.95444
105.60000	-1.02065
105.70000	-1.08678
105.80000	-1.15283
105.90000	-1.21879
106.00000	-1.28464
106.10000	-1.35038
106.20000	-1.41600
106.30000	-1.48147
106.40000	-1.54679
106.50000	-1.61195
106.60000	-1.67692
106.70000	-1.74169
106.80000	-1.80624
106.90000	-1.87054
107.00000	-1.93459
107.10000	-1.99836
107.20000	-2.06183
107.30000	-2.12498
107.40000	-2.18778
107.50000	-2.25021
107.60000	-2.31225
107.70000	-2.37388
107.80000	-2.43508
107.90000	-2.49582
108.00000	-2.55607
108.10000	-2.61583
108.20000	-2.67506
108.30000	-2.73374
108.40000	-2.79186
108.50000	-2.84939
108.60000	-2.90631
108.70000	-2.96262
108.80000	-3.01828
108.90000	-3.07328
109.00000	-3.12761
109.10000	-3.18125
109.20000	-3.23420
109.30000	-3.28643
109.40000	-3.33794
109.50000	-3.38872
109.60000	-3.43876
109.70000	-3.48805
109.80000	-3.53658
109.90000	-3.58436
110.00000	-3.63138
110.10000	-3.67763
110.20000	-3.72312
110.30000	-3.76784
110.40000	-3.81179
110.50000	-3.85497
110.60000	-3.89739
110.70000	-3.93905
110.80000	-3.97995
110.90000	-4.02009
111.00000	-4.05948
111.10000	-4.09811
111.20000	-4.13600
111.30000	-4.17315
111.40000	-4.20956
111.50000	-4.24523
111.60000	-4.28018
111.70000	-4.31439
111.80000	-4.34787
111.90000	-4.38064
112.00000	-4.41267
112.10000	-4.44399
112.20000	-4.47459
112.30000	-4.50446
112.40000	-4.53361
112.50000	-4.56203
112.60000	-4.58972
112.70000	-4.61668
112.80000	-4.64290
112.90000	-4.66838
113.00000	-4.69310
113.10000	-4.71707
113.20000	-4.74028
113.30000	-4.76270
113.40000	-4.78434
113.50000	-4.80519
113.60000	-4.82523
113.70000	-4.84445
113.80000	-4.86284
113.90000	-4.88039
114.00000	-4.89709
114.10000	-4.91291
114.20000	-4.92785
114.30000	-4.94190
114.40000	-4.95503
114.50000	-4.96725
114.60000	-4.97853
114.70000	-4.98887
114.80000	-4.99824
114.90000	-5.00665
115.00000	-5.01408
115.10000	-5.02051
115.20000	-5.02594
115.30000	-5.03037
115.40000	-5.03378
115.50000	-5.03616
115.60000	-5.03752
115.70000	-5.03785
115.80000	-5.03714
115.90000	-5.03539
116.00000	-5.03260
116.10000	-5.02878
116.20000	-5.02391
116.30000	-5.01802
116.40000	-5.01109
116.50000	-5.00314
116.60000	-4.99416
116.70000	-4.98418
116.80000	-4.97319
116.90000	-4.96120
117.00000	-4.94823
117.10000	-4.93428
117.20000	-4.91937
117.30000	-4.90351
117.40000	-4.88671
117.50000	-4.86898
117.60000	-4.85034
117.70000	-4.83080
117.80000	-4.81038
117.90000	-4.78908
118.00000	-4.76693
118.10000	-4.74393
118.20000	-4.72010
118.30000	-4.69546
118.40000	-4.67001
118.50000	-4.64377
118.60000	-4.61675
118.70000	-4.58897
118.80000	-4.56042
118.90000	-4.53113
119.00000	-4.50110
119.10000	-4.47034
119.20000	-4.43886
119.30000	-4.40667
119.40000	-4.37377
119.50000	-4.34016
119.60000	-4.30586
119.70000	-4.27086
119.80000	-4.23517
119.90000	-4.19880
120.00000	-4.16173
120.10000	-4.12397
120.20000	-4.08553
120.30000	-4.04640
120.40000	-4.00659
120.50000	-3.96608
120.60000	-3.92489
120.70000	-3.88300
120.80000	-3.84042
120.90000	-3.79714
121.00000	-3.75316
121.10000	-3.70848
121.20000	-3.66311
121.30000	-3.61703
121.40000	-3.57024
121.50000	-3.52275
121.60000	-3.47456
121.70000	-3.42567
121.80000	-3.37607
121.90000	-3.32578
122.00000	-3.27478
122.10000	-3.22310
122.20000	-3.17073
122.30000	-3.11767
122.40000	-3.06394
122.50000	-3.00955
122.60000	-2.95449
122.70000	-2.89879
122.80000	-2.84245
122.90000	-2.78548
123.00000	-2.72790
123.10000	-2.66972
123.20000	-2.61095
123.30000	-2.55162
123.40000	-2.49174
123.50000	-2.43132
123.60000	-2.37038
123.70000	-2.30895
123.80000	-2.24704
123.90000	-2.18467
124.00000	-2.12186
124.10000	-2.05864
124.20000	-1.99502
124.30000	-1.93103
124.40000	-1.86668
124.50000	-1.80200
124.60000	-1.73701
124.70000	-1.67173
124.80000	-1.60618
124.90000	-1.54039
125.00000	-1.47436
125.10000	-1.40813
125.20000	-1.34171
125.30000	-1.27511
125.40000	-1.20836
125.50000	-1.14148
125.60000	-1.07447
125.70000	-1.00736
125.80000	-0.94016
125.90000	-0.87288
126.00000	-0.80553
126.10000	-0.73814
126.20000	-0.67070
126.30000	-0.60323
126.40000	-0.53574
126.50000	-0.46824
126.60000	-0.40073
126.70000	-0.33322
126.80000	-0.26572
126.90000	-0.19824
127.00000	-0.13077
127.10000	-0.06333
127.20000	0.00409
127.30000	0.07148
127.40000	0.13883
127.50000	0.20614
127.60000	0.27341
127.70000	0.34063
127.80000	0.40781
127.90000	0.47494
128.00000	0.54201
128.10000	0.60902
128.20000	0.67597
128.30000	0.74285
128.40000	0.80966
128.50000	0.87638
128.60000	0.94303
128.70000	1.00958
128.80000	1.07603
128.90000	1.14238
129.00000	1.20860
129.10000	1.27470
129.20000	1.34066
129.30000	1.40647
129.40000	1.47212
129.50000	1.53759
129.60000	1.60287
129.70000	1.66794
129.80000	1.73280
129.90000	1.79741
130.00000	1.86178
130.10000	1.92587
130.20000	1.98966
130.30000	2.05315
130.40000	2.11631
130.50000	2.17913
130.60000	2.24157
130.70000	2.30362
130.80000	2.36527
130.90000	2.42649
131.00000	2.48726
131.10000	2.54755
131.20000	2.60736
131.30000	2.66666
131.40000	2.72544
131.50000	2.78366
131.60000	2.84132
131.70000	2.89840
131.80000	2.95488
131.90000	3.01074
132.00000	3.06597
132.10000	3.12056
132.20000	3.17448
132.30000	3.22773
132.40000	3.28030
132.50000	3.33217
132.60000	3.38334
132.70000	3.43379
132.80000	3.48351
132.90000	3.53251
133.00000	3.58077
133.10000	3.62828
133.20000	3.67506
133.30000	3.72108
133.40000	3.76634
133.50000	3.81086
133.60000	3.85461
133.70000	3.89761
133.80000	3.93986
133.90000	3.98134
134.00000	4.02207
134.10000	4.06204
134.20000	4.10126
134.30000	4.13973
134.40000	4.17744
134.50000	4.21440
134.60000	4.25062
134.70000	4.28608
134.80000	4.32080
134.90000	4.35478
135.00000	4.38801
135.10000	4.42049
135.20000	4.45223
135.30000	4.48322
135.40000	4.51347
135.50000	4.54296
135.60000	4.57171
135.70000	4.59969
135.80000	4.62692
135.90000	4.65338
136.00000	4.67908
136.10000	4.70399
136.20000	4.72813
136.30000	4.75148
136.40000	4.77403
136.50000	4.79577
136.60000	4.81670
136.70000	4.83681
136.80000	4.85609
136.90000	4.87452
137.00000	4.89210
137.10000	4.90881
137.20000	4.92465
137.30000	4.93961
137.40000	4.95366
137.50000	4.96682
137.60000	4.97905
137.70000	4.99035
137.80000	5.00072
137.90000	5.01013
138.00000	5.01859
138.10000	5.02608
138.20000	5.03260
138.30000	5.03813
138.40000	5.04267
138.50000	5.04622
138.60000	5.04876
138.70000	5.05029
138.80000	5.05082
138.90000	5.05033
139.00000	5.04882
139.10000	5.04630
139.20000	5.04276
139.30000	5.03821
139.40000	5.03264
139.50000	5.02605
139.60000	5.01847
139.70000	5.00987
139.80000	5.00028
139.90000	4.98970
140.00000	4.97813
140.10000	4.96559
140.20000	4.95208
140.30000	4.93760
140.40000	4.92218
140.50000	4.90582
140.60000	4.88854
140.70000	4.87033
140.80000	4.85122
140.90000	4.83121
141.00000	4.81032
141.10000	4.78855
141.20000	4.76593
141.30000	4.74246
141.40000	4.71815
141.50000	4.69302
141.60000	4.66707
141.70000	4.64032
141.80000	4.61278
141.90000	4.58445
142.00000	4.55535
142.10000	4.52548
142.20000	4.49485
142.30000	4.46348
142.40000	4.43136
142.50000	4.39851
142.60000	4.36492
142.70000	4.33062
142.80000	4.29559
142.90000	4.25984
143.00000	4.22339
143.10000	4.18623
143.20000	4.14835
143.30000	4.10978
143.40000	4.07050
143.50000	4.03052
143.60000	3.98984
143.70000	3.94846
143.80000	3.90638
143.90000	3.86360
144.00000	3.82012
144.10000	3.77594
144.20000	3.73107
144.30000	3.68549
144.40000	3.63922
144.50000	3.59226
144.60000	3.54460
144.70000	3.49624
144.80000	3.44720
144.90000	3.39747
145.00000	3.34705
145.10000	3.29596
145.20000	3.24418
145.30000	3.19174
145.40000	3.13864
145.50000	3.08487
145.60000	3.03046
145.70000	2.97541
145.80000	2.91973
145.90000	2.86342
146.00000	2.80651
146.10000	2.74900
146.20000	2.69091
146.30000	2.63224
146.40000	2.57302
146.50000	2.51325
146.60000	2.45297
146.70000	2.39217
146.80000	2.33088
146.90000	2.26911
147.00000	2.20689
147.10000	2.14423
147.20000	2.08115
147.30000	2.01767
147.40000	1.95381
147.50000	1.88958
147.60000	1.82502
147.70000	1.76013
147.80000	1.69493
147.90000	1.62945
148.00000	1.56370
148.10000	1.49771
148.20000	1.43148
148.30000	1.36504
148.40000	1.29841
148.50000	1.23160
148.60000	1.16463
148.70000	1.09751
148.80000	1.03026
148.90000	0.96289
149.00000	0.89542
149.10000	0.82786
149.20000	0.76022
149.30000	0.69252
149.40000	0.62476
149.50000	0.55696
149.60000	0.48913
149.70000	0.42127
149.80000	0.35339
149.90000	0.28550
150.00000	0.21761
150.10000	0.14973
150.20000	0.08186
150.30000	0.01401
150.40000	-0.05382
150.50000	-0.12162
150.60000	-0.18938
150.70000	-0.25710
150.80000	-0.32477
150.90000	-0.39239
151.00000	-0.45996
151.10000	-0.52746
151.20000	-0.59490
151.30000	-0.66226
151.40000	-0.72954
151.50000	-0.79673
151.60000	-0.86383
151.70000	-0.93083
151.80000	-0.99772
151.90000	-1.06449
152.00000	-1.13113
152.10000	-1.19764
152.20000	-1.26400
152.30000	-1.33020
152.40000	-1.39624
152.50000	-1.46209
152.60000	-1.52775
152.70000	-1.59320
152.80000	-1.65843
152.90000	-1.72342
153.00000	-1.78816
153.10000	-1.85263
153.20000	-1.91682
153.30000	-1.98071
153.40000	-2.04429
153.50000	-2.10752
153.60000	-2.17041
153.70000	-2.23293
153.80000	-2.29505
153.90000	-2.35677
154.00000	-2.41807
154.10000	-2.47892
154.20000	-2.53931
154.30000	-2.59922
154.40000	-2.65864
154.50000	-2.71754
154.60000	-2.77590
154.70000	-2.83372
154.80000	-2.89098
154.90000	-2.94765
155.00000	-3.00372
155.10000	-3.05919
155.20000	-3.11402
155.30000	-3.16822
155.40000	-3.22177
155.50000	-3.27466
155.60000	-3.32687
155.70000	-3.37840
155.80000	-3.42923
155.90000	-3.47936
156.00000	-3.52878
156.10000	-3.57747
156.20000	-3.62545
156.30000	-3.67269
156.40000	-3.71920
156.50000	-3.76497
156.60000	-3.80999
156.70000	-3.85427
156.80000	-3.89779
156.90000	-3.94056
157.00000	-3.98258
157.10000	-4.02385
157.20000	-4.06435
157.30000	-4.10410
157.40000	-4.14309
157.50000	-4.18133
157.60000	-4.21880
157.70000	-4.25552
157.80000	-4.29147
157.90000	-4.32667
158.00000	-4.36110
158.10000	-4.39478
158.20000	-4.42769
158.30000	-4.45983
158.40000	-4.49121
158.50000	-4.52183
158.60000	-4.55167
158.70000	-4.58074
158.80000	-4.60903
158.90000	-4.63654
159.00000	-4.66327
159.10000	-4.68920
159.20000	-4.71434
159.30000	-4.73868
159.40000	-4.76221
159.50000	-4.78493
159.60000	-4.80683
159.70000	-4.82789
159.80000	-4.84812
159.90000	-4.86751
160.00000	-4.88604
160.10000	-4.90371
160.20000	-4.92050
160.30000	-4.93642
160.40000	-4.95145
160.50000	-4.96558
160.60000	-4.97880
160.70000	-4.99110
160.80000	-5.00248
160.90000	-5.01293
161.00000	-5.02243
161.10000	-5.03098
161.20000	-5.03858
161.30000	-5.04521
161.40000	-5.05087
161.50000	-5.05555
161.60000	-5.05925
161.70000	-5.06196
161.80000	-5.06367
161.90000	-5.06440
162.00000	-5.06412
162.10000	-5.06285
162.20000	-5.06058
162.30000	-5.05730
162.40000	-5.05302
162.50000	-5.04775
162.60000	-5.04147
162.70000	-5.03421
162.80000	-5.02595
162.90000	-5.01670
163.00000	-5.00647
163.10000	-4.99527
163.20000	-4.98310
163.30000	-4.96996
163.40000	-4.95587
163.50000	-4.94083
163.60000	-4.92485
163.70000	-4.90795
163.80000	-4.89012
163.90000	-4.87138
164.00000	-4.85173
164.10000	-4.83120
164.20000	-4.80978
164.30000	-4.78749
164.40000	-4.76435
164.50000	-4.74034
164.60000	-4.71550
164.70000	-4.68982
164.80000	-4.66333
164.90000	-4.63601
165.00000	-4.60790
165.10000	-4.57898
165.20000	-4.54928
165.30000	-4.51881
165.40000	-4.48755
165.50000	-4.45554
165.60000	-4.42276
165.70000	-4.38924
165.80000	-4.35496
165.90000	-4.31995
166.00000	-4.28420
166.10000	-4.24772
166.20000	-4.21051
166.30000	-4.17257
166.40000	-4.13392
166.50000	-4.09455
166.60000	-4.05446
166.70000	-4.01366
166.80000	-3.97215
166.90000	-3.92994
167.00000	-3.88701
167.10000	-3.84339
167.20000	-3.79906
167.30000	-3.75403
167.40000	-3.70831
167.50000	-3.66189
167.60000	-3.61478
167.70000	-3.56698
167.80000	-3.51849
167.90000	-3.46932
168.00000	-3.41948
168.10000	-3.36895
168.20000	-3.31776
168.30000	-3.26591
168.40000	-3.21340
168.50000	-3.16024
168.60000	-3.10643
168.70000	-3.05199
168.80000	-2.99692
168.90000	-2.94124
169.00000	-2.88495
169.10000	-2.82806
169.20000	-2.77059
169.30000	-2.71254
169.40000	-2.65393
169.50000	-2.59478
169.60000	-2.53509
169.70000	-2.47489
169.80000	-2.41418
169.90000	-2.35298
170.00000	-2.29131
170.10000	-2.22918
170.20000	-2.16662
170.30000	-2.10363
170.40000	-2.04024
170.50000	-1.97646
170.60000	-1.91231
170.70000	-1.84781
170.80000	-1.78298
170.90000	-1.71783
171.00000	-1.65238
171.10000	-1.58665
171.20000	-1.52065
171.30000	-1.45441
171.40000	-1.38794
171.50000	-1.32125
171.60000	-1.25437
171.70000	-1.18730
171.80000	-1.12007
171.90000	-1.05269
172.00000	-0.98517
172.10000	-0.91752
172.20000	-0.84976
172.30000	-0.78191
172.40000	-0.71397
172.50000	-0.64596
172.60000	-0.57788
172.70000	-0.50976
172.80000	-0.44159
172.90000	-0.37339
173.00000	-0.30516
173.10000	-0.23693
173.20000	-0.16868
173.30000	-0.10044
173.40000	-0.03221
173.50000	0.03600
173.60000	0.10419
173.70000	0.17235
173.80000	0.24047
173.90000	0.30854
174.00000	0.37656
174.10000	0.44452
174.20000	0.51241
174.30000	0.58023
174.40000	0.64796
174.50000	0.71561
174.60000	0.78317
174.70000	0.85061
174.80000	0.91795
174.90000	0.98516
175.00000	1.05225
175.10000	1.11919
175.20000	1.18599
175.30000	1.25262
175.40000	1.31908
175.50000	1.38536
175.60000	1.45144
175.70000	1.51732
175.80000	1.58297
175.90000	1.64839
176.00000	1.71357
176.10000	1.77848
176.20000	1.84311
176.30000	1.90745
176.40000	1.97149
176.50000	2.03520
176.60000	2.09857
176.70000	2.16159
176.80000	2.22423
176.90000	2.28649
177.00000	2.34834
177.10000	2.40976
177.20000	2.47075
177.30000	2.53128
177.40000	2.59134
177.50000	2.65091
177.60000	2.70997
177.70000	2.76851
177.80000	2.82652
177.90000	2.88397
178.00000	2.94086
178.10000	2.99716
178.20000	3.05286
178.30000	3.10796
178.40000	3.16244
178.50000	3.21628
178.60000	3.26947
178.70000	3.32201
178.80000	3.37388
178.90000	3.42507
179.00000	3.47557
179.10000	3.52538
179.20000	3.57448
179.30000	3.62287
179.40000	3.67055
179.50000	3.71750
179.60000	3.76372
179.70000	3.80920
179.80000	3.85395
179.90000	3.89795
180.00000	3.94120
180.10000	3.98371
180.20000	4.02546
180.30000	4.06645
180.40000	4.10669
180.50000	4.14616
180.60000	4.18487
180.70000	4.22282
180.80000	4.26000
180.90000	4.29641
181.00000	4.33205
181.10000	4.36692
181.20000	4.40102
181.30000	4.43434
181.40000	4.46688
181.50000	4.49864
181.60000	4.52961
181.70000	4.55980
181.80000	4.58920
181.90000	4.61781
182.00000	4.64561
182.10000	4.67262
182.20000	4.69882
182.30000	4.72421
182.40000	4.74878
182.50000	4.77252
182.60000	4.79544
182.70000	4.81753
182.80000	4.83877
182.90000	4.85916
183.00000	4.87870
183.10000	4.89737
183.20000	4.91518
183.30000	4.93211
183.40000	4.94815
183.50000	4.96330
183.60000	4.97754
183.70000	4.99088
183.80000	5.00330
183.90000	5.01480
184.00000	5.02537
184.10000	5.03500
184.20000	5.04368
184.30000	5.05141
184.40000	5.05819
184.50000	5.06400
184.60000	5.06884
184.70000	5.07272
184.80000	5.07561
184.90000	5.07752
185.00000	5.07845
185.10000	5.07840
185.20000	5.07735
185.30000	5.07532
185.40000	5.07230
185.50000	5.06829
185.60000	5.06328
185.70000	5.05730
185.80000	5.05033
185.90000	5.04237
186.00000	5.03344
186.10000	5.02353
186.20000	5.01265
186.30000	5.00081
186.40000	4.98801
186.50000	4.97426
186.60000	4.95955
186.70000	4.94392
186.80000	4.92734
186.90000	4.90985
187.00000	4.89144
187.10000	4.87212
187.20000	4.85190
187.30000	4.83079
187.40000	4.80880
187.50000	4.78594
187.60000	4.76221
187.70000	4.73763
187.80000	4.71220
187.90000	4.68594
188.00000	4.65884
188.10000	4.63092
188.20000	4.60219
188.30000	4.57266
188.40000	4.54232
188.50000	4.51120
188.60000	4.47929
188.70000	4.44661
188.80000	4.41316
188.90000	4.37894
189.00000	4.34396
189.10000	4.30823
189.20000	4.27176
189.30000	4.23454
189.40000	4.19658
189.50000	4.15788
189.60000	4.11846
189.70000	4.07831
189.80000	4.03744
189.90000	3.99585
190.00000	3.95354
190.10000	3.91052
190.20000	3.86679
190.30000	3.82236
190.40000	3.77722
190.50000	3.73139
190.60000	3.68486
190.70000	3.63764
190.80000	3.58973
190.90000	3.54114
191.00000	3.49188
191.10000	3.44194
191.20000	3.39133
191.30000	3.34006
191.40000	3.28814
191.50000	3.23557
191.60000	3.18235
191.70000	3.12850
191.80000	3.07403
191.90000	3.01894
192.00000	2.96324
192.10000	2.90695
192.20000	2.85006
192.30000	2.79261
192.40000	2.73458
192.50000	2.67601
192.60000	2.61689
192.70000	2.55725
192.80000	2.49709
192.90000	2.43643
193.00000	2.37529
193.10000	2.31367
193.20000	2.25161
193.30000	2.18910
193.40000	2.12617
193.50000	2.06283
193.60000	1.99909
193.70000	1.93499
193.80000	1.87052
193.90000	1.80571
194.00000	1.74057
194.10000	1.67513
194.20000	1.60939
194.30000	1.54337
194.40000	1.47709
194.50000	1.41057
194.60000	1.34382
194.70000	1.27686
194.80000	1.20969
194.90000	1.14235
195.00000	1.07483
195.10000	1.00716
195.20000	0.93935
195.30000	0.87141
195.40000	0.80335
195.50000	0.73519
195.60000	0.66695
195.70000	0.59862
195.80000	0.53023
195.90000	0.46178
196.00000	0.39329
196.10000	0.32476
196.20000	0.25620
196.30000	0.18763
196.40000	0.11905
196.50000	0.05048
196.60000	-0.01808
196.70000	-0.08663
196.80000	-0.15514
196.90000	-0.22362
197.00000	-0.29206
197.10000	-0.36044
197.20000	-0.42876
197.30000	-0.49701
197.40000	-0.56519
197.50000	-0.63328
197.60000	-0.70127
197.70000	-0.76916
197.80000	-0.83694
197.90000	-0.90460
198.00000	-0.97213
198.10000	-1.03952
198.20000	-1.10676
198.30000	-1.17384
198.40000	-1.24075
198.50000	-1.30747
198.60000	-1.37401
198.70000	-1.44033
198.80000	-1.50644
198.90000	-1.57232
199.00000	-1.63796
199.10000	-1.70334
199.20000	-1.76844
199.30000	-1.83327
199.40000	-1.89779
199.50000	-1.96201
199.60000	-2.02589
199.70000	-2.08943
199.80000	-2.15262
199.90000	-2.21543
200.00000	-2.27785
200.10000	-2.33986
200.20000	-2.40145
200.30000	-2.46261
200.40000	-2.52332
200.50000	-2.58356
200.60000	-2.64331
200.70000	-2.70257
200.80000	-2.76131
200.90000	-2.81953
201.00000	-2.87720
201.10000	-2.93432
201.20000	-2.99087
201.30000	-3.04683
201.40000	-3.10220
201.50000	-3.15696
201.60000	-3.21109
201.70000	-3.26460
201.80000	-3.31746
201.90000	-3.36966
202.00000	-3.42121
202.10000	-3.47207
202.20000	-3.52226
202.30000	-3.57175
202.40000	-3.62055
202.50000	-3.66863
202.60000	-3.71601
202.70000	-3.76266
202.80000	-3.80859
202.90000	-3.85378
203.00000	-3.89824
203.10000	-3.94196
203.20000	-3.98493
203.30000	-4.02715
203.40000	-4.06861
203.50000	-4.10932
203.60000	-4.14926
203.70000	-4.18845
203.80000	-4.22686
203.90000	-4.26450
204.00000	-4.30137
204.10000	-4.33747
204.20000	-4.37278
204.30000	-4.40731
204.40000	-4.44106
204.50000	-4.47402
204.60000	-4.50619
204.70000	-4.53756
204.80000	-4.56813
204.90000	-4.59791
205.00000	-4.62687
205.10000	-4.65503
205.20000	-4.68238
205.30000	-4.70890
205.40000	-4.73460
205.50000	-4.75948
205.60000	-4.78352
205.70000	-4.80672
205.80000	-4.82907
205.90000	-4.85058
206.00000	-4.87122
206.10000	-4.89101
206.20000	-4.90992
206.30000	-4.92796
206.40000	-4.94512
206.50000	-4.96138
206.60000	-4.97675
206.70000	-4.99122
206.80000	-5.00478
206.90000	-5.01742
207.00000	-5.02914
207.10000	-5.03993
207.20000	-5.04979
207.30000	-5.05870
207.40000	-5.06667
207.50000	-5.07369
207.60000	-5.07976
207.70000	-5.08486
207.80000	-5.08900
207.90000	-5.09217
208.00000	-5.09437
208.10000	-5.09559
208.20000	-5.09584
208.30000	-5.09511
208.40000	-5.09341
208.50000	-5.09072
208.60000	-5.08705
208.70000	-5.08241
208.80000	-5.07678
208.90000	-5.07018
209.00000	-5.06261
209.10000	-5.05407
209.20000	-5.04455
209.30000	-5.03408
209.40000	-5.02264
209.50000	-5.01025
209.60000	-4.99691
209.70000	-4.98262
209.80000	-4.96740
209.90000	-4.95124
210.00000	-4.93416
210.10000	-4.91616
210.20000	-4.89725
210.30000	-4.87743
210.40000	-4.85672
210.50000	-4.83512
210.60000	-4.81264
210.70000	-4.78929
210.80000	-4.76507
210.90000	-4.73999
211.00000	-4.71407
211.10000	-4.68730
211.20000	-4.65970
211.30000	-4.63128
211.40000	-4.60203
211.50000	-4.57197
211.60000	-4.54111
211.70000	-4.50946
211.80000	-4.47701
211.90000	-4.44378
212.00000	-4.40976
212.10000	-4.37498
212.20000	-4.33943
212.30000	-4.30312
212.40000	-4.26605
212.50000	-4.22824
212.60000	-4.18968
212.70000	-4.15037
212.80000	-4.11034
212.90000	-4.06957
213.00000	-4.02807
213.10000	-3.98585
213.20000	-3.94292
213.30000	-3.89926
213.40000	-3.85490
213.50000	-3.80984
213.60000	-3.76407
213.70000	-3.71761
213.80000	-3.67046
213.90000	-3.62262
214.00000	-3.57410
214.10000	-3.52491
214.20000	-3.47504
214.30000	-3.42451
214.40000	-3.37333
214.50000	-3.32149
214.60000	-3.26901
214.70000	-3.21589
214.80000	-3.16215
214.90000	-3.10778
215.00000	-3.05281
215.10000	-2.99723
215.20000	-2.94106
215.30000	-2.88431
215.40000	-2.82699
215.50000	-2.76911
215.60000	-2.71068
215.70000	-2.65171
215.80000	-2.59222
215.90000	-2.53222
216.00000	-2.47172
216.10000	-2.41073
216.20000	-2.34927
216.30000	-2.28736
216.40000	-2.22501
216.50000	-2.16223
216.60000	-2.09904
216.70000	-2.03545
216.80000	-1.97147
216.90000	-1.90714
217.00000	-1.84245
217.10000	-1.77742
217.20000	-1.71208
217.30000	-1.64643
217.40000	-1.58049
217.50000	-1.51429
217.60000	-1.44782
217.70000	-1.38111
217.80000	-1.31417
217.90000	-1.24702
218.00000	-1.17967
218.10000	-1.11213
218.20000	-1.04442
218.30000	-0.97656
218.40000	-0.90856
218.50000	-0.84042
218.60000	-0.77216
218.70000	-0.70380
218.80000	-0.63535
218.90000	-0.56681
219.00000	-0.49821
219.10000	-0.42955
219.20000	-0.36083
219.30000	-0.29208
219.40000	-0.22331
219.50000	-0.15451
219.60000	-0.08571
219.70000	-0.01692
219.80000	0.05187
219.90000	0.12064
220.00000	0.18937
220.10000	0.25807
220.20000	0.32671
220.30000	0.39530
220.40000	0.46382
220.50000	0.53226
220.60000	0.60062
220.70000	0.66889
220.80000	0.73705
220.90000	0.80510
221.00000	0.87302
221.10000	0.94081
221.20000	1.00846
221.30000	1.07595
221.40000	1.14328
221.50000	1.21043
221.60000	1.27740
221.70000	1.34417
221.80000	1.41073
221.90000	1.47707
222.00000	1.54317
222.10000	1.60903
222.20000	1.67462
222.30000	1.73995
222.40000	1.80498
222.50000	1.86972
222.60000	1.93415
222.70000	1.99824
222.80000	2.06199
222.90000	2.12539
223.00000	2.18842
223.10000	2.25105
223.20000	2.31329
223.30000	2.37511
223.40000	2.43651
223.50000	2.49745
223.60000	2.55794
223.70000	2.61795
223.80000	2.67748
223.90000	2.73650
224.00000	2.79500
224.10000	2.85297
224.20000	2.91040
224.30000	2.96727
224.40000	3.02357
224.50000	3.07929
224.60000	3.13441
224.70000	3.18892
224.80000	3.24281
224.90000	3.29607
225.00000	3.34869
225.10000	3.40066
225.20000	3.45197
225.30000	3.50261
225.40000	3.55257
225.50000	3.60184
225.60000	3.65041
225.70000	3.69829
225.80000	3.74545
225.90000	3.79189
226.00000	3.83761
226.10000	3.88260
226.20000	3.92685
226.30000	3.97037
226.40000	4.01313
226.50000	4.05515
226.60000	4.09641
226.70000	4.13691
226.80000	4.17665
226.90000	4.21562
227.00000	4.25381
227.10000	4.29124
227.20000	4.32788
227.30000	4.36374
227.40000	4.39881
227.50000	4.43309
227.60000	4.46658
227.70000	4.49927
227.80000	4.53116
227.90000	4.56225
228.00000	4.59252
228.10000	4.62198
228.20000	4.65063
228.30000	4.67845
228.40000	4.70544
228.50000	4.73161
228.60000	4.75693
228.70000	4.78142
228.80000	4.80506
228.90000	4.82784
229.00000	4.84977
229.10000	4.87084
229.20000	4.89103
229.30000	4.91035
229.40000	4.92880
229.50000	4.94635
229.60000	4.96301
229.70000	4.97878
229.80000	4.99364
229.90000	5.00758
230.00000	5.02062
230.10000	5.03273
230.20000	5.04392
230.30000	5.05417
230.40000	5.06349
230.50000	5.07186
230.60000	5.07929
230.70000	5.08577
230.80000	5.09129
230.90000	5.09585
231.00000	5.09945
231.10000	5.10209
231.20000	5.10376
231.30000	5.10446
231.40000	5.10419
231.50000	5.10295
231.60000	5.10074
231.70000	5.09755
231.80000	5.09339
231.90000	5.08826
232.00000	5.08216
232.10000	5.07510
232.20000	5.06706
232.30000	5.05806
232.40000	5.04811
232.50000	5.03719
232.60000	5.02532
232.70000	5.01251
232.80000	4.99875
232.90000	4.98405
233.00000	4.96842
233.10000	4.95186
233.20000	4.93438
233.30000	4.91598
233.40000	4.89668
233.50000	4.87647
233.60000	4.85537
233.70000	4.83338
233.80000	4.81050
233.90000	4.78676
234.00000	4.76215
234.10000	4.73667
234.20000	4.71035
234.30000	4.68318
234.40000	4.65517
234.50000	4.62633
234.60000	4.59666
234.70000	4.56618
234.80000	4.53489
234.90000	4.50279
235.00000	4.46990
235.10000	4.43621
235.20000	4.40174
235.30000	4.36649
235.40000	4.33047
235.50000	4.29367
235.60000	4.25612
235.70000	4.21781
235.80000	4.17875
235.90000	4.13895
236.00000	4.09840
236.10000	4.05712
236.20000	4.01511
236.30000	3.97237
236.40000	3.92891
236.50000	3.88474
236.60000	3.83986
236.70000	3.79427
236.80000	3.74799
236.90000	3.70101
237.00000	3.65334
237.10000	3.60499
237.20000	3.55596
237.30000	3.50627
237.40000	3.45591
237.50000	3.40489
237.60000	3.35323
237.70000	3.30092
237.80000	3.24798
237.90000	3.19441
238.00000	3.14023
238.10000	3.08543
238.20000	3.03004
238.30000	2.97406
238.40000	2.91749
238.50000	2.86036
238.60000	2.80267
238.70000	2.74443
238.80000	2.68566
238.90000	2.62636
239.00000	2.56655
239.10000	2.50624
239.20000	2.44544
239.30000	2.38417
239.40000	2.32244
239.50000	2.26027
239.60000	2.19766
239.70000	2.13464
239.80000	2.07121
239.90000	2.00739
240.00000	1.94320
240.10000	1.87865
240.20000	1.81376
240.30000	1.74853
240.40000	1.68299
240.50000	1.61715
240.60000	1.55103
240.70000	1.48463
240.80000	1.41798
240.90000	1.35109
241.00000	1.28397
241.10000	1.21664
241.20000	1.14911
241.30000	1.08139
241.40000	1.01350
241.50000	0.94545
241.60000	0.87726
241.70000	0.80894
241.80000	0.74049
241.90000	0.67194
242.00000	0.60329
242.10000	0.53456
242.20000	0.46576
242.30000	0.39690
242.40000	0.32798
242.50000	0.25903
242.60000	0.19006
242.70000	0.12106
242.80000	0.05206
242.90000	-0.01694
243.00000	-0.08592
243.10000	-0.15488
243.20000	-0.22381
243.30000	-0.29269
243.40000	-0.36152
243.50000	-0.43029
243.60000	-0.49898
243.70000	-0.56759
243.80000	-0.63611
243.90000	-0.70452
244.00000	-0.77282
244.10000	-0.84100
244.20000	-0.90904
244.30000	-0.97694
244.40000	-1.04469
244.50000	-1.11226
244.60000	-1.17966
244.70000	-1.24687
244.80000	-1.31388
244.90000	-1.38068
245.00000	-1.44726
245.10000	-1.51360
245.20000	-1.57969
245.30000	-1.64552
245.40000	-1.71107
245.50000	-1.77634
245.60000	-1.84131
245.70000	-1.90596
245.80000	-1.97029
245.90000	-2.03428
246.00000	-2.09791
246.10000	-2.16117
246.20000	-2.22405
246.30000	-2.28653
246.40000	-2.34860
246.50000	-2.41025
246.60000	-2.47146
246.70000	-2.53221
246.80000	-2.59250
246.90000	-2.65230
247.00000	-2.71162
247.10000	-2.77042
247.20000	-2.82870
247.30000	-2.88645
247.40000	-2.94365
247.50000	-3.00029
247.60000	-3.05635
247.70000	-3.11184
247.80000	-3.16672
247.90000	-3.22100
248.00000	-3.27466
248.10000	-3.32769
248.20000	-3.38008
248.30000	-3.43182
248.40000	-3.48290
248.50000	-3.53331
248.60000	-3.58304
248.70000	-3.63209
248.80000	-3.68044
248.90000	-3.72809
249.00000	-3.77503
249.10000	-3.82126
249.20000	-3.86676
249.30000	-3.91153
249.40000	-3.95557
249.50000	-3.99886
249.60000	-4.04141
249.70000	-4.08321
249.80000	-4.12424
249.90000	-4.16452
250.00000	-4.20403
250.10000	-4.24276
250.20000	-4.28072
250.30000	-4.31790
250.40000	-4.35429
250.50000	-4.38989
250.60000	-4.42470
250.70000	-4.45872
250.80000	-4.49193
250.90000	-4.52433
251.00000	-4.55592
251.10000	-4.58670
251.20000	-4.61665
251.30000	-4.64579
251.40000	-4.67409
251.50000	-4.70156
251.60000	-4.72820
251.70000	-4.75399
251.80000	-4.77893
251.90000	-4.80302
252.00000	-4.82626
252.10000	-4.84863
252.20000	-4.87013
252.30000	-4.89076
252.40000	-4.91051
252.50000	-4.92937
252.60000	-4.94735
252.70000	-4.96443
252.80000	-4.98061
252.90000	-4.99588
253.00000	-5.01024
253.10000	-5.02369
253.20000	-5.03622
253.30000	-5.04782
253.40000	-5.05849
253.50000	-5.06822
253.60000	-5.07702
253.70000	-5.08487
253.80000	-5.09177
253.90000	-5.09773
254.00000	-5.10273
254.10000	-5.10677
254.20000	-5.10985
254.30000	-5.11197
254.40000	-5.11313
254.50000	-5.11332
254.60000	-5.11254
254.70000	-5.11080
254.80000	-5.10809
254.90000	-5.10441
255.00000	-5.09977
255.10000	-5.09416
255.20000	-5.08758
255.30000	-5.08005
255.40000	-5.07155
255.50000	-5.06210
255.60000	-5.05169
255.70000	-5.04033
255.80000	-5.02802
255.90000	-5.01477
256.00000	-5.00058
256.10000	-4.98545
256.20000	-4.96940
256.30000	-4.95242
256.40000	-4.93452
256.50000	-4.91571
256.60000	-4.89599
256.70000	-4.87537
256.80000	-4.85386
256.90000	-4.83146
257.00000	-4.80818
257.10000	-4.78402
257.20000	-4.75899
257.30000	-4.73310
257.40000	-4.70636
257.50000	-4.67877
257.60000	-4.65033
257.70000	-4.62106
257.80000	-4.59096
257.90000	-4.56004
258.00000	-4.52831
258.10000	-4.49576
258.20000	-4.46241
258.30000	-4.42827
258.40000	-4.39334
258.50000	-4.35762
258.60000	-4.32112
258.70000	-4.28385
258.80000	-4.24581
258.90000	-4.20702
259.00000	-4.16746
259.10000	-4.12716
259.20000	-4.08612
259.30000	-4.04433
259.40000	-4.00182
259.50000	-3.95858
259.60000	-3.91461
259.70000	-3.86994
259.80000	-3.82455
259.90000	-3.77846
260.00000	-3.73167
260.10000	-3.68419
260.20000	-3.63603
260.30000	-3.58718
260.40000	-3.53767
260.50000	-3.48749
260.60000	-3.43666
260.70000	-3.38517
260.80000	-3.33305
260.90000	-3.28028
261.00000	-3.22690
261.10000	-3.17289
261.20000	-3.11828
261.30000	-3.06307
261.40000	-3.00727
261.50000	-2.95089
261.60000	-2.89394
261.70000	-2.83643
261.80000	-2.77837
261.90000	-2.71978
262.00000	-2.66066
262.10000	-2.60103
262.20000	-2.54090
262.30000	-2.48028
262.40000	-2.41918
262.50000	-2.35762
262.60000	-2.29561
262.70000	-2.23316
262.80000	-2.17029
262.90000	-2.10701
263.00000	-2.04334
263.10000	-1.97928
263.20000	-1.91486
263.30000	-1.85008
263.40000	-1.78496
263.50000	-1.71952
263.60000	-1.65377
263.70000	-1.58773
263.80000	-1.52140
263.90000	-1.45480
264.00000	-1.38795
264.10000	-1.32086
264.20000	-1.25355
264.30000	-1.18602
264.40000	-1.11830
264.50000	-1.05039
264.60000	-0.98231
264.70000	-0.91407
264.80000	-0.84568
264.90000	-0.77717
265.00000	-0.70853
265.10000	-0.63978
265.20000	-0.57094
265.30000	-0.50202
265.40000	-0.43302
265.50000	-0.36397
265.60000	-0.29486
265.70000	-0.22572
265.80000	-0.15655
265.90000	-0.08736
266.00000	-0.01817
266.10000	0.05101
266.20000	0.12018
266.30000	0.18932
266.40000	0.25842
266.50000	0.32747
266.60000	0.39647
266.70000	0.46539
266.80000	0.53424
266.90000	0.60299
267.00000	0.67165
267.10000	0.74019
267.20000	0.80861
267.30000	0.87690
267.40000	0.94504
267.50000	1.01303
267.60000	1.08085
267.70000	1.14850
267.80000	1.21596
267.90000	1.28321
268.00000	1.35026
268.10000	1.41707
268.20000	1.48366
268.30000	1.54999
268.40000	1.61606
268.50000	1.68186
268.60000	1.74737
268.70000	1.81259
268.80000	1.87749
268.90000	1.94206
269.00000	2.00629
269.10000	2.07018
269.20000	2.13369
269.30000	2.19683
269.40000	2.25957
269.50000	2.32191
269.60000	2.38382
269.70000	2.44531
269.80000	2.50634
269.90000	2.56692
270.00000	2.62702
270.10000	2.68663
270.20000	2.74574
270.30000	2.80434
270.40000	2.86242
270.50000	2.91995
270.60000	2.97694
270.70000	3.03336
270.80000	3.08920
270.90000	3.14446
271.00000	3.19912
271.10000	3.25318
271.20000	3.30661
271.30000	3.35941
271.40000	3.41157
271.50000	3.46309
271.60000	3.51394
271.70000	3.56412
271.80000	3.61363
271.90000	3.66245
272.00000	3.71058
272.10000	3.75800
272.20000	3.80472
272.30000	3.85072
272.40000	3.89599
272.50000	3.94053
272.60000	3.98434
272.70000	4.02740
272.80000	4.06972
272.90000	4.11128
273.00000	4.15208
273.10000	4.19211
273.20000	4.23137
273.30000	4.26985
273.40000	4.30756
273.50000	4.34447
273.60000	4.38060
273.70000	4.41593
273.80000	4.45046
273.90000	4.48418
274.00000	4.51709
274.10000	4.54919
274.20000	4.58047
274.30000	4.61093
274.40000	4.64055
274.50000	4.66935
274.60000	4.69730
274.70000	4.72441
274.80000	4.75068
274.90000	4.77609
275.00000	4.80065
275.10000	4.82434
275.20000	4.84716
275.30000	4.86912
275.40000	4.89019
275.50000	4.91039
275.60000	4.92969
275.70000	4.94810
275.80000	4.96562
275.90000	4.98223
276.00000	4.99794
276.10000	5.01273
276.20000	5.02661
276.30000	5.03957
276.40000	5.05160
276.50000	5.06270
276.60000	5.07287
276.70000	5.08210
276.80000	5.09039
276.90000	5.09773
277.00000	5.10412
277.10000	5.10957
277.20000	5.11406
277.30000	5.11759
277.40000	5.12016
277.50000	5.12178
277.60000	5.12243
277.70000	5.12212
277.80000	5.12085
277.90000	5.11861
278.00000	5.11541
278.10000	5.11125
278.20000	5.10613
278.30000	5.10004
278.40000	5.09299
278.50000	5.08499
278.60000	5.07603
278.70000	5.06611
278.80000	5.05525
278.90000	5.04344
279.00000	5.03068
279.10000	5.01699
279.20000	5.00235
279.30000	4.98679
279.40000	4.97030
279.50000	4.95289
279.60000	4.93456
279.70000	4.91532
279.80000	4.89518
279.90000	4.87414
280.00000	4.85220
280.10000	4.82937
280.20000	4.80566
280.30000	4.78107
280.40000	4.75562
280.50000	4.72930
280.60000	4.70212
280.70000	4.67409
280.80000	4.64522
280.90000	4.61551
281.00000	4.58496
281.10000	4.55360
281.20000	4.52141
281.30000	4.48841
281.40000	4.45460
281.50000	4.41999
281.60000	4.38459
281.70000	4.34840
281.80000	4.31143
281.90000	4.27368
282.00000	4.23517
282.10000	4.19588
282.20000	4.15585
282.30000	4.11506
282.40000	4.07352
282.50000	4.03125
282.60000	3.98824
282.70000	3.94450
282.80000	3.90005
282.90000	3.85488
283.00000	3.80900
283.10000	3.76242
283.20000	3.71514
283.30000	3.66718
283.40000	3.61853
283.50000	3.56921
283.60000	3.51922
283.70000	3.46858
283.80000	3.41728
283.90000	3.36534
284.00000	3.31277
284.10000	3.25956
284.20000	3.20574
284.30000	3.15131
284.40000	3.09628
284.50000	3.04066
284.60000	2.98446
284.70000	2.92769
284.80000	2.87036
284.90000	2.81248
285.00000	2.75406
285.10000	2.69512
285.20000	2.63566
285.30000	2.57569
285.40000	2.51524
285.50000	2.45430
285.60000	2.39290
285.70000	2.33104
285.80000	2.26874
285.90000	2.20601
286.00000	2.14287
286.10000	2.07933
286.20000	2.01540
286.30000	1.95109
286.40000	1.88642
286.50000	1.82141
286.60000	1.75606
286.70000	1.69039
286.80000	1.62441
286.90000	1.55815
287.00000	1.49160
287.10000	1.42480
287.20000	1.35774
287.30000	1.29044
287.40000	1.22292
287.50000	1.15519
287.60000	1.08727
287.70000	1.01916
287.80000	0.95088
287.90000	0.88244
288.00000	0.81386
288.10000	0.74515
288.20000	0.67632
288.30000	0.60738
288.40000	0.53834
288.50000	0.46923
288.60000	0.40004
288.70000	0.33080
288.80000	0.26150
288.90000	0.19217
289.00000	0.12282
289.10000	0.05346
289.20000	-0.01591
289.30000	-0.08527
289.40000	-0.15460
289.50000	-0.22391
289.60000	-0.29317
289.70000	-0.36238
289.80000	-0.43152
289.90000	-0.50059
290.00000	-0.56957
290.10000	-0.63846
290.20000	-0.70723
290.30000	-0.77589
290.40000	-0.84442
290.50000	-0.91280
290.60000	-0.98103
290.70000	-1.04910
290.80000	-1.11698
290.90000	-1.18469
291.00000	-1.25219
291.10000	-1.31948
291.20000	-1.38654
291.30000	-1.45337
291.40000	-1.51996
291.50000	-1.58628
291.60000	-1.65233
291.70000	-1.71809
291.80000	-1.78356
291.90000	-1.84872
292.00000	-1.91355
292.10000	-1.97804
292.20000	-2.04219
292.30000	-2.10597
292.40000	-2.16937
292.50000	-2.23239
292.60000	-2.29500
292.70000	-2.35720
292.80000	-2.41897
292.90000	-2.48030
293.00000	-2.54117
293.10000	-2.60158
293.20000	-2.66150
293.30000	-2.72094
293.40000	-2.77986
293.50000	-2.83827
293.60000	-2.89614
293.70000	-2.95348
293.80000	-3.01025
293.90000	-3.06647
294.00000	-3.12210
294.10000	-3.17714
294.20000	-3.23159
294.30000	-3.28542
294.40000	-3.33863
294.50000	-3.39121
294.60000	-3.44315
294.70000	-3.49444
294.80000	-3.54507
294.90000	-3.59502
295.00000	-3.64430
295.10000	-3.69290
295.20000	-3.74079
295.30000	-3.78799
295.40000	-3.83447
295.50000	-3.88023
295.60000	-3.92527
295.70000	-3.96958
295.80000	-4.01314
295.90000	-4.05596
296.00000	-4.09803
296.10000	-4.13934
296.20000	-4.17989
296.30000	-4.21966
296.40000	-4.25866
296.50000	-4.29688
296.60000	-4.33432
296.70000	-4.37096
296.80000	-4.40680
296.90000	-4.44184
297.00000	-4.47607
297.10000	-4.50949
297.20000	-4.54210
297.30000	-4.57388
297.40000	-4.60483
297.50000	-4.63496
297.60000	-4.66424
297.70000	-4.69269
297.80000	-4.72028
297.90000	-4.74703
298.00000	-4.77292
298.10000	-4.79795
298.20000	-4.82211
298.30000	-4.84540
298.40000	-4.86782
298.50000	-4.88935
298.60000	-4.91000
298.70000	-4.92976
298.80000	-4.94863
298.90000	-4.96659
299.00000	-4.98365
299.10000	-4.99981
299.20000	-5.01505
299.30000	-5.02937
299.40000	-5.04277
299.50000	-5.05525
299.60000	-5.06679
299.70000	-5.07740
299.80000	-5.08708
299.90000	-5.09581
300.00000	-5.10361
300.10000	-5.11045
300.20000	-5.11635
300.30000	-5.12129
300.40000	-5.12528
300.50000	-5.12832
300.60000	-5.13039
300.70000	-5.13151
300.80000	-5.13167
300.90000	-5.13087
301.00000	-5.12910
301.10000	-5.12638
301.20000	-5.12269
301.30000	-5.11805
301.40000	-5.11244
301.50000	-5.10588
301.60000	-5.09836
301.70000	-5.08988
301.80000	-5.08046
301.90000	-5.07008
302.00000	-5.05875
302.10000	-5.04649
302.20000	-5.03328
302.30000	-5.01913
302.40000	-5.00405
302.50000	-4.98804
302.60000	-4.97111
302.70000	-4.95325
302.80000	-4.93449
302.90000	-4.91481
303.00000	-4.89422
303.10000	-4.87274
303.20000	-4.85036
303.30000	-4.82710
303.40000	-4.80295
303.50000	-4.77792
303.60000	-4.75202
303.70000	-4.72526
303.80000	-4.69764
303.90000	-4.66916
304.00000	-4.63984
304.10000	-4.60968
304.20000	-4.57869
304.30000	-4.54686
304.40000	-4.51422
304.50000	-4.48076
304.60000	-4.44648
304.70000	-4.41141
304.80000	-4.37554
304.90000	-4.33888
305.00000	-4.30143
305.10000	-4.26321
305.20000	-4.22421
305.30000	-4.18445
305.40000	-4.14393
305.50000	-4.10266
305.60000	-4.06064
305.70000	-4.01788
305.80000	-3.97439
305.90000	-3.93017
306.00000	-3.88523
306.10000	-3.83958
306.20000	-3.79322
306.30000	-3.74616
306.40000	-3.69841
306.50000	-3.64997
306.60000	-3.60086
306.70000	-3.55107
306.80000	-3.50063
306.90000	-3.44952
307.00000	-3.39778
307.10000	-3.34539
307.20000	-3.29238
307.30000	-3.23875
307.40000	-3.18450
307.50000	-3.12965
307.60000	-3.07422
307.70000	-3.01819
307.80000	-2.96160
307.90000	-2.90444
308.00000	-2.84674
308.10000	-2.78849
308.20000	-2.72971
308.30000	-2.67041
308.40000	-2.61061
308.50000	-2.55031
308.60000	-2.48953
308.70000	-2.42827
308.80000	-2.36656
308.90000	-2.30440
309.00000	-2.24181
309.10000	-2.17880
309.20000	-2.11538
309.30000	-2.05156
309.40000	-1.98736
309.50000	-1.92280
309.60000	-1.85787
309.70000	-1.79261
309.80000	-1.72702
309.90000	-1.66111
310.00000	-1.59491
310.10000	-1.52841
310.20000	-1.46164
310.30000	-1.39461
310.40000	-1.32734
310.50000	-1.25983
310.60000	-1.19210
310.70000	-1.12416
310.80000	-1.05602
310.90000	-0.98771
311.00000	-0.91923
311.10000	-0.85059
311.20000	-0.78181
311.30000	-0.71290
311.40000	-0.64388
311.50000	-0.57475
311.60000	-0.50552
311.70000	-0.43622
311.80000	-0.36684
311.90000	-0.29741
312.00000	-0.22794
312.10000	-0.15844
312.20000	-0.08891
312.30000	-0.01937
312.40000	0.05016
312.50000	0.11968
312.60000	0.18918
312.70000	0.25864
312.80000	0.32805
312.90000	0.39740
313.00000	0.46668
313.10000	0.53588
313.20000	0.60498
313.30000	0.67398
313.40000	0.74287
313.50000	0.81163
313.60000	0.88024
313.70000	0.94871
313.80000	1.01702
313.90000	1.08515
314.00000	1.15309
314.10000	1.22084
314.20000	1.28838
314.30000	1.35569
314.40000	1.42277
314.50000	1.48961
314.60000	1.55619
314.70000	1.62249
314.80000	1.68852
314.90000	1.75424
315.00000	1.81966
315.10000	1.88476
315.20000	1.94952
315.30000	2.01394
315.40000	2.07800
315.50000	2.14168
315.60000	2.20498
315.70000	2.26788
315.80000	2.33037
315.90000	2.39244
316.00000	2.45407
316.10000	2.51525
316.20000	2.57597
316.30000	2.63621
316.40000	2.69597
316.50000	2.75523
316.60000	2.81397
316.70000	2.87219
316.80000	2.92988
316.90000	2.98702
317.00000	3.04360
317.10000	3.09961
317.20000	3.15504
317.30000	3.20987
317.40000	3.26410
317.50000	3.31772
317.60000	3.37072
317.70000	3.42308
317.80000	3.47480
317.90000	3.52586
318.00000	3.57626
318.10000	3.62599
318.20000	3.67504
318.30000	3.72340
318.40000	3.77106
318.50000	3.81802
318.60000	3.86426
318.70000	3.90978
318.80000	3.95458
318.90000	3.99864
319.00000	4.04195
319.10000	4.08452
319.20000	4.12633
319.30000	4.16738
319.40000	4.20766
319.50000	4.24717
319.60000	4.28590
319.70000	4.32384
319.80000	4.36099
319.90000	4.39734
320.00000	4.43289
320.10000	4.46763
320.20000	4.50155
320.30000	4.53466
320.40000	4.56694
320.50000	4.59840
320.60000	4.62902
320.70000	4.65880
320.80000	4.68773
320.90000	4.71582
321.00000	4.74305
321.10000	4.76943
321.20000	4.79494
321.30000	4.81958
321.40000	4.84334
321.50000	4.86623
321.60000	4.88824
321.70000	4.90936
321.80000	4.92958
321.90000	4.94891
322.00000	4.96734
322.10000	4.98486
322.20000	5.00147
322.30000	5.01717
322.40000	5.03195
322.50000	5.04580
322.60000	5.05873
322.70000	5.07074
322.80000	5.08180
322.90000	5.09193
323.00000	5.10113
323.10000	5.10938
323.20000	5.11668
323.30000	5.12303
323.40000	5.12844
323.50000	5.13289
323.60000	5.13639
323.70000	5.13893
323.80000	5.14052
323.90000	5.14115
324.00000	5.14082
324.10000	5.13952
324.20000	5.13727
324.30000	5.13407
324.40000	5.12990
324.50000	5.12477
324.60000	5.11869
324.70000	5.11165
324.80000	5.10365
324.90000	5.09471
325.00000	5.08481
325.10000	5.07397
325.20000	5.06218
325.30000	5.04945
325.40000	5.03578
325.50000	5.02118
325.60000	5.00564
325.70000	4.98918
325.80000	4.97179
325.90000	4.95349
326.00000	4.93427
326.10000	4.91414
326.20000	4.89311
326.30000	4.87118
326.40000	4.84835
326.50000	4.82464
326.60000	4.80004
326.70000	4.77456
326.80000	4.74821
326.90000	4.72100
327.00000	4.69292
327.10000	4.66400
327.20000	4.63422
327.30000	4.60360
327.40000	4.57215
327.50000	4.53986
327.60000	4.50675
327.70000	4.47282
327.80000	4.43809
327.90000	4.40254
328.00000	4.36620
328.10000	4.32907
328.20000	4.29115
328.30000	4.25245
328.40000	4.21298
328.50000	4.17274
328.60000	4.13175
328.70000	4.08999
328.80000	4.04750
328.90000	4.00426
329.00000	3.96029
329.10000	3.91560
329.20000	3.87018
329.30000	3.82405
329.40000	3.77722
329.50000	3.72970
329.60000	3.68148
329.70000	3.63258
329.80000	3.58301
329.90000	3.53277
330.00000	3.48187
330.10000	3.43032
330.20000	3.37814
330.30000	3.32532
330.40000	3.27188
330.50000	3.21782
330.60000	3.16316
330.70000	3.10790
330.80000	3.05206
330.90000	2.99564
331.00000	2.93866
331.10000	2.88112
331.20000	2.82304
331.30000	2.76443
331.40000	2.70529
331.50000	2.64565
331.60000	2.58550
331.70000	2.52487
331.80000	2.46376
331.90000	2.40218
332.00000	2.34016
332.10000	2.27769
332.20000	2.21480
332.30000	2.15150
332.40000	2.08779
332.50000	2.02370
332.60000	1.95923
332.70000	1.89439
332.80000	1.82921
332.90000	1.76369
333.00000	1.69785
333.10000	1.63170
333.20000	1.56525
333.30000	1.49852
333.40000	1.43152
333.50000	1.36427
333.60000	1.29676
333.70000	1.22903
333.80000	1.16109
333.90000	1.09293
334.00000	1.02459
334.10000	0.95607
334.20000	0.88738
334.30000	0.81854
334.40000	0.74956
334.50000	0.68046
334.60000	0.61124
334.70000	0.54191
334.80000	0.47250
334.90000	0.40301
335.00000	0.33346
335.10000	0.26385
335.20000	0.19420
335.30000	0.12452
335.40000	0.05483
335.50000	-0.01487
335.60000	-0.08456
335.70000	-0.15424
335.80000	-0.22388
335.90000	-0.29349
336.00000	-0.36304
336.10000	-0.43252
336.20000	-0.50193
336.30000	-0.57124
336.40000	-0.64046
336.50000	-0.70957
336.60000	-0.77855
336.70000	-0.84740
336.80000	-0.91610
336.90000	-0.98464
337.00000	-1.05301
337.10000	-1.12119
337.20000	-1.18918
337.30000	-1.25697
337.40000	-1.32454
337.50000	-1.39187
337.60000	-1.45896
337.70000	-1.52580
337.80000	-1.59236
337.90000	-1.65865
338.00000	-1.72464
338.10000	-1.79033
338.20000	-1.85570
338.30000	-1.92074
338.40000	-1.98544
338.50000	-2.04978
338.60000	-2.11375
338.70000	-2.17734
338.80000	-2.24053
338.90000	-2.30332
339.00000	-2.36569
339.10000	-2.42763
339.20000	-2.48913
339.30000	-2.55017
339.40000	-2.61074
339.50000	-2.67082
339.60000	-2.73042
339.70000	-2.78951
339.80000	-2.84808
339.90000	-2.90612
340.00000	-2.96362
340.10000	-3.02057
340.20000	-3.07696
340.30000	-3.13277
340.40000	-3.18800
340.50000	-3.24263
340.60000	-3.29665
340.70000	-3.35006
340.80000	-3.40284
340.90000	-3.45498
341.00000	-3.50648
341.10000	-3.55732
341.20000	-3.60749
341.30000	-3.65699
341.40000	-3.70580
341.50000	-3.75393
341.60000	-3.80135
341.70000	-3.84807
341.80000	-3.89407
341.90000	-3.93934
342.00000	-3.98389
342.10000	-4.02769
342.20000	-4.07075
342.30000	-4.11306
342.40000	-4.15461
342.50000	-4.19539
342.60000	-4.23539
342.70000	-4.27462
342.80000	-4.31307
342.90000	-4.35072
343.00000	-4.38757
343.10000	-4.42363
343.20000	-4.45887
343.30000	-4.49330
343.40000	-4.52691
343.50000	-4.55969
343.60000	-4.59165
343.70000	-4.62276
343.80000	-4.65304
343.90000	-4.68247
344.00000	-4.71105
344.10000	-4.73877
344.20000	-4.76563
344.30000	-4.79163
344.40000	-4.81675
344.50000	-4.84100
344.60000	-4.86437
344.70000	-4.88686
344.80000	-4.90845
344.90000	-4.92915
345.00000	-4.94895
345.10000	-4.96785
345.20000	-4.98584
345.30000	-5.00292
345.40000	-5.01909
345.50000	-5.03433
345.60000	-5.04865
345.70000	-5.06205
345.80000	-5.07452
345.90000	-5.08605
346.00000	-5.09665
346.10000	-5.10630
346.20000	-5.11502
346.30000	-5.12279
346.40000	-5.12961
346.50000	-5.13548
346.60000	-5.14040
346.70000	-5.14437
346.80000	-5.14738
346.90000	-5.14944
347.00000	-5.15054
347.10000	-5.15068
347.20000	-5.14986
347.30000	-5.14809
347.40000	-5.14536
347.50000	-5.14166
347.60000	-5.13701
347.70000	-5.13141
347.80000	-5.12485
347.90000	-5.11733
348.00000	-5.10886
348.10000	-5.09945
348.20000	-5.08908
348.30000	-5.07777
348.40000	-5.06551
348.50000	-5.05231
348.60000	-5.03818
348.70000	-5.02311
348.80000	-5.00712
348.90000	-4.99019
349.00000	-4.97235
349.10000	-4.95358
349.20000	-4.93391
349.30000	-4.91332
349.40000	-4.89183
349.50000	-4.86944
349.60000	-4.84616
349.70000	-4.82199
349.80000	-4.79693
349.90000	-4.77100
350.00000	-4.74419
350.10000	-4.71652
350.20000	-4.68799
350.30000	-4.65860
350.40000	-4.62836
350.50000	-4.59728
350.60000	-4.56536
350.70000	-4.53261
350.80000	-4.49903
350.90000	-4.46464
351.00000	-4.42943
351.10000	-4.39342
351.20000	-4.35661
351.30000	-4.31900
351.40000	-4.28061
351.50000	-4.24144
351.60000	-4.20149
351.70000	-4.16078
351.80000	-4.11931
351.90000	-4.07708
352.00000	-4.03411
352.10000	-3.99040
352.20000	-3.94596
352.30000	-3.90080
352.40000	-3.85491
352.50000	-3.80832
352.60000	-3.76103
352.70000	-3.71304
352.80000	-3.66436
352.90000	-3.61501
353.00000	-3.56499
353.10000	-3.51430
353.20000	-3.46296
353.30000	-3.41098
353.40000	-3.35836
353.50000	-3.30511
353.60000	-3.25125
353.70000	-3.19677
353.80000	-3.14170
353.90000	-3.08604
354.00000	-3.02980
354.10000	-2.97299
354.20000	-2.91563
354.30000	-2.85771
354.40000	-2.79926
354.50000	-2.74028
354.60000	-2.68079
354.70000	-2.62079
354.80000	-2.56030
354.90000	-2.49933
355.00000	-2.43790
355.10000	-2.37600
355.20000	-2.31366
355.30000	-2.25089
355.40000	-2.18770
355.50000	-2.12410
355.60000	-2.06010
355.70000	-1.99572
355.80000	-1.93098
355.90000	-1.86587
356.00000	-1.80042
356.10000	-1.73464
356.20000	-1.66855
356.30000	-1.60215
356.40000	-1.53545
356.50000	-1.46848
356.60000	-1.40124
356.70000	-1.33375
356.80000	-1.26602
356.90000	-1.19807
357.00000	-1.12990
357.10000	-1.06153
357.20000	-0.99297
357.30000	-0.92424
357.40000	-0.85535
357.50000	-0.78630
357.60000	-0.71713
357.70000	-0.64782
357.80000	-0.57841
357.90000	-0.50890
358.00000	-0.43930
358.10000	-0.36963
358.20000	-0.29990
358.30000	-0.23011
358.40000	-0.16030
358.50000	-0.09045
358.60000	-0.02060
358.70000	0.04926
358.80000	0.11910
358.90000	0.18893
359.00000	0.25871
359.10000	0.32845
359.20000	0.39813
359.30000	0.46773
359.40000	0.53726
359.50000	0.60669
359.60000	0.67601
359.70000	0.74521
359.80000	0.81428
359.90000	0.88321
360.00000	0.95198
360.10000	1.02059
360.20000	1.08901
360.30000	1.15725
360.40000	1.22528
360.50000	1.29309
360.60000	1.36068
360.70000	1.42803
360.80000	1.49512
360.90000	1.56195
361.00000	1.62851
361.10000	1.69477
361.20000	1.76073
361.30000	1.82638
361.40000	1.89170
361.50000	1.95668
361.60000	2.02131
361.70000	2.08557
361.80000	2.14946
361.90000	2.21295
362.00000	2.27605
362.10000	2.33873
362.20000	2.40098
362.30000	2.46280
362.40000	2.52416
362.50000	2.58506
362.60000	2.64548
362.70000	2.70542
362.80000	2.76486
362.90000	2.82378
363.00000	2.88219
363.10000	2.94005
363.20000	2.99738
363.30000	3.05414
363.40000	3.11034
363.50000	3.16595
363.60000	3.22098
363.70000	3.27541
363.80000	3.32923
363.90000	3.38242
364.00000	3.43499
364.10000	3.48691
364.20000	3.53818
364.30000	3.58880
364.40000	3.63874
364.50000	3.68801
364.60000	3.73659
364.70000	3.78448
364.80000	3.83166
364.90000	3.87813
365.00000	3.92388
365.10000	3.96890
365.20000	4.01319
365.30000	4.05673
365.40000	4.09953
365.50000	4.14156
365.60000	4.18284
365.70000	4.22334
365.80000	4.26307
365.90000	4.30201
366.00000	4.34016
366.10000	4.37751
366.20000	4.41407
366.30000	4.44981
366.40000	4.48474
366.50000	4.51885
366.60000	4.55214
366.70000	4.58459
366.80000	4.61621
366.90000	4.64698
367.00000	4.67691
367.10000	4.70598
367.20000	4.73420
367.30000	4.76155
367.40000	4.78804
367.50000	4.81365
367.60000	4.83839
367.70000	4.86224
367.80000	4.88521
367.90000	4.90729
368.00000	4.92847
368.10000	4.94875
368.20000	4.96813
368.30000	4.98660
368.40000	5.00415
368.50000	5.02080
368.60000	5.03652
368.70000	5.05131
368.80000	5.06518
368.90000	5.07812
369.00000	5.09013
369.10000	5.10120
369.20000	5.11132
369.30000	5.12051
369.40000	5.12875
369.50000	5.13605
369.60000	5.14239
369.70000	5.14779
369.80000	5.15223
369.90000	5.15572
370.00000	5.15825
370.10000	5.15982
370.20000	5.16044
370.30000	5.16010
370.40000	5.15880
370.50000	5.15654
370.60000	5.15333
370.70000	5.14916
370.80000	5.14403
370.90000	5.13794
371.00000	5.13090
371.10000	5.12291
371.20000	5.11397
371.30000	5.10407
371.40000	5.09323
371.50000	5.08145
371.60000	5.06872
371.70000	5.05505
371.80000	5.04045
371.90000	5.02492
372.00000	5.00845
372.10000	4.99106
372.20000	4.97275
372.30000	4.95353
372.40000	4.93338
372.50000	4.91234
372.60000	4.89038
372.70000	4.86753
372.80000	4.84378
372.90000	4.81915
373.00000	4.79363
373.10000	4.76723
373.20000	4.73996
373.30000	4.71183
373.40000	4.68283
373.50000	4.65297
373.60000	4.62227
373.70000	4.59072
373.80000	4.55833
373.90000	4.52511
374.00000	4.49107
374.10000	4.45620
374.20000	4.42053
374.30000	4.38404
374.40000	4.34676
374.50000	4.30868
374.60000	4.26982
374.70000	4.23018
374.80000	4.18976
374.90000	4.14858
375.00000	4.10663
375.10000	4.06394
375.20000	4.02050
375.30000	3.97632
375.40000	3.93141
375.50000	3.88578
375.60000	3.83944
375.70000	3.79239
375.80000	3.74463
375.90000	3.69619
376.00000	3.64706
376.10000	3.59726
376.20000	3.54679
376.30000	3.49567
376.40000	3.44389
376.50000	3.39148
376.60000	3.33843
376.70000	3.28476
376.80000	3.23048
376.90000	3.17560
377.00000	3.12012
377.10000	3.06406
377.20000	3.00743
377.30000	2.95023
377.40000	2.89248
377.50000	2.83419
377.60000	2.77537
377.70000	2.71603
377.80000	2.65619
377.90000	2.59584
378.00000	2.53501
378.10000	2.47370
378.20000	2.41194
378.30000	2.34972
378.40000	2.28706
378.50000	2.22398
378.60000	2.16048
378.70000	2.09658
378.80000	2.03229
378.90000	1.96763
379.00000	1.90260
379.10000	1.83722
379.20000	1.77150
379.30000	1.70546
379.40000	1.63911
379.50000	1.57245
379.60000	1.50551
379.70000	1.43829
379.80000	1.37081
379.90000	1.30308
380.00000	1.23512
380.10000	1.16694
380.20000	1.09855
380.30000	1.02996
380.40000	0.96119
380.50000	0.89224
380.60000	0.82314
380.70000	0.75390
380.80000	0.68452
380.90000	0.61502
381.00000	0.54542
381.10000	0.47572
381.20000	0.40594
381.30000	0.33609
381.40000	0.26618
381.50000	0.19623
381.60000	0.12624
381.70000	0.05624
381.80000	-0.01377
381.90000	-0.08378
382.00000	-0.15377
382.10000	-0.22373
382.20000	-0.29365
382.30000	-0.36351
382.40000	-0.43331
382.50000	-0.50304
382.60000	-0.57267
382.70000	-0.64220
382.80000	-0.71162
382.90000	-0.78091
383.00000	-0.85006
383.10000	-0.91906
383.20000	-0.98790
383.30000	-1.05656
383.40000	-1.12504
383.50000	-1.19331
383.60000	-1.26138
383.70000	-1.32922
383.80000	-1.39682
383.90000	-1.46418
384.00000	-1.53127
384.10000	-1.59810
384.20000	-1.66463
384.30000	-1.73087
384.40000	-1.79680
384.50000	-1.86240
384.60000	-1.92767
384.70000	-1.99259
384.80000	-2.05715
384.90000	-2.12133
385.00000	-2.18514
385.10000	-2.24854
385.20000	-2.31154
385.30000	-2.37411
385.40000	-2.43625
385.50000	-2.49794
385.60000	-2.55917
385.70000	-2.61994
385.80000	-2.68022
385.90000	-2.74001
386.00000	-2.79929
386.10000	-2.85805
386.20000	-2.91629
386.30000	-2.97398
386.40000	-3.03113
386.50000	-3.08771
386.60000	-3.14372
386.70000	-3.19914
386.80000	-3.25397
386.90000	-3.30820
387.00000	-3.36181
387.10000	-3.41480
387.20000	-3.46715
387.30000	-3.51885
387.40000	-3.56990
387.50000	-3.62029
387.60000	-3.67000
387.70000	-3.71904
387.80000	-3.76738
387.90000	-3.81502
388.00000	-3.86196
388.10000	-3.90818
388.20000	-3.95367
388.30000	-3.99844
388.40000	-4.04246
388.50000	-4.08574
388.60000	-4.12826
388.70000	-4.17003
388.80000	-4.21102
388.90000	-4.25124
389.00000	-4.29067
389.10000	-4.32932
389.20000	-4.36717
389.30000	-4.40423
389.40000	-4.44047
389.50000	-4.47590
389.60000	-4.51051
389.70000	-4.54429
389.80000	-4.57724
389.90000	-4.60936
390.00000	-4.64063
390.10000	-4.67106
390.20000	-4.70063
390.30000	-4.72934
390.40000	-4.75719
390.50000	-4.78417
390.60000	-4.81028
390.70000	-4.83551
390.80000	-4.85985
390.90000	-4.88331
391.00000	-4.90588
391.10000	-4.92755
391.20000	-4.94831
391.30000	-4.96818
391.40000	-4.98713
391.50000	-5.00517
391.60000	-5.02229
391.70000	-5.03850
391.80000	-5.05377
391.90000	-5.06812
392.00000	-5.08154
392.10000	-5.09403
392.20000	-5.10558
392.30000	-5.11618
392.40000	-5.12585
392.50000	-5.13457
392.60000	-5.14234
392.70000	-5.14917
392.80000	-5.15504
392.90000	-5.15996
393.00000	-5.16392
393.10000	-5.16693
393.20000	-5.16898
393.30000	-5.17008
393.40000	-5.17022
393.50000	-5.16940
393.60000	-5.16762
393.70000	-5.16488
393.80000	-5.16119
393.90000	-5.15653
394.00000	-5.15093
394.10000	-5.14436
394.20000	-5.13684
394.30000	-5.12837
394.40000	-5.11895
394.50000	-5.10858
394.60000	-5.09727
394.70000	-5.08501
394.80000	-5.07181
394.90000	-5.05767
395.00000	-5.04259
395.10000	-5.02658
395.20000	-5.00965
395.30000	-4.99179
395.40000	-4.97301
395.50000	-4.95331
395.60000	-4.93270
395.70000	-4.91118
395.80000	-4.88876
395.90000	-4.86544
396.00000	-4.84123
396.10000	-4.81612
396.20000	-4.79014
396.30000	-4.76327
396.40000	-4.73553
396.50000	-4.70692
396.60000	-4.67746
396.70000	-4.64713
396.80000	-4.61596
396.90000	-4.58394
397.00000	-4.55108
397.10000	-4.51739
397.20000	-4.48287
397.30000	-4.44754
397.40000	-4.41139
397.50000	-4.37444
397.60000	-4.33668
397.70000	-4.29813
397.80000	-4.25880
397.90000	-4.21868
398.00000	-4.17780
398.10000	-4.13614
398.20000	-4.09373
398.30000	-4.05057
398.40000	-4.00667
398.50000	-3.96203
398.60000	-3.91666
398.70000	-3.87057
398.80000	-3.82376
398.90000	-3.77626
399.00000	-3.72805
399.10000	-3.67916
399.20000	-3.62959
399.30000	-3.57934
399.40000	-3.52843
399.50000	-3.47687
399.60000	-3.42467
399.70000	-3.37183
399.80000	-3.31836
399.90000	-3.26427
400.00000	-3.20958
400.10000	-3.15429
400.20000	-3.09841
400.30000	-3.04195
400.40000	-2.98493
400.50000	-2.92735
400.60000	-2.86922
400.70000	-2.81056
400.80000	-2.75137
400.90000	-2.69167
401.00000	-2.63147
401.10000	-2.57078
401.20000	-2.50960
401.30000	-2.44796
401.40000	-2.38586
401.50000	-2.32332
401.60000	-2.26034
401.70000	-2.19695
401.80000	-2.13315
401.90000	-2.06895
402.00000	-2.00436
402.10000	-1.93941
402.20000	-1.87410
402.30000	-1.80844
402.40000	-1.74245
402.50000	-1.67614
402.60000	-1.60952
402.70000	-1.54261
402.80000	-1.47541
402.90000	-1.40795
403.00000	-1.34023
403.10000	-1.27226
403.20000	-1.20407
403.30000	-1.13565
403.40000	-1.06704
403.50000	-0.99823
403.60000	-0.92924
403.70000	-0.86008
403.80000	-0.79078
403.90000	-0.72133
404.00000	-0.65175
404.10000	-0.58206
404.20000	-0.51227
404.30000	-0.44238
404.40000	-0.37242
404.50000	-0.30240
404.60000	-0.23232
404.70000	-0.16220
404.80000	-0.09205
404.90000	-0.02189
405.00000	0.04827
405.10000	0.11842
405.20000	0.18855
405.30000	0.25864
405.40000	0.32869
405.50000	0.39868
405.60000	0.46859
405.70000	0.53842
405.80000	0.60816
405.90000	0.67778
406.00000	0.74729
406.10000	0.81666
406.20000	0.88589
406.30000	0.95496
406.40000	1.02385
406.50000	1.09257
406.60000	1.16109
406.70000	1.22940
406.80000	1.29749
406.90000	1.36536
407.00000	1.43297
407.10000	1.50033
407.20000	1.56742
407.30000	1.63423
407.40000	1.70075
407.50000	1.76695
407.60000	1.83284
407.70000	1.89840
407.80000	1.96362
407.90000	2.02848
408.00000	2.09297
408.10000	2.15708
408.20000	2.22079
408.30000	2.28411
408.40000	2.34700
408.50000	2.40947
408.60000	2.47149
408.70000	2.53306
408.80000	2.59417
408.90000	2.65480
409.00000	2.71494
409.10000	2.77458
409.20000	2.83371
409.30000	2.89231
409.40000	2.95039
409.50000	3.00791
409.60000	3.06488
409.70000	3.12128
409.80000	3.17710
409.90000	3.23233
410.00000	3.28697
410.10000	3.34099
410.20000	3.39440
410.30000	3.44717
410.40000	3.49930
410.50000	3.55079
410.60000	3.60162
410.70000	3.65177
410.80000	3.70126
410.90000	3.75005
411.00000	3.79815
411.10000	3.84555
411.20000	3.89224
411.30000	3.93820
411.40000	3.98344
411.50000	4.02794
411.60000	4.07170
411.70000	4.11470
411.80000	4.15695
411.90000	4.19843
412.00000	4.23914
412.10000	4.27907
412.20000	4.31821
412.30000	4.35655
412.40000	4.39410
412.50000	4.43084
412.60000	4.46677
412.70000	4.50187
412.80000	4.53616
412.90000	4.56961
413.00000	4.60222
413.10000	4.63399
413.20000	4.66492
413.30000	4.69499
413.40000	4.72420
413.50000	4.75255
413.60000	4.78002
413.70000	4.80663
413.80000	4.83235
413.90000	4.85719
414.00000	4.88114
414.10000	4.90420
414.20000	4.92636
414.30000	4.94762
414.40000	4.96798
414.50000	4.98742
414.60000	5.00595
414.70000	5.02356
414.80000	5.04025
414.90000	5.05602
415.00000	5.07085
415.10000	5.08476
415.20000	5.09773
415.30000	5.10976
415.40000	5.12085
415.50000	5.13100
415.60000	5.14020
415.70000	5.14846
415.80000	5.15576
415.90000	5.16212
416.00000	5.16752
416.10000	5.17197
416.20000	5.17546
416.30000	5.17799
416.40000	5.17957
416.50000	5.18019
416.60000	5.17984
416.70000	5.17854
416.80000	5.17629
416.90000	5.17307
417.00000	5.16890
417.10000	5.16376
417.20000	5.15767
417.30000	5.15063
417.40000	5.14263
417.50000	5.13368
417.60000	5.12378
417.70000	5.11294
417.80000	5.10114
417.90000	5.08841
418.00000	5.07473
418.10000	5.06011
418.20000	5.04456
418.30000	5.02808
418.40000	5.01067
418.50000	4.99233
418.60000	4.97308
418.70000	4.95291
418.80000	4.93182
418.90000	4.90983
419.00000	4.88694
419.10000	4.86314
419.20000	4.83845
419.30000	4.81288
419.40000	4.78642
419.50000	4.75908
419.60000	4.73087
419.70000	4.70179
419.80000	4.67185
419.90000	4.64105
420.00000	4.60940
420.10000	4.57691
420.20000	4.54358
420.30000	4.50941
420.40000	4.47443
420.50000	4.43862
420.60000	4.40200
420.70000	4.36457
420.80000	4.32634
420.90000	4.28733
421.00000	4.24752
421.10000	4.20694
421.20000	4.16558
421.30000	4.12346
421.40000	4.08059
421.50000	4.03696
421.60000	3.99259
421.70000	3.94749
421.80000	3.90166
421.90000	3.85512
422.00000	3.80786
422.10000	3.75990
422.20000	3.71125
422.30000	3.66191
422.40000	3.61190
422.50000	3.56121
422.60000	3.50987
422.70000	3.45788
422.80000	3.40525
422.90000	3.35198
423.00000	3.29810
423.10000	3.24360
423.20000	3.18850
423.30000	3.13280
423.40000	3.07653
423.50000	3.01968
423.60000	2.96227
423.70000	2.90430
423.80000	2.84580
423.90000	2.78677
424.00000	2.72721
424.10000	2.66715
424.20000	2.60660
424.30000	2.54555
424.40000	2.48404
424.50000	2.42206
424.60000	2.35963
424.70000	2.29676
424.80000	2.23347
424.90000	2.16976
425.00000	2.10565
425.10000	2.04115
425.20000	1.97627
425.30000	1.91103
425.40000	1.84543
425.50000	1.77949
425.60000	1.71323
425.70000	1.64665
425.80000	1.57976
425.90000	1.51259
426.00000	1.44514
426.10000	1.37743
426.20000	1.30946
426.30000	1.24126
426.40000	1.17283
426.50000	1.10419
426.60000	1.03534
426.70000	0.96631
426.80000	0.89711
426.90000	0.82774
427.00000	0.75823
427.10000	0.68858
427.20000	0.61881
427.30000	0.54892
427.40000	0.47894
427.50000	0.40888
427.60000	0.33874
427.70000	0.26854
427.80000	0.19829
427.90000	0.12801
428.00000	0.05771
428.10000	-0.01260
428.20000	-0.08291
428.30000	-0.15320
428.40000	-0.22346
428.50000	-0.29368
428.60000	-0.36385
428.70000	-0.43395
428.80000	-0.50398
428.90000	-0.57391
429.00000	-0.64374
429.10000	-0.71346
429.20000	-0.78305
429.30000	-0.85249
429.40000	-0.92179
429.50000	-0.99092
429.60000	-1.05987
429.70000	-1.12863
429.80000	-1.19719
429.90000	-1.26553
430.00000	-1.33365
430.10000	-1.40152
430.20000	-1.46915
430.30000	-1.53651
430.40000	-1.60359
430.50000	-1.67038
430.60000	-1.73687
430.70000	-1.80305
430.80000	-1.86890
430.90000	-1.93441
431.00000	-1.99957
431.10000	-2.06436
431.20000	-2.12878
431.30000	-2.19282
431.40000	-2.25645
431.50000	-2.31967
431.60000	-2.38246
431.70000	-2.44482
431.80000	-2.50673
431.90000	-2.56818
432.00000	-2.62916
432.10000	-2.68966
432.20000	-2.74966
432.30000	-2.80915
432.40000	-2.86813
432.50000	-2.92657
432.60000	-2.98448
432.70000	-3.04183
432.80000	-3.09862
432.90000	-3.15484
433.00000	-3.21048
433.10000	-3.26552
433.20000	-3.31995
433.30000	-3.37377
433.40000	-3.42697
433.50000	-3.47953
433.60000	-3.53145
433.70000	-3.58271
433.80000	-3.63331
433.90000	-3.68324
434.00000	-3.73249
434.10000	-3.78104
434.20000	-3.82890
434.30000	-3.87604
434.40000	-3.92248
434.50000	-3.96818
434.60000	-4.01316
434.70000	-4.05739
434.80000	-4.10087
434.90000	-4.14360
435.00000	-4.18557
435.10000	-4.22676
435.20000	-4.26718
435.30000	-4.30681
435.40000	-4.34564
435.50000	-4.38368
435.60000	-4.42092
435.70000	-4.45734
435.80000	-4.49294
435.90000	-4.52772
436.00000	-4.56167
436.10000	-4.59479
436.20000	-4.62706
436.30000	-4.65848
436.40000	-4.68905
436.50000	-4.71876
436.60000	-4.74761
436.70000	-4.77558
436.80000	-4.80268
436.90000	-4.82891
437.00000	-4.85424
437.10000	-4.87869
437.20000	-4.90225
437.30000	-4.92491
437.40000	-4.94666
437.50000	-4.96751
437.60000	-4.98745
437.70000	-5.00647
437.80000	-5.02457
437.90000	-5.04175
438.00000	-5.05801
438.10000	-5.07334
438.20000	-5.08773
438.30000	-5.10119
438.40000	-5.11371
438.50000	-5.12529
438.60000	-5.13593
438.70000	-5.14562
438.80000	-5.15436
438.90000	-5.16215
439.00000	-5.16899
439.10000	-5.17488
439.20000	-5.17981
439.30000	-5.18379
439.40000	-5.18680
439.50000	-5.18886
439.60000	-5.18996
439.70000	-5.19010
439.80000	-5.18929
439.90000	-5.18751
440.00000	-5.18477
440.10000	-5.18107
440.20000	-5.17642
440.30000	-5.17081
440.40000	-5.16424
440.50000	-5.15671
440.60000	-5.14823
440.70000	-5.13880
440.80000	-5.12842
440.90000	-5.11709
441.00000	-5.10482
441.10000	-5.09160
441.20000	-5.07744
441.30000	-5.06235
441.40000	-5.04632
441.50000	-5.02936
441.60000	-5.01147
441.70000	-4.99265
441.80000	-4.97292
441.90000	-4.95227
442.00000	-4.93071
442.10000	-4.90824
442.20000	-4.88487
442.30000	-4.86060
442.40000	-4.83543
442.50000	-4.80938
442.60000	-4.78244
442.70000	-4.75463
442.80000	-4.72594
442.90000	-4.69639
443.00000	-4.66597
443.10000	-4.63469
443.20000	-4.60257
443.30000	-4.56960
443.40000	-4.53580
443.50000	-4.50116
443.60000	-4.46570
443.70000	-4.42942
443.80000	-4.39232
443.90000	-4.35443
444.00000	-4.31573
444.10000	-4.27624
444.20000	-4.23596
444.30000	-4.19491
444.40000	-4.15309
444.50000	-4.11051
444.60000	-4.06717
444.70000	-4.02308
444.80000	-3.97825
444.90000	-3.93269
445.00000	-3.88641
445.10000	-3.83941
445.20000	-3.79170
445.30000	-3.74329
445.40000	-3.69419
445.50000	-3.64442
445.60000	-3.59396
445.70000	-3.54284
445.80000	-3.49107
445.90000	-3.43865
446.00000	-3.38560
446.10000	-3.33192
446.20000	-3.27761
446.30000	-3.22271
446.40000	-3.16720
446.50000	-3.11111
446.60000	-3.05443
446.70000	-2.99719
446.80000	-2.93940
446.90000	-2.88106
447.00000	-2.82218
447.10000	-2.76277
447.20000	-2.70286
447.30000	-2.64244
447.40000	-2.58153
447.50000	-2.52014
447.60000	-2.45828
447.70000	-2.39597
447.80000	-2.33321
447.90000	-2.27002
448.00000	-2.20640
448.10000	-2.14238
448.20000	-2.07796
448.30000	-2.01316
448.40000	-1.94798
448.50000	-1.88245
448.60000	-1.81656
448.70000	-1.75035
448.80000	-1.68381
448.90000	-1.61695
449.00000	-1.54981
449.10000	-1.48237
449.20000	-1.41467
449.30000	-1.34671
449.40000	-1.27850
449.50000	-1.21005
449.60000	-1.14139
449.70000	-1.07252
449.80000	-1.00345
449.90000	-0.93420
450.00000	-0.86478
450.10000	-0.79521
450.20000	-0.72549
450.30000	-0.65564
450.40000	-0.58567
450.50000	-0.51560
450.60000	-0.44543
450.70000	-0.37519
450.80000	-0.30487
450.90000	-0.23451
451.00000	-0.16410
451.10000	-0.09366
451.20000	-0.02321
451.30000	0.04725
451.40000	0.11770
451.50000	0.18812
451.60000	0.25852
451.70000	0.32886
451.80000	0.39915
451.90000	0.46936
452.00000	0.53949
452.10000	0.60952
452.20000	0.67944
452.30000	0.74924
452.40000	0.81890
452.50000	0.88842
452.60000	0.95778
452.70000	1.02696
452.80000	1.09596
452.90000	1.16476
453.00000	1.23335
453.10000	1.30172
453.20000	1.36986
453.30000	1.43774
453.40000	1.50537
453.50000	1.57272
453.60000	1.63979
453.70000	1.70657
453.80000	1.77303
453.90000	1.83917
454.00000	1.90498
454.10000	1.97044
454.20000	2.03554
454.30000	2.10027
454.40000	2.16462
454.50000	2.22857
454.60000	2.29211
454.70000	2.35524
454.80000	2.41793
454.90000	2.48018
455.00000	2.54198
455.10000	2.60331
455.20000	2.66416
455.30000	2.72452
455.40000	2.78437
455.50000	2.84372
455.60000	2.90254
455.70000	2.96083
455.80000	3.01857
455.90000	3.07575
456.00000	3.13236
456.10000	3.18840
456.20000	3.24385
456.30000	3.29869
456.40000	3.35293
456.50000	3.40655
456.60000	3.45953
456.70000	3.51188
456.80000	3.56358
456.90000	3.61462
457.00000	3.66499
457.10000	3.71468
457.20000	3.76369
457.30000	3.81200
457.40000	3.85960
457.50000	3.90650
457.60000	3.95267
457.70000	3.99811
457.80000	4.04282
457.90000	4.08678
458.00000	4.12998
458.10000	4.17243
458.20000	4.21411
458.30000	4.25501
458.40000	4.29513
458.50000	4.33445
458.60000	4.37298
458.70000	4.41071
458.80000	4.44763
458.90000	4.48373
459.00000	4.51900
459.10000	4.55345
459.20000	4.58706
459.30000	4.61983
459.40000	4.65175
459.50000	4.68282
459.60000	4.71303
459.70000	4.74238
459.80000	4.77085
459.90000	4.79845
460.00000	4.82518
460.10000	4.85101
460.20000	4.87596
460.30000	4.90002
460.40000	4.92317
460.50000	4.94542
460.60000	4.96677
460.70000	4.98720
460.80000	5.00672
460.90000	5.02532
461.00000	5.04300
461.10000	5.05975
461.20000	5.07557
461.30000	5.09046
461.40000	5.10441
461.50000	5.11743
461.60000	5.12950
461.70000	5.14063
461.80000	5.15081
461.90000	5.16004
462.00000	5.16832
462.10000	5.17565
462.20000	5.18202
462.30000	5.18744
462.40000	5.19191
462.50000	5.19541
462.60000	5.19795
462.70000	5.19954
462.80000	5.20016
462.90000	5.19983
463.00000	5.19853
463.10000	5.19627
463.20000	5.19306
463.30000	5.18888
463.40000	5.18374
463.50000	5.17765
463.60000	5.17060
463.70000	5.16259
463.80000	5.15363
463.90000	5.14372
464.00000	5.13286
464.10000	5.12105
464.20000	5.10829
464.30000	5.09459
464.40000	5.07995
464.50000	5.06437
464.60000	5.04786
464.70000	5.03041
464.80000	5.01204
464.90000	4.99275
465.00000	4.97253
465.10000	4.95140
465.20000	4.92936
465.30000	4.90641
465.40000	4.88256
465.50000	4.85781
465.60000	4.83216
465.70000	4.80563
465.80000	4.77821
465.90000	4.74992
466.00000	4.72075
466.10000	4.69072
466.20000	4.65982
466.30000	4.62807
466.40000	4.59547
466.50000	4.56203
466.60000	4.52775
466.70000	4.49263
466.80000	4.45670
466.90000	4.41994
467.00000	4.38237
467.10000	4.34400
467.20000	4.30483
467.30000	4.26487
467.40000	4.22413
467.50000	4.18261
467.60000	4.14033
467.70000	4.09728
467.80000	4.05348
467.90000	4.00893
468.00000	3.96364
468.10000	3.91763
468.20000	3.87089
468.30000	3.82344
468.40000	3.77528
468.50000	3.72643
468.60000	3.67689
468.70000	3.62667
468.80000	3.57579
468.90000	3.52424
469.00000	3.47204
469.10000	3.41920
469.20000	3.36572
469.30000	3.31162
469.40000	3.25691
469.50000	3.20159
469.60000	3.14569
469.70000	3.08919
469.80000	3.03213
469.90000	2.97450
470.00000	2.91632
470.10000	2.85760
470.20000	2.79835
470.30000	2.73858
470.40000	2.67830
470.50000	2.61753
470.60000	2.55627
470.70000	2.49453
470.80000	2.43233
470.90000	2.36968
471.00000	2.30659
471.10000	2.24308
471.20000	2.17914
471.30000	2.11481
471.40000	2.05008
471.50000	1.98498
471.60000	1.91950
471.70000	1.85368
471.80000	1.78751
471.90000	1.72101
472.00000	1.65419
472.10000	1.58707
472.20000	1.51965
472.30000	1.45196
472.40000	1.38400
472.50000	1.31579
472.60000	1.24734
472.70000	1.17865
472.80000	1.10976
472.90000	1.04065
473.00000	0.97136
473.10000	0.90190
473.20000	0.83227
473.30000	0.76248
473.40000	0.69256
473.50000	0.62251
473.60000	0.55235
473.70000	0.48209
473.80000	0.41175
473.90000	0.34132
474.00000	0.27084
474.10000	0.20031
474.20000	0.12974
474.30000	0.05915
474.40000	-0.01145
474.50000	-0.08205
474.60000	-0.15263
474.70000	-0.22319
474.80000	-0.29371
474.90000	-0.36417
475.00000	-0.43457
475.10000	-0.50488
475.20000	-0.57511
475.30000	-0.64523
475.40000	-0.71524
475.50000	-0.78512
475.60000	-0.85485
475.70000	-0.92443
475.80000	-0.99385
475.90000	-1.06308
476.00000	-1.13212
476.10000	-1.20096
476.20000	-1.26958
476.30000	-1.33797
476.40000	-1.40612
476.50000	-1.47401
476.60000	-1.54164
476.70000	-1.60898
476.80000	-1.67604
476.90000	-1.74278
477.00000	-1.80922
477.10000	-1.87532
477.20000	-1.94108
477.30000	-2.00649
477.40000	-2.07153
477.50000	-2.13619
477.60000	-2.20046
477.70000	-2.26433
477.80000	-2.32779
477.90000	-2.39082
478.00000	-2.45341
478.10000	-2.51555
478.20000	-2.57723
478.30000	-2.63843
478.40000	-2.69915
478.50000	-2.75938
478.60000	-2.81909
478.70000	-2.87829
478.80000	-2.93696
478.90000	-2.99508
479.00000	-3.05265
479.10000	-3.10966
479.20000	-3.16610
479.30000	-3.22195
479.40000	-3.27721
479.50000	-3.33186
479.60000	-3.38589
479.70000	-3.43930
479.80000	-3.49208
479.90000	-3.54421
480.00000	-3.59568
480.10000	-3.64649
480.20000	-3.69663
480.30000	-3.74609
480.40000	-3.79485
480.50000	-3.84291
480.60000	-3.89027
480.70000	-3.93690
480.80000	-3.98281
480.90000	-4.02799
481.00000	-4.07242
481.10000	-4.11610
481.20000	-4.15903
481.30000	-4.20118
481.40000	-4.24257
481.50000	-4.28317
481.60000	-4.32299
481.70000	-4.36201
481.80000	-4.40023
481.90000	-4.43763
482.00000	-4.47423
482.10000	-4.51000
482.20000	-4.54494
482.30000	-4.57905
482.40000	-4.61232
482.50000	-4.64474
482.60000	-4.67631
482.70000	-4.70702
482.80000	-4.73686
482.90000	-4.76584
483.00000	-4.79394
483.10000	-4.82116
483.20000	-4.84750
483.30000	-4.87295
483.40000	-4.89751
483.50000	-4.92116
483.60000	-4.94392
483.70000	-4.96576
483.80000	-4.98670
483.90000	-5.00671
484.00000	-5.02581
484.10000	-5.04399
484.20000	-5.06124
484.30000	-5.07756
484.40000	-5.09294
484.50000	-5.10739
484.60000	-5.12090
484.70000	-5.13347
484.80000	-5.14509
484.90000	-5.15577
485.00000	-5.16549
485.10000	-5.17427
485.20000	-5.18209
485.30000	-5.18895
485.40000	-5.19486
485.50000	-5.19981
485.60000	-5.20381
485.70000	-5.20684
485.80000	-5.20891
485.90000	-5.21002
486.00000	-5.21017
486.10000	-5.20936
486.20000	-5.20758
486.30000	-5.20484
486.40000	-5.20115
486.50000	-5.19649
486.60000	-5.19087
486.70000	-5.18429
486.80000	-5.17676
486.90000	-5.16827
487.00000	-5.15883
487.10000	-5.14843
487.20000	-5.13708
487.30000	-5.12479
487.40000	-5.11154
487.50000	-5.09736
487.60000	-5.08223
487.70000	-5.06617
487.80000	-5.04917
487.90000	-5.03125
488.00000	-5.01239
488.10000	-4.99261
488.20000	-4.97191
488.30000	-4.95030
488.40000	-4.92777
488.50000	-4.90434
488.60000	-4.88000
488.70000	-4.85477
488.80000	-4.82864
488.90000	-4.80163
489.00000	-4.77373
489.10000	-4.74495
489.20000	-4.71530
489.30000	-4.68479
489.40000	-4.65342
489.50000	-4.62118
489.60000	-4.58811
489.70000	-4.55418
489.80000	-4.51942
489.90000	-4.48384
490.00000	-4.44742
490.10000	-4.41019
490.20000	-4.37215
490.30000	-4.33331
490.40000	-4.29367
490.50000	-4.25324
490.60000	-4.21203
490.70000	-4.17005
490.80000	-4.12729
490.90000	-4.08378
491.00000	-4.03952
491.10000	-3.99451
491.20000	-3.94877
491.30000	-3.90230
491.40000	-3.85512
491.50000	-3.80722
491.60000	-3.75862
491.70000	-3.70932
491.80000	-3.65934
491.90000	-3.60869
492.00000	-3.55737
492.10000	-3.50539
492.20000	-3.45277
492.30000	-3.39950
492.40000	-3.34561
492.50000	-3.29110
492.60000	-3.23598
492.70000	-3.18026
492.80000	-3.12395
492.90000	-3.06706
493.00000	-3.00961
493.10000	-2.95159
493.20000	-2.89303
493.30000	-2.83394
493.40000	-2.77432
493.50000	-2.71418
493.60000	-2.65354
493.70000	-2.59241
493.80000	-2.53080
493.90000	-2.46872
494.00000	-2.40618
494.10000	-2.34319
494.20000	-2.27978
494.30000	-2.21594
494.40000	-2.15169
494.50000	-2.08704
494.60000	-2.02200
494.70000	-1.95659
494.80000	-1.89082
494.90000	-1.82470
495.00000	-1.75825
495.10000	-1.69147
495.20000	-1.62438
495.30000	-1.55698
495.40000	-1.48931
495.50000	-1.42135
495.60000	-1.35314
495.70000	-1.28468
495.80000	-1.21598
495.90000	-1.14706
496.00000	-1.07793
496.10000	-1.00860
496.20000	-0.93909
496.30000	-0.86940
496.40000	-0.79956
496.50000	-0.72957
496.60000	-0.65945
496.70000	-0.58921
496.80000	-0.51886
496.90000	-0.44841
497.00000	-0.37789
497.10000	-0.30729
497.20000	-0.23664
497.30000	-0.16595
497.40000	-0.09522
497.50000	-0.02448
497.60000	0.04626
497.70000	0.11700
497.80000	0.18771
497.90000	0.25840
498.00000	0.32903
498.10000	0.39961
498.20000	0.47011
498.30000	0.54053
498.40000	0.61085
498.50000	0.68106
498.60000	0.75114
498.70000	0.82109
498.80000	0.89090
498.90000	0.96054
499.00000	1.03000
499.10000	1.09928
499.20000	1.16836
499.30000	1.23723
499.40000	1.30587
499.50000	1.37428
499.60000	1.44244
499.70000	1.51033
499.80000	1.57795
499.90000	1.64529
500.00000	1.71232
