-1.651353515625000098e-03
-1.089508587500000007e-02
6.632352750000000685e-03
-1.191372050000000238e-01
-2.156622575000000097e-01
-5.618883000000085559e-02
1.813414839999989425e-01
-3.574714949999986402e-01
-1.127309399999916195e-01
-1.478861599999987675e+00
-3.779549999990194920e-03
1.383799999996426777e-02
3.699249999999665306e-01
1.771047749999979715e+01
2.999062750000030064e+01
-6.225745650000044407e+01
5.871251749999919411e+01
3.126055125000020780e+02
1.722807624999968539e+02
-1.019782780000001367e+03
3.022584749999950873e+02
1.770061375000004773e+03
4.602394000000000233e+03
2.417072499999922002e+02
-1.425493949999997858e+04
6.530278999999864027e+02
7.594939749999990454e+03
2.160369354999999632e+04
4.083532874999998603e+04
3.222130187500000466e+04
-9.148929174999997485e+04
-1.400502524999994785e+04
8.165532500000006985e+04
1.457810374999999767e+05
6.869687500000000000e+04
-1.489667774999999674e+05
5.338068750000023283e+04
2.541422624999997206e+05
2.044194375000000000e+05
-1.328185024999994785e+05
7.869138749999972060e+04
5.269959375000000000e+05
3.357313125000000000e+05
-4.839607499999972060e+04
3.895028125000000000e+05
8.575077500000000000e+05
5.180783125000000000e+05
4.595765000000000000e+05
1.093136750000000000e+06
1.290495437500000000e+06
1.230989375000000000e+06
1.909347687500000000e+06
2.555632625000000000e+06
2.921485000000000000e+06
3.982984312500000000e+06
5.559937812500000000e+06
7.050994843750000000e+06
9.272422156250000000e+06
1.249612768750000000e+07
1.645184968750000000e+07
2.194407656250000000e+07
2.938261250000000000e+07
3.926404562500000000e+07
5.285283937500000000e+07
7.126962312500000000e+07
9.631313750000000000e+07
1.307261340625000000e+08
1.781479640625000000e+08
2.425502943750000000e+08
3.285920012500000000e+08
4.325752906250000000e+08
5.431725062500000000e+08
6.228244906250000000e+08
6.393122000000000000e+08
5.844166909375000000e+08
4.957412528125000000e+08
4.057361846875000000e+08
3.304184281250000000e+08
2.717023490625000000e+08
2.285408842187500000e+08
1.961483134375000000e+08
1.724859411875000000e+08
1.543928906250000000e+08
1.407129576875000000e+08
1.298399737500000000e+08
1.209661043750000000e+08
1.132666781250000000e+08
1.067423718750000000e+08
1.006078925000000000e+08
9.521569437500000000e+07
9.023952000000000000e+07
8.598274750000000000e+07
8.206329137500000000e+07
7.862721643750000000e+07
7.601096190625000000e+07
7.431973953125000000e+07
7.374549312500000000e+07
7.494894875000000000e+07
7.810105531250000000e+07
8.443069678749999404e+07
9.638985218750000000e+07
1.184894737500000000e+08
1.642793526250000000e+08
2.741956593750000000e+08
5.208062706250000000e+08
4.846436156250000000e+08
2.314902515625000000e+08
1.369500440625000000e+08
1.017909775000000000e+08
8.585540312500000000e+07
7.718037943750000000e+07
7.172832050000000000e+07
6.789085093750000000e+07
6.479091383749999851e+07
6.230498613750000298e+07
6.016957633749999851e+07
5.797978118750000000e+07
5.556657975000000000e+07
5.286655875000000000e+07
5.014264437500000000e+07
4.769540687500000000e+07
4.574870312500000000e+07
4.453699343750000000e+07
4.391255431250000000e+07
4.405664637500000000e+07
4.538350775000000000e+07
4.796848987500000000e+07
5.254027718750000000e+07
6.082345625000000000e+07
8.019722148750001192e+07
1.474777496875000000e+08
3.396774081250000000e+08
1.798139446875000000e+08
9.870283937500000000e+07
7.247865812500000000e+07
5.972505056250000000e+07
5.244019400000000000e+07
4.932654662500000000e+07
4.845010762500000000e+07
4.666364698749999702e+07
4.360062843750000000e+07
4.016418537500000000e+07
3.685048972499999404e+07
3.367543743750000000e+07
3.113912781250000000e+07
2.920086375000000000e+07
2.778268437500000000e+07
2.670881937500000000e+07
2.585799625000000000e+07
2.508893381250000000e+07
2.488989106250000000e+07
2.995779575000000000e+07
6.328593500000000000e+07
1.577745943750000000e+08
1.476779756250000000e+08
8.167730031250000000e+07
4.952501968750000000e+07
4.073969342499999702e+07
4.089095831250000000e+07
3.932584881250000000e+07
3.384166612500000000e+07
2.736046162500000000e+07
2.247850550000000000e+07
1.971458950000000000e+07
1.829762306250000000e+07
1.770919343750000000e+07
1.765597843750000000e+07
1.805309687500000000e+07
1.890242737500000000e+07
2.055469593750000000e+07
2.456618531250000000e+07
3.547517025000000000e+07
6.377304300000000000e+07
9.333650375000000000e+07
6.807679781250000000e+07
4.950977390625000000e+07
4.557468562500000000e+07
4.424656336249999702e+07
3.800510511249999702e+07
2.794404927187500149e+07
2.056198481250000000e+07
1.641964000000000000e+07
1.386642250000000000e+07
1.240135625000000000e+07
1.200926703125000000e+07
1.274804137500000000e+07
1.526099625000000000e+07
2.101779562500000000e+07
2.997805056250000000e+07
3.815844418750000000e+07
4.210610850000000000e+07
4.272505718750000000e+07
4.118364390625000000e+07
3.669507987500000000e+07
2.903728112500000000e+07
2.109757912500000000e+07
1.548631768750000000e+07
1.297102434375000000e+07
1.304329396875000000e+07
1.456017950000000000e+07
1.634993146875000000e+07
1.820717262500000000e+07
2.046085362500000000e+07
2.334323246249999851e+07
2.676913000000000000e+07
3.048514595000000298e+07
3.418689618750000000e+07
3.749735175000000000e+07
3.981982468750000000e+07
3.964936768750000000e+07
3.475496210000000149e+07
2.592117531250000000e+07
1.835631425000000000e+07
1.471605625000000000e+07
1.390193042187500000e+07
1.446429356250000000e+07
1.561190481250000000e+07
1.669364112500000000e+07
1.722505877499999851e+07
1.735272621249999851e+07
1.736132268750000000e+07
1.739162139999999851e+07
1.751794431250000000e+07
1.757067893750000000e+07
1.699632573124999925e+07
1.441042325000000000e+07
1.117601648749999702e+07
9.862402387499999255e+06
9.804021281250000000e+06
1.008591726249999925e+07
1.020604206874999963e+07
9.890111859999999404e+06
9.292957287499997765e+06
8.684315737500000745e+06
8.157327450000000186e+06
7.675571389999998733e+06
6.906823643750000745e+06
5.846415487499999814e+06
4.932746293749999255e+06
4.597921224999999627e+06
4.370998525000000373e+06
3.981766856250000186e+06
3.420009721249999944e+06
2.571218549999999814e+06
1.431524053124999627e+06
9.170912499999988358e+04
-1.165338493375000078e+06
-2.359075587499999907e+06
-3.530901093750000000e+06
-4.534548606250000186e+06
-4.731460356249999255e+06
-3.448716594750000164e+06
-1.679650618750000373e+06
-6.514261812499999069e+05
-4.351693874999998370e+05
-7.293730625000002328e+05
-1.156637931249999907e+06
-1.659506068750000093e+06
-2.392131556250000373e+06
-3.335546387499999721e+06
-3.677657318749999627e+06
-3.283583400000000373e+06
-2.209683437499999534e+06
-7.212250937500000000e+05
6.510855937499995343e+05
1.519680243749999674e+06
1.994788293749999721e+06
2.208502745500000194e+06
2.323039348749999423e+06
2.405385325000000186e+06
2.570900887499999255e+06
2.607824837500000373e+06
2.487730850000000093e+06
2.339623681250000373e+06
2.353808018749999814e+06
2.564629586875000037e+06
2.786452475625000428e+06
2.978159462500000373e+06
3.312647433749999851e+06
3.843240981874999590e+06
4.454312823125000112e+06
4.867674604250000790e+06
4.863839365000000224e+06
4.518346399375000969e+06
4.147182500000000000e+06
3.577625471874999348e+06
2.967737376875000075e+06
2.766452709374999627e+06
3.155866080937500577e+06
3.996319126250000205e+06
5.105962049374999478e+06
6.146537061249999329e+06
6.759491048750000075e+06
6.793056256874999031e+06
6.290439295374999754e+06
5.561966972031250596e+06
4.709881853749999776e+06
4.241165810624999925e+06
4.639480864062500186e+06
5.883019408749999478e+06
