4268462.5	755582.125	1.51E+08	3.89E+07	3.90E+07
4270362	756565.938	1.51E+08	3.90E+07	3.91E+07
4246940.5	751882.375	1.50E+08	3.89E+07	3.91E+07
4273836	760724	1.52E+08	3.91E+07	3.92E+07
4294289.5	757422.812	1.52E+08	3.91E+07	3.93E+07
4285785.5	761461.625	1.51E+08	3.92E+07	3.93E+07
4278364.5	762344	1.51E+08	3.93E+07	3.94E+07
4329833.5	762348.062	1.53E+08	3.96E+07	3.97E+07
4315641.5	760294.75	1.52E+08	3.98E+07	3.99E+07
4371655.5	759030.875	1.54E+08	4.01E+07	4.02E+07
4334811.5	761813.438	1.53E+08	4.00E+07	4.01E+07
4368284.5	757535.25	1.54E+08	4.02E+07	4.03E+07
4376418.5	758428.375	1.55E+08	4.05E+07	4.06E+07
4386232.5	754609.125	1.55E+08	4.07E+07	4.08E+07
4417183	753748.375	1.56E+08	4.09E+07	4.10E+07
4451515.5	747870.062	1.58E+08	4.11E+07	4.12E+07
4445294.5	747908.75	1.58E+08	4.13E+07	4.14E+07
4473237	738979.125	1.58E+08	4.16E+07	4.17E+07
4510794.5	739584.25	1.60E+08	4.18E+07	4.19E+07
4559640	736218.875	1.62E+08	4.21E+07	4.22E+07
4557042	727211.625	1.62E+08	4.24E+07	4.25E+07
4584020	727626.188	1.63E+08	4.28E+07	4.29E+07
4618696.5	724483.625	1.64E+08	4.31E+07	4.32E+07
4674139.5	714295.625	1.66E+08	4.35E+07	4.36E+07
4731196	714770.25	1.68E+08	4.39E+07	4.40E+07
4729813	713331.875	1.68E+08	4.44E+07	4.45E+07
4766257	707821.875	1.69E+08	4.50E+07	4.51E+07
4800463.5	700749.062	1.70E+08	4.55E+07	4.56E+07
4832202.5	703396.062	1.72E+08	4.61E+07	4.62E+07
4870852	703143.5	1.73E+08	4.67E+07	4.68E+07
4938978	700402.375	1.75E+08	4.74E+07	4.75E+07
4949991.5	692630.562	1.75E+08	4.81E+07	4.82E+07
4957223.5	696577.375	1.75E+08	4.89E+07	4.90E+07
4972855	700536.312	1.76E+08	4.97E+07	4.99E+07
4992708.5	703090.75	1.76E+08	5.07E+07	5.08E+07
5017088	700982.875	1.77E+08	5.17E+07	5.19E+07
5009860	696712.125	1.76E+08	5.28E+07	5.29E+07
4993316.5	704060.875	1.75E+08	5.39E+07	5.40E+07
4981921	712222.375	1.75E+08	5.50E+07	5.52E+07
4973854	717679.938	1.74E+08	5.62E+07	5.64E+07
4956907.5	721974.312	1.73E+08	5.74E+07	5.76E+07
4933231	719897	1.72E+08	5.85E+07	5.87E+07
4912564.5	721404.688	1.71E+08	5.93E+07	5.95E+07
4894000.5	729234.312	1.70E+08	5.96E+07	5.98E+07
4873172.5	734289.875	1.69E+08	5.93E+07	5.94E+07
4859526	734815.875	1.69E+08	5.83E+07	5.84E+07
4864587	732524.375	1.69E+08	5.63E+07	5.65E+07
4876543	725410.125	1.69E+08	5.39E+07	5.40E+07
4887466	716972.312	1.69E+08	5.11E+07	5.12E+07
4922073.5	711389.75	1.70E+08	4.83E+07	4.85E+07
4973567	706943	1.72E+08	4.58E+07	4.59E+07
5041699	702115.625	1.74E+08	4.39E+07	4.40E+07
5142885.5	697928.875	1.77E+08	4.26E+07	4.27E+07
5278961	694371.875	1.82E+08	4.18E+07	4.19E+07
5455761	692008.125	1.88E+08	4.17E+07	4.18E+07
5684144	691681.188	1.95E+08	4.22E+07	4.23E+07
5981413.5	692150.688	2.05E+08	4.33E+07	4.34E+07
6352734	691310.5	2.17E+08	4.50E+07	4.51E+07
6852979.5	689846.188	2.34E+08	4.76E+07	4.78E+07
7535354.5	688729.375	2.57E+08	5.14E+07	5.16E+07
8442749	688591.938	2.88E+08	5.66E+07	5.68E+07
9684129	688594.5	3.30E+08	6.39E+07	6.41E+07
1.13E+07	689304.375	3.83E+08	7.32E+07	7.35E+07
1.24E+07	692496.562	4.24E+08	8.00E+07	8.02E+07
1.01E+07	696707.938	3.54E+08	6.68E+07	6.69E+07
3747058.5	698928.938	1.45E+08	2.93E+07	2.94E+07
-425761.188	698091.375	3523626.75	4745692	4758987
-1540655.88	696439.812	-3.65E+07	-1800689.5	-1804664.62
-1535890.38	695486.25	-3.82E+07	-1690894.88	-1696555.12
-1221425.25	695735	-2.90E+07	305993.562	306860.969
-864516.062	696210.562	-1.78E+07	2638045.5	2641678.75
-543470.562	696910.688	-7703598.5	4789787.5	4798395.5
-260426.656	698484.125	1388590.38	6827520.5	6841748.5
-20167.4941	700832.438	9248110	8686183	8706692
195144.172	703097.812	1.63E+07	1.05E+07	1.06E+07
381711.594	704211.938	2.24E+07	1.24E+07	1.24E+07
548594.875	703746.438	2.78E+07	1.43E+07	1.44E+07
698527.375	702825.375	3.25E+07	1.65E+07	1.66E+07
832979.5	702278.625	3.68E+07	1.91E+07	1.92E+07
957191.625	702294.438	4.08E+07	2.25E+07	2.25E+07
1072051.38	702845.438	4.46E+07	2.71E+07	2.72E+07
1180688.25	703530.875	4.82E+07	3.43E+07	3.44E+07
1281683.5	704490.688	5.16E+07	4.74E+07	4.75E+07
1378686.62	705726.688	5.49E+07	7.35E+07	7.37E+07
1470051.38	701632.75	5.81E+07	4.11E+07	4.12E+07
1557844.75	700741.75	6.12E+07	-2.65E+07	-2.66E+07
1641136.38	702996.25	6.41E+07	-1.90E+07	-1.91E+07
1722880.38	704037.625	6.70E+07	-1.13E+07	-1.13E+07
1802760.75	704225.875	6.98E+07	-6103677.5	-6120136.5
1883537.38	704013.375	7.27E+07	-2355009.5	-2360099.25
1966823.25	703839.062	7.57E+07	567458.812	569468.312
2055568.62	703853.062	7.90E+07	2995091.25	3003578.25
2152980.25	704220.75	8.27E+07	5145561.5	5160836.5
2264821	704568.062	8.72E+07	7186686.5	7208894
2395250.75	704885.188	9.25E+07	9223464	9247911
2557506.5	705162.812	9.92E+07	1.14E+07	1.14E+07
2770532	705511	1.08E+08	1.40E+07	1.40E+07
3072040.5	705928.812	1.21E+08	1.73E+07	1.73E+07
3536174	706371.688	1.41E+08	2.21E+07	2.21E+07
4344359	706725.688	1.76E+08	3.01E+07	3.02E+07
5718536.5	706938.75	2.36E+08	4.42E+07	4.43E+07
1993491.25	706868.938	7.52E+07	1.39E+07	1.39E+07
-1064243.12	706735.062	-6.01E+07	-1.64E+07	-1.64E+07
-239109.297	706595.625	-2.51E+07	-9591371	-9613653
346249.875	706521.062	-83843.125	-4282959	-4292137.5
712146.125	706494.5	1.55E+07	-808619.688	-809372
962242	706566.312	2.62E+07	1670019.75	1675644.12
1148971.62	706631.938	3.41E+07	3604048.25	3614367.75
1292680.25	706716.5	4.01E+07	5200076.5	5213472.5
1402556.12	706829.562	4.47E+07	6624813	6639896
1480647	706975.375	4.77E+07	8036916	8055547.5
1535255.62	707182	4.97E+07	9649872	9673106
1580438.38	707448.812	5.13E+07	1.17E+07	1.17E+07
1626034.5	707800.312	5.29E+07	1.46E+07	1.47E+07
1673306.62	708204.812	5.47E+07	1.93E+07	1.94E+07
1721022.5	708585	5.66E+07	2.56E+07	2.56E+07
1768145	708736.75	5.84E+07	4507794	4505222
1816269.38	708635.688	6.03E+07	-5161876.5	-5176814.5
1863716.75	708416.062	6.23E+07	-1894987.25	-1901085
1910791.38	708099.375	6.43E+07	776626.875	779954.625
1958996.25	707765.062	6.64E+07	2669549	2676768
2009062.62	707533.875	6.87E+07	4128183	4139191.25
2064266	707381.625	7.14E+07	5478240.5	5493727
2129874.75	707490.375	7.46E+07	6809854	6830438
2210240	707645.188	7.87E+07	8103503	8127536
2313179.5	707816.812	8.40E+07	9507545	9532618
2459546.5	708003.312	9.17E+07	1.13E+07	1.13E+07
2692134.75	708204.562	1.04E+08	1.38E+07	1.39E+07
3055069.75	708402.812	1.24E+08	1.75E+07	1.75E+07
2708802	708593.812	1.05E+08	1.34E+07	1.34E+07
1518772.25	708789.625	3.97E+07	1727271.62	1730494.5
1523123.25	708985.75	3.95E+07	2251867.5	2260187.5
1651257.5	709176.875	4.60E+07	3980447.5	3994908.5
1701291	709253.125	4.83E+07	5336907.5	5355502
1728211.12	709354.125	4.93E+07	6392994	6414393
1793903.25	709333.25	5.24E+07	7378270	7403204.5
1862188.88	709284.312	5.57E+07	8346107.5	8373058.5
1920966.88	709228.875	5.86E+07	9360783	9389554
1970039.25	709140.062	6.09E+07	1.06E+07	1.06E+07
2010279.12	708878.562	6.28E+07	1.23E+07	1.23E+07
2043457.12	707678.438	6.43E+07	1.52E+07	1.52E+07
2071009	707646.688	6.57E+07	1.69E+07	1.69E+07
2097759.25	707385.312	6.70E+07	4890185	4908785
2128095.5	707475.938	6.85E+07	4643049.5	4660466
2159151	707383.875	7.01E+07	6028582.5	6048701
2190454.5	707083.5	7.17E+07	7203511	7225817
2223164	706671.312	7.34E+07	8214524.5	8239445.5
2260968.25	704400.562	7.55E+07	9149122	9175886
2310385.5	704039.875	7.83E+07	1.01E+07	1.01E+07
2381799.5	702990	8.23E+07	1.12E+07	1.12E+07
2497646.5	703055.625	8.90E+07	1.26E+07	1.26E+07
2671547.5	703294.188	9.91E+07	1.46E+07	1.46E+07
2575368.5	705011.438	9.34E+07	1.33E+07	1.33E+07
2060568.25	705462.125	6.29E+07	7846116	7859257.5
1983382	707998	5.81E+07	7481864.5	7500793
2009858.88	709309.062	5.94E+07	8237696.5	8263058
2040230	709528.875	6.09E+07	9019752	9052347
2070195.38	709575.062	6.24E+07	9709131	9745047
2102037	709604.312	6.40E+07	1.03E+07	1.04E+07
2136767.25	709715	6.58E+07	1.10E+07	1.11E+07
2171328.5	709694.312	6.76E+07	1.20E+07	1.20E+07
2199941.25	709715.25	6.91E+07	1.30E+07	1.31E+07
2221562.5	709778.812	7.03E+07	1.33E+07	1.33E+07
2240238.5	709777.188	7.13E+07	1.15E+07	1.15E+07
2259450.25	709793.312	7.24E+07	9607720	9630646
2283291.25	709813.312	7.37E+07	9261149	9297468
2309651	709837.938	7.52E+07	9683519	9726225
2339452.5	709875.938	7.70E+07	1.03E+07	1.03E+07
2373137	709891.812	7.90E+07	1.08E+07	1.09E+07
2414523.5	709883.125	8.15E+07	1.15E+07	1.15E+07
2473402.5	709948.75	8.50E+07	1.23E+07	1.23E+07
2546298.75	709974.25	8.93E+07	1.33E+07	1.34E+07
2511944	709968.375	8.71E+07	1.32E+07	1.32E+07
2270690	709980	7.20E+07	1.07E+07	1.07E+07
2201608.75	709993.375	6.77E+07	9979342	1.00E+07
2212186	710007.938	6.82E+07	1.02E+07	1.03E+07
2232176.25	710021.125	6.93E+07	1.06E+07	1.07E+07
2249788.75	710055.25	7.03E+07	1.11E+07	1.12E+07
2263970.25	710068.375	7.11E+07	1.17E+07	1.18E+07
2275951.25	710060.812	7.17E+07	1.26E+07	1.26E+07
2292614.25	710073.438	7.24E+07	1.32E+07	1.32E+07
2307695.75	710129.812	7.32E+07	1.24E+07	1.25E+07
2325598.5	710154.312	7.42E+07	1.15E+07	1.15E+07
2347425.25	710155.625	7.54E+07	1.12E+07	1.12E+07
2373241	710166.438	7.70E+07	1.13E+07	1.13E+07
2403646	710174.875	7.88E+07	1.16E+07	1.16E+07
2437917.25	710185.25	8.09E+07	1.20E+07	1.21E+07
2467599.75	710195.75	8.27E+07	1.25E+07	1.26E+07
2476179.75	710206.5	8.32E+07	1.28E+07	1.28E+07
2456130	710226.438	8.19E+07	1.27E+07	1.28E+07
2423799	710236.938	7.97E+07	1.25E+07	1.25E+07
2394909.75	710251.062	7.78E+07	1.23E+07	1.23E+07
2379179	710265.938	7.64E+07	1.23E+07	1.23E+07
2364537.75	710299.438	7.53E+07	1.24E+07	1.24E+07
2354954.75	710307	7.46E+07	1.25E+07	1.26E+07
2351388.75	710320.125	7.42E+07	1.27E+07	1.27E+07
2355663.5	710331.625	7.44E+07	1.28E+07	1.28E+07
2369879.25	710338.625	7.52E+07	1.29E+07	1.29E+07
2390732.25	710345.062	7.65E+07	1.30E+07	1.30E+07
2411360.75	710351.625	7.79E+07	1.30E+07	1.30E+07
2428544.25	710358.5	7.90E+07	1.29E+07	1.29E+07
2444238	710366.562	8.00E+07	1.28E+07	1.29E+07
2456131.25	710375.938	8.08E+07	1.27E+07	1.28E+07
2463146.75	710389.188	8.12E+07	1.28E+07	1.28E+07
2465623.75	710399.438	8.14E+07	1.29E+07	1.29E+07
2464620.5	710409.062	8.14E+07	1.30E+07	1.31E+07
2461280.75	710417.062	8.11E+07	1.32E+07	1.32E+07
2453076.25	710423.25	8.06E+07	1.32E+07	1.33E+07
2449177.5	710430.5	7.99E+07	1.33E+07	1.34E+07
2432804.5	710438.875	7.87E+07	1.32E+07	1.33E+07
2415533.25	710445.688	7.73E+07	1.31E+07	1.32E+07
2410854.5	710453.438	7.68E+07	1.31E+07	1.31E+07
2423627	710460.688	7.75E+07	1.32E+07	1.32E+07
2443195	710467.688	7.87E+07	1.34E+07	1.34E+07
2460053.25	710474.875	7.98E+07	1.36E+07	1.36E+07
2472159.75	710481.688	8.06E+07	1.37E+07	1.37E+07
2480351.5	710487.938	8.11E+07	1.37E+07	1.37E+07
2486025.5	710493.125	8.14E+07	1.35E+07	1.36E+07
2490155	710497.25	8.17E+07	1.34E+07	1.35E+07
2493114	710501.562	8.18E+07	1.35E+07	1.35E+07
2495066	710507.25	8.20E+07	1.37E+07	1.37E+07
2495954.75	710513.25	8.20E+07	1.39E+07	1.39E+07
2495282	710519.75	8.19E+07	1.40E+07	1.41E+07
2491389.75	710526.062	8.16E+07	1.40E+07	1.41E+07
2481895.5	710532.125	8.08E+07	1.39E+07	1.40E+07
2472678	710538.125	7.99E+07	1.37E+07	1.38E+07
2477331.25	710543.75	8.02E+07	1.38E+07	1.39E+07
2491599.5	710549.938	8.10E+07	1.40E+07	1.41E+07
2503496.5	710556.188	8.17E+07	1.42E+07	1.43E+07
2507809.5	710561.625	8.20E+07	1.43E+07	1.43E+07
2509967.5	710567	8.22E+07	1.43E+07	1.43E+07
2511739.25	710572.188	8.23E+07	1.42E+07	1.42E+07
2514102.75	710576.625	8.25E+07	1.41E+07	1.42E+07
2517003.25	710581.062	8.27E+07	1.42E+07	1.43E+07
2519393.75	710585.875	8.28E+07	1.44E+07	1.44E+07
2521455.75	710590.75	8.29E+07	1.45E+07	1.45E+07
2523393.5	710595.625	8.30E+07	1.45E+07	1.46E+07
2525709.5	710600.375	8.30E+07	1.45E+07	1.46E+07
2529609.75	710605.188	8.29E+07	1.46E+07	1.46E+07
2534125.75	710610	8.30E+07	1.46E+07	1.46E+07
2535966.5	710614.688	8.32E+07	1.47E+07	1.47E+07
2536760.5	710619.375	8.34E+07	1.47E+07	1.47E+07
2537777	710624.125	8.35E+07	1.47E+07	1.48E+07
2538728.75	710628.75	8.36E+07	1.48E+07	1.48E+07
2539533	710633.5	8.36E+07	1.49E+07	1.49E+07
2540533	710638.125	8.37E+07	1.49E+07	1.50E+07
2542174	710642	8.38E+07	1.50E+07	1.50E+07
2544271	710645.875	8.39E+07	1.50E+07	1.50E+07
2547544.25	710649.938	8.40E+07	1.50E+07	1.50E+07
2553679.75	710654.062	8.43E+07	1.50E+07	1.51E+07
2565025.25	710658	8.49E+07	1.52E+07	1.52E+07
2576562.25	710662.062	8.54E+07	1.53E+07	1.53E+07
2577043.5	710665.938	8.55E+07	1.53E+07	1.53E+07
2572548.25	710669.812	8.53E+07	1.53E+07	1.53E+07
2580457.75	710675.188	8.55E+07	1.54E+07	1.55E+07
2580306	710679.188	8.55E+07	1.55E+07	1.55E+07
2580404.75	710683.438	8.55E+07	1.56E+07	1.57E+07
2581049	710687.5	8.55E+07	1.58E+07	1.58E+07
2582519.5	710691.062	8.56E+07	1.58E+07	1.58E+07
2584755	710694.375	8.57E+07	1.58E+07	1.58E+07
2589834.5	710697.812	8.60E+07	1.58E+07	1.58E+07
2597295.25	710701.25	8.64E+07	1.58E+07	1.59E+07
2606947.5	710704.75	8.69E+07	1.59E+07	1.60E+07
2613294.5	710708.125	8.73E+07	1.60E+07	1.61E+07
2612093.5	710711.5	8.72E+07	1.60E+07	1.61E+07
2608466	710714.938	8.70E+07	1.60E+07	1.60E+07
2605862.75	710718.312	8.69E+07	1.60E+07	1.61E+07
2604510.5	710721.75	8.68E+07	1.61E+07	1.61E+07
2603777.75	710725.125	8.68E+07	1.61E+07	1.62E+07
2603332	710728.438	8.68E+07	1.62E+07	1.62E+07
2604400.5	710731.688	8.68E+07	1.62E+07	1.62E+07
2607750	710734.75	8.70E+07	1.62E+07	1.62E+07
2611977.75	710737.875	8.72E+07	1.62E+07	1.63E+07
2614584.25	710740.812	8.74E+07	1.62E+07	1.63E+07
2615737	710743.938	8.74E+07	1.63E+07	1.63E+07
2616430.75	710746.938	8.75E+07	1.63E+07	1.63E+07
2617350.5	710749.938	8.75E+07	1.63E+07	1.64E+07
2618557	710752.75	8.76E+07	1.63E+07	1.64E+07
2619388.75	710755.688	8.76E+07	1.64E+07	1.64E+07
2619199.25	710758.562	8.76E+07	1.64E+07	1.64E+07
2618531	710761.562	8.76E+07	1.64E+07	1.64E+07
2618889.5	710764.438	8.76E+07	1.64E+07	1.64E+07
2618788.5	710767.312	8.76E+07	1.64E+07	1.65E+07
2618055.75	710770.125	8.75E+07	1.64E+07	1.65E+07
2617439	710772.938	8.75E+07	1.64E+07	1.65E+07
2617549.5	710775.625	8.75E+07	1.64E+07	1.65E+07
2619183.75	710778.25	8.76E+07	1.65E+07	1.65E+07
2622351	710780.875	8.78E+07	1.65E+07	1.65E+07
2626554.75	710783.375	8.80E+07	1.65E+07	1.65E+07
2629885.5	710785.875	8.82E+07	1.65E+07	1.66E+07
2631066	710788.562	8.83E+07	1.65E+07	1.66E+07
2628975.25	710791.062	8.81E+07	1.65E+07	1.66E+07
2625224.25	710793.625	8.79E+07	1.65E+07	1.66E+07
2633005	710797.188	8.81E+07	1.67E+07	1.68E+07
2631632	710799.875	8.80E+07	1.68E+07	1.68E+07
2631854.75	710802.375	8.80E+07	1.68E+07	1.69E+07
2633776.5	710804.562	8.82E+07	1.68E+07	1.69E+07
2638142.5	710806.812	8.84E+07	1.68E+07	1.69E+07
2644460.75	710809.188	8.88E+07	1.68E+07	1.69E+07
2651514	710811.5	8.92E+07	1.69E+07	1.70E+07
