7.9600e+000 6.2000e+003 1.5980e-001 5.6707e+000 1.0705e+000 4.2884e+004 4.1921e+000 
7.9400e+000 6.3653e+003 1.3972e-001 1.6261e+000 5.2062e-001 4.3980e+004 5.5403e+000 
7.9200e+000 6.5462e+003 2.1972e-001 2.9009e+000 9.6249e-001 4.5214e+004 5.4635e+000 
7.9000e+000 6.7196e+003 2.9733e-001 6.8688e+000 1.7635e+000 4.6424e+004 3.6810e+000 
7.8800e+000 6.8848e+003 3.7016e-001 1.0097e+001 2.1848e+000 4.7563e+004 2.6276e+000 
7.8600e+000 7.0258e+003 4.0535e-001 1.1937e+001 2.4161e+000 4.8523e+004 1.9751e+000 
7.8400e+000 7.1795e+003 3.6613e-001 1.1638e+001 2.5828e+000 4.9547e+004 2.6301e+000 
7.8200e+000 7.3554e+003 3.3379e-001 9.6147e+000 2.2855e+000 5.0693e+004 4.4303e+000 
7.8000e+000 7.5106e+003 2.6937e-001 6.8595e+000 1.9269e+000 5.1690e+004 5.2218e+000 
7.7800e+000 7.6528e+003 2.2943e-001 5.9734e+000 9.1409e-001 5.2627e+004 6.6206e+000 
7.7600e+000 7.7774e+003 2.6332e-001 9.9639e+000 1.0281e+000 5.3476e+004 7.7061e+000 
7.7400e+000 7.9036e+003 3.3585e-001 1.4919e+001 1.4475e+000 5.4349e+004 6.6890e+000 
7.7200e+000 8.0181e+003 4.5565e-001 1.8115e+001 2.4999e+000 5.5140e+004 4.2203e+000 
7.7000e+000 8.1420e+003 4.7690e-001 2.0155e+001 3.0957e+000 5.5988e+004 2.4918e+000 
7.6800e+000 8.2299e+003 5.0742e-001 1.9272e+001 3.2845e+000 5.6561e+004 2.1288e+000 
7.6600e+000 8.3106e+003 4.7142e-001 1.9006e+001 2.9561e+000 5.7045e+004 4.2305e+000 
7.6400e+000 8.4377e+003 3.7227e-001 2.4457e+001 2.6824e+000 5.7843e+004 5.6187e+000 
7.6200e+000 8.5912e+003 3.6579e-001 3.1364e+001 1.6257e+000 5.8838e+004 8.5310e+000 
7.6000e+000 8.5477e+003 2.8733e-001 2.2032e+001 7.1708e-001 5.8528e+004 7.1173e+000 
7.5800e+000 8.6048e+003 3.3303e-001 5.2798e+000 1.5919e+000 5.8931e+004 8.5817e+000 
7.5600e+000 8.6735e+003 4.2137e-001 1.1080e+001 2.5304e+000 5.9410e+004 6.1503e+000 
7.5400e+000 8.7621e+003 5.2739e-001 1.2225e+001 3.1396e+000 6.0012e+004 5.3674e+000 
7.5200e+000 8.7380e+003 6.2870e-001 7.9696e+000 4.1007e+000 5.9816e+004 3.3858e+000 
7.5000e+000 8.7104e+003 6.2572e-001 7.5936e+000 3.8357e+000 5.9578e+004 3.2864e+000 
7.4800e+000 8.7836e+003 5.5495e-001 1.2663e+001 3.7056e+000 5.9999e+004 5.6410e+000 
7.4600e+000 8.8803e+003 4.7344e-001 1.7990e+001 2.4658e+000 6.0583e+004 8.7964e+000 
7.4400e+000 8.7946e+003 3.3822e-001 1.5294e+001 2.1127e+000 5.9952e+004 9.9974e+000 
7.4200e+000 8.6393e+003 2.9603e-001 2.0844e+001 5.6673e-001 5.8904e+004 1.0799e+001 
7.4000e+000 8.6589e+003 3.7636e-001 2.3814e+001 2.1112e+000 5.9059e+004 9.8911e+000 
7.3800e+000 8.7262e+003 5.3108e-001 2.4092e+001 3.0706e+000 5.9508e+004 8.2909e+000 
7.3600e+000 8.6706e+003 6.4585e-001 1.4719e+001 4.4360e+000 5.9090e+004 7.3246e+000 
7.3400e+000 8.3888e+003 6.6608e-001 1.6266e+001 4.7185e+000 5.7158e+004 4.3552e+000 
7.3200e+000 8.4220e+003 6.7938e-001 2.3725e+001 4.4967e+000 5.7311e+004 5.1979e+000 
7.3000e+000 8.4356e+003 5.9942e-001 3.0856e+001 4.2750e+000 5.7303e+004 7.9753e+000 
7.2800e+000 8.4281e+003 4.8811e-001 2.4481e+001 3.0131e+000 5.7151e+004 1.0639e+001 
7.2600e+000 7.9412e+003 2.8608e-001 3.1697e+001 1.4316e+000 5.3843e+004 1.1557e+001 
7.2400e+000 7.8664e+003 1.9557e-001 3.5377e+001 8.4890e-001 5.3328e+004 1.2250e+001 
7.2200e+000 7.7661e+003 3.7339e-001 3.5420e+001 2.2872e+000 5.2655e+004 1.2356e+001 
7.2000e+000 7.8565e+003 5.9005e-001 2.6696e+001 3.9692e+000 5.3200e+004 1.1478e+001 
7.1800e+000 7.2644e+003 6.4552e-001 2.4967e+001 4.9582e+000 4.9207e+004 6.8863e+000 
7.1600e+000 7.1096e+003 7.7388e-001 3.6606e+001 5.3618e+000 4.8119e+004 3.7308e+000 
7.1400e+000 6.9283e+003 7.5705e-001 4.8266e+001 5.0947e+000 4.6823e+004 4.4732e+000 
7.1200e+000 7.0374e+003 6.6139e-001 4.3987e+001 3.9780e+000 4.7417e+004 8.4736e+000 
7.1000e+000 6.4411e+003 4.6179e-001 4.3433e+001 3.0421e+000 4.3313e+004 1.1302e+001 
7.0800e+000 6.1297e+003 2.0570e-001 5.1585e+001 1.1241e+000 4.1190e+004 1.2690e+001 
7.0600e+000 5.8464e+003 1.0063e-001 5.4183e+001 6.8901e-001 3.9290e+004 1.4683e+001 
7.0400e+000 5.8815e+003 3.3207e-001 4.4028e+001 2.4894e+000 3.9470e+004 1.2707e+001 
7.0200e+000 5.4441e+003 5.2937e-001 3.2833e+001 3.9703e+000 3.6471e+004 1.3784e+001 
7.0000e+000 5.0070e+003 6.8634e-001 4.7139e+001 4.7835e+000 3.3545e+004 1.0417e+001 
6.9800e+000 4.6764e+003 7.7310e-001 6.1494e+001 5.4752e+000 3.1300e+004 6.6146e+000 
6.9600e+000 4.4840e+003 7.4512e-001 6.3822e+001 5.1459e+000 2.9890e+004 3.8087e+000 
6.9400e+000 4.1368e+003 6.6255e-001 5.6288e+001 4.3240e+000 2.7345e+004 6.5796e+000 
6.9200e+000 3.6168e+003 4.9343e-001 6.5884e+001 2.7312e+000 2.3759e+004 1.1417e+001 
6.9000e+000 3.1143e+003 2.7544e-001 7.0134e+001 2.2671e+000 2.0347e+004 1.2525e+001 
6.8800e+000 2.7692e+003 1.0233e-001 6.5639e+001 1.9523e+000 1.8005e+004 1.5116e+001 
6.8600e+000 2.4221e+003 2.3247e-001 4.8201e+001 2.3085e+000 1.5509e+004 1.5801e+001 
6.8400e+000 1.9142e+003 4.3297e-001 5.1303e+001 3.9477e+000 1.2052e+004 1.4711e+001 
6.8200e+000 1.3941e+003 6.0538e-001 6.4773e+001 4.6631e+000 8.6102e+003 1.2226e+001 
6.8000e+000 1.0174e+003 6.6907e-001 7.5978e+001 5.3871e+000 6.1619e+003 7.7868e+000 
6.7800e+000 6.1579e+002 7.0055e-001 7.5138e+001 4.8621e+000 3.3472e+003 5.5288e+000 
6.7600e+000 2.3922e+002 6.7316e-001 7.7267e+001 4.5431e+000 1.8939e+003 2.8085e+000 
6.7400e+000 5.7087e+002 5.8985e-001 7.8386e+001 3.9868e+000 5.0053e+003 7.4157e+000 
6.7200e+000 9.4336e+002 4.7426e-001 7.8499e+001 3.6615e+000 7.5138e+003 1.1786e+001 
6.7000e+000 1.4331e+003 3.6745e-001 6.8188e+001 2.9265e+000 1.0926e+004 1.5696e+001 
6.6800e+000 2.0282e+003 3.2759e-001 5.8807e+001 3.2538e+000 1.5055e+004 1.6976e+001 
6.6600e+000 2.7065e+003 3.2860e-001 5.8336e+001 3.0288e+000 1.9709e+004 1.6279e+001 
6.6400e+000 3.2190e+003 4.0802e-001 7.1579e+001 3.9455e+000 2.3101e+004 1.5779e+001 
6.6200e+000 3.6364e+003 4.9870e-001 8.2297e+001 4.2877e+000 2.5863e+004 1.2591e+001 
6.6000e+000 4.2850e+003 6.1848e-001 8.8106e+001 4.2439e+000 3.0334e+004 8.5139e+000 
6.5800e+000 5.0797e+003 6.7299e-001 8.9830e+001 4.6759e+000 3.5934e+004 4.4267e+000 
6.5600e+000 6.0328e+003 7.1594e-001 8.5607e+001 4.7595e+000 4.2697e+004 2.2251e+000 
6.5400e+000 6.4631e+003 7.1700e-001 8.2107e+001 4.4275e+000 4.5655e+004 7.9517e+000 
6.5200e+000 6.9485e+003 7.1057e-001 7.2167e+001 5.1802e+000 4.8902e+004 1.3028e+001 
6.5000e+000 7.5091e+003 6.2966e-001 6.9350e+001 4.6268e+000 5.2708e+004 1.5610e+001 
6.4800e+000 8.6768e+003 5.0277e-001 6.8646e+001 4.0675e+000 6.0939e+004 1.6945e+001 
6.4600e+000 9.4920e+003 3.8957e-001 7.6728e+001 3.4679e+000 6.6560e+004 1.7589e+001 
6.4400e+000 9.8403e+003 2.7964e-001 9.1560e+001 2.8753e+000 6.8763e+004 1.7289e+001 
6.4200e+000 9.6616e+003 3.6951e-001 1.0794e+002 3.2220e+000 6.7272e+004 1.4758e+001 
6.4000e+000 1.1166e+004 5.2179e-001 1.0230e+002 3.7294e+000 7.7469e+004 1.3318e+001 
6.3800e+000 1.2286e+004 7.1790e-001 9.7080e+001 4.8505e+000 8.5549e+004 7.4783e+000 
6.3600e+000 1.3440e+004 9.1276e-001 8.7768e+001 5.7875e+000 9.3814e+004 1.3458e+000 
6.3400e+000 1.3478e+004 9.6550e-001 8.6574e+001 6.1667e+000 9.3915e+004 3.6270e+000 
6.3200e+000 1.3531e+004 1.0244e+000 7.7300e+001 6.7600e+000 9.4136e+004 9.6727e+000 
6.3000e+000 1.4462e+004 9.3586e-001 7.4233e+001 6.5439e+000 1.0056e+005 1.4650e+001 
6.2800e+000 1.6326e+004 8.2336e-001 7.9443e+001 5.6110e+000 1.1376e+005 1.7277e+001 
6.2600e+000 1.7748e+004 5.7600e-001 9.5387e+001 4.6295e+000 1.2375e+005 2.0605e+001 
6.2400e+000 1.7735e+004 2.3545e-001 1.0186e+002 2.7341e+000 1.2333e+005 1.9321e+001 
6.2200e+000 1.7400e+004 1.3699e-001 1.0795e+002 1.4788e+000 1.2055e+005 1.8522e+001 
6.2000e+000 1.8358e+004 4.7117e-001 1.1066e+002 3.1086e+000 1.2718e+005 1.5411e+001 
6.1800e+000 2.1191e+004 8.6684e-001 1.0379e+002 4.5291e+000 1.4744e+005 1.3884e+001 
6.1600e+000 2.3293e+004 1.1508e+000 8.7692e+001 6.9460e+000 1.6243e+005 8.0122e+000 
6.1400e+000 2.2335e+004 1.2662e+000 7.8491e+001 7.9371e+000 1.5539e+005 4.2614e+000 
6.1200e+000 2.1319e+004 1.3145e+000 7.5463e+001 8.7250e+000 1.4790e+005 5.5381e+000 
6.1000e+000 2.2710e+004 1.3337e+000 7.5483e+001 9.2508e+000 1.5768e+005 1.2365e+001 
6.0800e+000 2.6344e+004 1.2296e+000 7.5812e+001 7.7811e+000 1.8334e+005 1.7054e+001 
6.0600e+000 2.8452e+004 9.8879e-001 8.2330e+001 6.0568e+000 1.9796e+005 1.9149e+001 
6.0400e+000 2.6309e+004 6.8262e-001 9.1136e+001 3.7518e+000 1.8240e+005 2.2481e+001 
6.0200e+000 2.5071e+004 4.3033e-001 9.6470e+001 1.8250e+000 1.7322e+005 2.2820e+001 
6.0000e+000 2.6702e+004 5.9314e-001 9.4871e+001 1.6804e+000 1.8454e+005 2.4534e+001 
5.9800e+000 2.9526e+004 9.2464e-001 7.9327e+001 5.5993e+000 2.0430e+005 2.0382e+001 
5.9600e+000 3.2379e+004 1.2869e+000 6.3585e+001 6.9086e+000 2.2411e+005 1.5623e+001 
5.9400e+000 2.9191e+004 1.3511e+000 5.3058e+001 7.4823e+000 2.0176e+005 1.2635e+001 
5.9200e+000 2.8165e+004 1.4963e+000 4.7575e+001 9.5791e+000 1.9443e+005 6.7350e+000 
5.9000e+000 2.9060e+004 1.5497e+000 5.0893e+001 1.0279e+001 2.0061e+005 7.1851e+000 
5.8800e+000 3.1175e+004 1.5628e+000 5.6388e+001 9.9594e+000 2.1522e+005 1.1842e+001 
5.8600e+000 3.4818e+004 1.5089e+000 6.5053e+001 9.7081e+000 2.4006e+005 1.6110e+001 
5.8400e+000 3.1702e+004 1.2529e+000 6.5526e+001 7.9333e+000 2.1860e+005 1.9767e+001 
5.8200e+000 3.0880e+004 1.0231e+000 6.5750e+001 5.6381e+000 2.1253e+005 2.2342e+001 
5.8000e+000 3.1446e+004 8.3481e-001 6.4922e+001 3.1405e+000 2.1622e+005 2.2637e+001 
5.7800e+000 3.2548e+004 8.6686e-001 5.5778e+001 2.9848e+000 2.2370e+005 2.5996e+001 
5.7600e+000 3.5704e+004 1.2471e+000 3.8678e+001 5.0297e+000 2.4491e+005 2.4689e+001 
5.7400e+000 3.4192e+004 1.2316e+000 2.3278e+001 6.8050e+000 2.3501e+005 1.8740e+001 
5.7200e+000 3.3392e+004 1.4082e+000 1.6253e+001 7.8011e+000 2.2963e+005 1.6597e+001 
5.7000e+000 3.3265e+004 1.6292e+000 2.4361e+001 9.0616e+000 2.2860e+005 1.2373e+001 
5.6800e+000 3.3452e+004 1.7585e+000 3.2130e+001 1.0637e+001 2.2986e+005 7.5215e+000 
5.6600e+000 3.4640e+004 1.7392e+000 3.7640e+001 1.0937e+001 2.3786e+005 6.7249e+000 
5.6400e+000 3.6279e+004 1.6867e+000 4.1349e+001 1.0318e+001 2.4876e+005 1.2972e+001 
5.6200e+000 3.5116e+004 1.6226e+000 3.6817e+001 9.7529e+000 2.4116e+005 1.5037e+001 
5.6000e+000 3.4741e+004 1.3168e+000 3.1356e+001 8.1204e+000 2.3819e+005 2.0866e+001 
5.5800e+000 3.4620e+004 1.1876e+000 2.2771e+001 5.9423e+000 2.3712e+005 2.6923e+001 
5.5600e+000 3.5056e+004 9.5895e-001 1.1578e+001 3.3869e+000 2.4057e+005 2.7668e+001 
5.5400e+000 3.7062e+004 1.0820e+000 1.3932e+000 4.1657e+000 2.5273e+005 2.7314e+001 
5.5200e+000 3.6260e+004 1.0950e+000 1.3316e+001 5.3535e+000 2.4811e+005 2.5021e+001 
5.5000e+000 3.5746e+004 1.2774e+000 2.6105e+001 7.0156e+000 2.4477e+005 2.2397e+001 
5.4800e+000 3.5431e+004 1.5141e+000 3.6967e+001 9.3570e+000 2.4259e+005 1.9849e+001 
5.4600e+000 3.5634e+004 1.7204e+000 4.1400e+001 1.0856e+001 2.4473e+005 1.2652e+001 
5.4400e+000 3.5995e+004 1.8055e+000 3.7532e+001 1.1537e+001 2.4748e+005 7.9240e+000 
5.4200e+000 3.6331e+004 1.8613e+000 2.6863e+001 1.2223e+001 2.4773e+005 1.0018e+001 
5.4000e+000 3.6115e+004 1.8390e+000 1.8439e+001 1.0823e+001 2.4694e+005 1.3120e+001 
5.3800e+000 3.5998e+004 1.6455e+000 1.4096e+001 9.9688e+000 2.4621e+005 1.7675e+001 
5.3600e+000 3.6059e+004 1.4428e+000 2.0878e+001 7.9735e+000 2.4694e+005 2.1825e+001 
5.3400e+000 3.6437e+004 1.1417e+000 2.5905e+001 5.3655e+000 2.5021e+005 2.8527e+001 
5.3200e+000 3.6359e+004 9.5573e-001 2.9628e+001 2.4603e+000 2.4964e+005 2.8020e+001 
5.3000e+000 3.5613e+004 8.5259e-001 4.3036e+001 2.7559e+000 2.4211e+005 3.3019e+001 
5.2800e+000 3.5690e+004 1.0130e+000 5.5182e+001 5.1428e+000 2.4342e+005 2.9785e+001 
5.2600e+000 3.5809e+004 1.2680e+000 6.5257e+001 7.0220e+000 2.4490e+005 2.6655e+001 
5.2400e+000 3.5633e+004 1.5430e+000 7.5837e+001 1.0156e+001 2.4419e+005 2.2138e+001 
5.2200e+000 3.5923e+004 1.5832e+000 6.8507e+001 1.0527e+001 2.4738e+005 1.6530e+001 
5.2000e+000 3.5752e+004 1.8016e+000 3.3534e+001 1.1636e+001 2.4629e+005 1.4278e+001 
5.1800e+000 3.4099e+004 1.8734e+000 2.7568e+001 1.2101e+001 2.3185e+005 8.7727e+000 
5.1600e+000 3.4263e+004 1.8291e+000 3.8441e+001 1.1445e+001 2.3346e+005 1.0372e+001 
5.1400e+000 3.4159e+004 1.7138e+000 4.9296e+001 9.4616e+000 2.3300e+005 1.6309e+001 
5.1200e+000 3.4305e+004 1.5796e+000 5.7666e+001 8.5851e+000 2.3492e+005 2.2288e+001 
5.1000e+000 3.5579e+004 1.4291e+000 4.9363e+001 7.4990e+000 2.4589e+005 2.5608e+001 
5.0800e+000 3.5595e+004 1.1437e+000 8.1936e+000 4.8036e+000 2.4590e+005 2.6858e+001 
5.0600e+000 3.2792e+004 7.0120e-001 3.8023e+001 1.1923e+000 2.2289e+005 3.3011e+001 
5.0400e+000 3.1767e+004 8.6917e-001 5.8572e+001 3.6034e+000 2.1507e+005 2.8492e+001 
5.0200e+000 3.1726e+004 1.0934e+000 7.5052e+001 5.6071e+000 2.1582e+005 2.9103e+001 
5.0000e+000 3.3024e+004 1.5674e+000 1.0818e+002 9.1295e+000 2.2764e+005 2.8470e+001 
4.9800e+000 3.3487e+004 1.0822e+001 2.1982e+003 4.2997e+001 2.3283e+005 8.5017e+001 
4.9600e+000 3.4749e+004 1.1273e+000 5.8776e+001 8.1236e+000 2.4155e+005 3.2737e+001 
4.9400e+000 3.1620e+004 1.3629e+000 1.1793e+002 9.5892e+000 2.1639e+005 2.4264e+001 
4.9200e+000 2.8589e+004 1.4583e+000 1.2604e+002 9.7222e+000 1.9272e+005 8.5208e+000 
4.9000e+000 2.8784e+004 1.5865e+000 6.7411e+001 9.7486e+000 1.9589e+005 8.3374e+000 
4.8800e+000 3.2239e+004 1.6313e+000 9.0825e+001 8.9445e+000 2.2428e+005 1.9828e+001 
4.8600e+000 3.5121e+004 1.5476e+000 2.5211e+002 7.5613e+000 2.4639e+005 2.3192e+001 
4.8400e+000 3.3557e+004 1.3296e+000 3.5850e+002 7.1325e+000 2.3328e+005 1.6630e+001 
4.8200e+000 2.9430e+004 8.9552e-001 3.4333e+002 5.2464e+000 2.0099e+005 1.6209e+001 
4.8000e+000 2.6731e+004 5.1698e-001 2.5718e+002 1.4877e+000 1.8081e+005 2.0870e+001 
4.7800e+000 2.6601e+004 1.5388e-001 1.4096e+002 1.5721e+000 1.8163e+005 2.6217e+001 
4.7600e+000 3.1422e+004 2.1604e-001 1.5673e+002 2.9550e+000 2.2074e+005 3.3214e+001 
4.7400e+000 3.2120e+004 3.9416e-001 2.9708e+002 5.0031e+000 2.2514e+005 3.3719e+001 
4.7200e+000 2.8420e+004 9.3872e-001 2.8984e+002 9.0366e+000 1.9659e+005 2.8996e+001 
4.7000e+000 2.6624e+004 1.3149e+000 2.6743e+002 1.0069e+001 1.8341e+005 2.6233e+001 
4.6800e+000 2.5982e+004 1.5554e+000 2.5345e+002 1.1657e+001 1.7926e+005 2.0724e+001 
4.6600e+000 2.6259e+004 1.5977e+000 2.7720e+002 1.1773e+001 1.8214e+005 1.5352e+001 
4.6400e+000 2.9123e+004 1.6063e+000 3.8317e+002 1.1132e+001 2.0451e+005 1.2590e+001 
4.6200e+000 2.5618e+004 1.5681e+000 4.4258e+002 1.1009e+001 1.7675e+005 3.7658e+000 
4.6000e+000 2.3052e+004 1.3695e+000 3.5246e+002 9.5018e+000 1.5820e+005 7.3693e+000 
4.5800e+000 2.3160e+004 1.1148e+000 3.0638e+002 7.4737e+000 1.6019e+005 1.1001e+001 
4.5600e+000 2.3800e+004 9.2919e-001 3.0704e+002 5.3464e+000 1.6590e+005 1.5302e+001 
4.5400e+000 2.4777e+004 6.7667e-001 3.2700e+002 5.5976e+000 1.7404e+005 1.8505e+001 
4.5200e+000 2.7364e+004 6.1550e-001 3.7135e+002 5.2322e+000 1.9410e+005 2.5697e+001 
4.5000e+000 2.7469e+004 6.7210e-001 4.6240e+002 6.1628e+000 1.9393e+005 2.6908e+001 
4.4800e+000 1.5387e+004 8.4749e-001 3.8284e+002 7.4803e+000 1.0141e+005 2.5532e+001 
4.4600e+000 1.7126e+004 9.5413e-001 2.9608e+002 7.8589e+000 1.1830e+005 2.5187e+001 
4.4400e+000 1.9264e+004 1.0765e+000 3.0021e+002 9.5588e+000 1.3602e+005 2.5592e+001 
4.4200e+000 2.1492e+004 1.2314e+000 3.3658e+002 1.0618e+001 1.5372e+005 2.3646e+001 
4.4000e+000 2.4092e+004 1.2846e+000 3.8750e+002 9.8483e+000 1.7359e+005 2.0736e+001 
4.3800e+000 2.7085e+004 1.2992e+000 4.7396e+002 9.8445e+000 1.9559e+005 1.4753e+001 
4.3600e+000 2.7386e+004 1.3280e+000 6.0582e+002 8.9053e+000 1.9695e+005 9.3446e+000 
4.3400e+000 9.2252e+003 1.1126e+000 5.7261e+002 8.1802e+000 6.1749e+004 5.2396e+000 
4.3200e+000 1.0503e+004 1.1136e+000 3.5431e+002 6.3834e+000 7.4692e+004 5.5205e+000 
4.3000e+000 1.5412e+004 1.0167e+000 3.4549e+002 6.4081e+000 1.1178e+005 9.3291e+000 
4.2800e+000 1.8902e+004 1.0080e+000 3.7071e+002 6.3408e+000 1.3809e+005 1.4308e+001 
4.2600e+000 2.1710e+004 9.5813e-001 4.0032e+002 6.8215e+000 1.5878e+005 1.6397e+001 
4.2400e+000 2.3933e+004 8.5992e-001 4.3804e+002 6.1360e+000 1.7484e+005 2.2378e+001 
4.2200e+000 2.5654e+004 7.4778e-001 5.0816e+002 5.8871e+000 1.8735e+005 2.4972e+001 
4.2000e+000 2.6954e+004 7.8841e-001 6.3612e+002 6.1732e+000 1.9964e+005 2.4920e+001 
4.1800e+000 9.5705e+003 8.4153e-001 3.9356e+002 7.4805e+000 8.1795e+004 2.5467e+001 
4.1600e+000 1.1505e+004 7.9963e-001 3.1582e+002 7.2343e+000 8.9551e+004 2.6031e+001 
4.1400e+000 1.5015e+004 8.2124e-001 3.5133e+002 7.1645e+000 1.1340e+005 2.6200e+001 
4.1200e+000 1.7318e+004 7.6212e-001 4.0169e+002 6.8708e+000 1.2929e+005 2.2880e+001 
4.1000e+000 1.8532e+004 7.5657e-001 4.4744e+002 5.9313e+000 1.3742e+005 1.9924e+001 
4.0800e+000 2.0404e+004 8.8117e-001 5.1741e+002 6.8865e+000 1.5109e+005 1.3603e+001 
4.0600e+000 2.3074e+004 1.0419e+000 6.1996e+002 8.9368e+000 1.7197e+005 1.0868e+001 
4.0400e+000 3.2734e+004 8.7814e-001 7.7443e+002 6.3679e+000 2.4916e+005 1.4053e+001 
4.0200e+000 2.2088e+004 1.1263e+000 4.0652e+002 7.7942e+000 1.7214e+005 4.4291e+000 
4.0000e+000 1.4353e+004 1.2089e+000 3.1991e+002 8.4953e+000 1.1129e+005 4.9183e+000 
3.9800e+000 1.2695e+004 1.2966e+000 3.5718e+002 9.1028e+000 9.6890e+004 7.8338e+000 
3.9600e+000 1.2168e+004 1.2782e+000 3.9378e+002 9.1322e+000 9.1819e+004 1.1608e+001 
3.9400e+000 1.2555e+004 1.2472e+000 4.2773e+002 9.0261e+000 9.4380e+004 1.9137e+001 
3.9200e+000 1.4652e+004 9.0661e-001 4.7680e+002 6.5905e+000 1.1066e+005 2.3268e+001 
3.9000e+000 1.8540e+004 7.5266e-001 5.3444e+002 5.9632e+000 1.4119e+005 2.8538e+001 
3.8800e+000 3.1266e+004 8.5351e-001 6.2321e+002 8.1547e+000 2.3890e+005 2.4796e+001 
3.8600e+000 4.3636e+004 6.7881e-001 5.0970e+002 5.5513e+000 3.3230e+005 2.2123e+001 
3.8400e+000 2.6722e+004 6.6983e-001 3.1644e+002 6.2463e+000 2.0214e+005 2.4348e+001 
3.8200e+000 1.6938e+004 6.6295e-001 3.5051e+002 5.8424e+000 1.2721e+005 2.2813e+001 
3.8000e+000 1.0880e+004 4.8846e-001 4.0274e+002 4.9691e+000 8.1547e+004 2.3090e+001 
3.7800e+000 7.0701e+003 4.8840e-001 4.5006e+002 5.0397e+000 5.4888e+004 1.9822e+001 
3.7600e+000 8.4535e+003 7.2087e-001 5.0210e+002 4.3367e+000 6.8001e+004 1.6243e+001 
3.7400e+000 1.4259e+004 8.6056e-001 5.5529e+002 6.2813e+000 1.1196e+005 1.4443e+001 
3.7200e+000 2.4245e+004 8.6056e-001 6.2657e+002 5.6741e+000 1.8743e+005 1.8246e+001 
3.7000e+000 4.8335e+004 8.9108e-001 7.5433e+002 4.2373e+000 3.6864e+005 7.4968e+000 
3.6800e+000 6.3460e+004 1.2389e+000 5.3090e+002 8.2597e+000 4.7761e+005 7.8375e+000 
3.6600e+000 3.5063e+004 1.2183e+000 2.6224e+002 7.5007e+000 2.6002e+005 1.0615e+000 
3.6400e+000 1.8386e+004 1.2668e+000 3.3843e+002 7.8586e+000 1.3330e+005 6.3999e+000 
3.6200e+000 7.7820e+003 1.3036e+000 4.1188e+002 8.8455e+000 5.2593e+004 1.1266e+001 
3.6000e+000 3.2354e+003 1.3495e+000 4.6030e+002 9.2468e+000 2.3375e+004 1.6219e+001 
3.5800e+000 1.0442e+004 1.2565e+000 4.9775e+002 8.7278e+000 8.2038e+004 2.2105e+001 
3.5600e+000 1.9438e+004 1.3591e+000 5.3682e+002 1.0226e+001 1.5070e+005 2.4541e+001 
3.5400e+000 3.2947e+004 1.2679e+000 5.9508e+002 1.0298e+001 2.5324e+005 2.3821e+001 
3.5200e+000 6.3013e+004 4.9720e-001 7.0436e+002 5.9196e+000 4.7945e+005 1.2980e+001 
3.5000e+000 1.0062e+005 1.5399e+000 6.0206e+002 1.0703e+001 7.5552e+005 2.7378e+001 
3.4800e+000 5.6008e+004 1.2718e+000 2.8107e+002 1.0423e+001 4.1356e+005 2.4488e+001 
3.4600e+000 3.0804e+004 8.6537e-001 3.3085e+002 8.2262e+000 2.2210e+005 2.2515e+001 
3.4400e+000 1.7816e+004 6.0947e-001 3.8085e+002 5.5487e+000 1.2365e+005 2.1063e+001 
3.4200e+000 1.2628e+004 3.9511e-001 4.1709e+002 4.1899e+000 8.8530e+004 1.7263e+001 
3.4000e+000 1.7510e+004 2.2512e-001 4.5504e+002 2.3302e+000 1.3269e+005 1.3716e+001 
3.3800e+000 2.8311e+004 1.8807e-001 5.0446e+002 8.5378e-001 2.1683e+005 1.2123e+001 
3.3600e+000 4.3334e+004 3.0647e-001 5.6978e+002 2.5855e+000 3.3053e+005 1.2613e+001 
3.3400e+000 6.6592e+004 3.6157e-001 6.5367e+002 3.0008e+000 5.0469e+005 9.1935e+000 
3.3200e+000 1.0246e+005 1.0634e+000 7.2974e+002 7.0074e+000 7.7031e+005 1.5601e+001 
3.3000e+000 1.2000e+005 1.8183e+000 5.4857e+002 1.3999e+001 8.9354e+005 3.0218e+001 
3.2800e+000 7.7388e+004 1.0058e+000 1.5390e+002 8.9266e+000 5.6849e+005 1.4995e+001 
3.2600e+000 3.9885e+004 4.4268e-001 2.1146e+002 2.9799e+000 2.8567e+005 4.6192e+000 
3.2400e+000 2.1670e+004 4.6910e-001 3.2903e+002 3.1565e+000 1.5106e+005 5.7772e+000 
3.2200e+000 2.5685e+004 5.8970e-001 4.0966e+002 5.0251e+000 1.8990e+005 7.3753e+000 
3.2000e+000 3.7527e+004 5.6862e-001 4.7139e+002 4.6572e+000 2.8180e+005 1.0294e+001 
3.1800e+000 5.0256e+004 8.2186e-001 5.1924e+002 6.0963e+000 3.7788e+005 1.3354e+001 
3.1600e+000 6.5340e+004 1.1348e+000 5.5773e+002 1.0438e+001 4.9077e+005 1.3322e+001 
3.1400e+000 8.5242e+004 1.0619e+000 5.9706e+002 1.0682e+001 6.3900e+005 7.3322e+000 
3.1200e+000 1.1533e+005 4.7325e-001 6.4478e+002 4.8321e+000 8.6191e+005 2.1463e+001 
3.1000e+000 1.6448e+005 3.1250e+000 6.5814e+002 2.5925e+001 1.2229e+006 6.2418e+001 
3.0800e+000 1.5426e+005 3.3697e+000 2.7103e+002 2.7507e+001 1.1357e+006 4.3905e+001 
3.0600e+000 6.4898e+004 1.4388e+000 1.8767e+002 1.1000e+001 4.6639e+005 1.3870e+001 
3.0400e+000 3.1731e+004 6.6115e-001 3.4535e+002 4.7620e+000 2.2209e+005 6.8288e+000 
3.0200e+000 3.9505e+004 4.9234e-001 4.2422e+002 2.7695e+000 2.9018e+005 3.5190e+000 
3.0000e+000 5.5486e+004 4.0671e-001 4.7658e+002 2.8452e+000 4.1230e+005 2.6451e+000 
2.9800e+000 7.0988e+004 4.1867e-001 5.1880e+002 3.0364e+000 5.2796e+005 3.0074e+000 
2.9600e+000 8.6148e+004 4.0428e-001 5.5789e+002 3.7607e+000 6.4002e+005 2.1106e+000 
2.9400e+000 1.0261e+005 3.1867e-001 5.9864e+002 4.0698e+000 7.6114e+005 9.1575e+000 
2.9200e+000 1.2374e+005 6.1914e-001 6.4717e+002 3.6798e+000 9.1621e+005 2.3422e+001 
2.9000e+000 1.5711e+005 1.6698e+000 7.1083e+002 1.0891e+001 1.1603e+006 5.3757e+001 
2.8800e+000 2.1860e+005 2.3804e+000 7.7398e+002 2.3764e+001 1.6075e+006 6.3597e+001 
2.8600e+000 2.2179e+005 1.1122e+000 4.2068e+002 1.6174e+001 1.6169e+006 2.9372e+001 
2.8400e+000 8.7092e+004 1.7258e+000 1.5405e+002 1.0854e+001 6.2114e+005 4.1222e+001 
2.8200e+000 5.2837e+004 1.8497e+000 3.4595e+002 1.1163e+001 3.7528e+005 4.4617e+001 
2.8000e+000 6.4464e+004 1.6939e+000 4.2876e+002 1.2136e+001 4.6868e+005 4.9419e+001 
2.7800e+000 8.1442e+004 1.7355e+000 4.7712e+002 1.2038e+001 5.9598e+005 5.4911e+001 
2.7600e+000 9.9247e+004 1.9989e+000 5.1258e+002 1.3860e+001 7.2699e+005 5.8897e+001 
2.7400e+000 1.1918e+005 2.5203e+000 5.4137e+002 1.7888e+001 8.7208e+005 5.8009e+001 
2.7200e+000 1.4205e+005 3.0530e+000 5.6317e+002 2.1390e+001 1.0372e+006 5.3826e+001 
2.7000e+000 1.6402e+005 3.0524e+000 5.7385e+002 2.0125e+001 1.1942e+006 6.2794e+001 
2.6800e+000 1.8239e+005 1.7145e+000 5.9716e+002 1.2527e+001 1.3249e+006 1.0950e+002 
2.6600e+000 2.1529e+005 3.6940e+000 6.4656e+002 2.6699e+001 1.5604e+006 1.7977e+002 
2.6400e+000 2.7379e+005 4.6694e+000 7.0634e+002 3.3641e+001 1.9779e+006 1.4157e+002 
2.6200e+000 3.4406e+005 6.5517e+000 6.6704e+002 4.4101e+001 2.4725e+006 1.5941e+002 
2.6000e+000 1.8394e+005 9.2454e+000 1.4417e+002 6.1011e+001 1.3052e+006 1.6531e+002 
2.5800e+000 5.7587e+004 8.9333e+000 3.0632e+002 6.0154e+001 3.9919e+005 1.3152e+002 
2.5600e+000 9.0839e+004 8.6216e+000 4.4001e+002 5.9499e+001 6.5255e+005 1.2574e+002 
2.5400e+000 1.2944e+005 8.0658e+000 5.1608e+002 5.6630e+001 9.2963e+005 1.2679e+002 
2.5200e+000 1.5870e+005 7.0111e+000 5.6831e+002 4.9372e+001 1.1365e+006 1.2648e+002 
2.5000e+000 1.8037e+005 5.1334e+000 6.0513e+002 3.6551e+001 1.2875e+006 1.1420e+002 
2.4800e+000 1.9446e+005 1.9316e+000 6.3405e+002 1.6314e+001 1.3842e+006 8.1490e+001 
2.4600e+000 2.1095e+005 2.1852e+000 6.8917e+002 1.8828e+001 1.4988e+006 1.1504e+002 
2.4400e+000 2.4154e+005 3.6299e+000 7.7557e+002 2.8423e+001 1.7124e+006 2.1079e+002 
2.4200e+000 2.7984e+005 2.4136e+000 8.6570e+002 2.1663e+001 1.9780e+006 3.1848e+002 
2.4000e+000 3.2602e+005 6.2685e+000 9.6354e+002 4.0579e+001 2.2967e+006 4.1634e+002 
2.3800e+000 3.9139e+005 1.1896e+001 1.0908e+003 8.3208e+001 2.7472e+006 2.8000e+002 
2.3600e+000 5.0258e+005 1.7611e+001 1.2808e+003 1.2043e+002 3.5126e+006 2.7195e+002 
2.3400e+000 4.4751e+005 3.9246e+001 1.0114e+003 2.5264e+002 3.1065e+006 5.4445e+002 
2.3200e+000 8.3932e+004 3.2759e+001 5.5530e+002 2.1309e+002 5.6738e+005 4.6129e+002 
2.3000e+000 1.3388e+005 2.5995e+001 7.1959e+002 1.7011e+002 9.2986e+005 3.7421e+002 
2.2800e+000 1.9251e+005 2.1033e+001 8.3989e+002 1.3403e+002 1.3339e+006 3.0218e+002 
2.2600e+000 2.2947e+005 1.6261e+001 9.3079e+002 8.8101e+001 1.5848e+006 2.4148e+002 
2.2400e+000 2.5854e+005 1.4058e+001 1.0163e+003 3.2961e+001 1.7798e+006 3.2135e+002 
2.2200e+000 2.8887e+005 1.7601e+001 1.1150e+003 5.4430e+001 1.9826e+006 5.5137e+002 
2.2000e+000 3.2402e+005 2.3039e+001 1.2360e+003 1.0957e+002 2.2166e+006 8.1932e+002 
2.1800e+000 3.6247e+005 2.5538e+001 1.3779e+003 1.3792e+002 2.4708e+006 1.0915e+003 
2.1600e+000 4.0308e+005 2.2061e+001 1.5400e+003 1.2809e+002 2.7375e+006 1.4005e+003 
2.1400e+000 4.4749e+005 1.7240e+001 1.7288e+003 1.4860e+002 3.0274e+006 1.8302e+003 
2.1200e+000 5.0020e+005 5.4635e+001 1.9601e+003 4.1304e+002 3.3706e+006 2.1840e+003 
2.1000e+000 5.7074e+005 7.6667e+001 2.2690e+003 5.3677e+002 3.8303e+006 1.6220e+003 
2.0800e+000 6.8269e+005 6.5449e+001 2.7456e+003 4.5227e+002 4.5624e+006 1.2753e+003 
2.0600e+000 8.9874e+005 8.7524e+001 3.6432e+003 6.1551e+002 5.9788e+006 1.9435e+003 
2.0400e+000 8.8118e+005 2.0083e+002 3.7248e+003 1.3626e+003 5.8287e+006 3.6687e+003 
2.0200e+000 2.0126e+005 1.4042e+002 1.4981e+003 9.3174e+002 1.3157e+006 2.4183e+003 
2.0000e+000 1.8015e+005 9.1957e+001 1.5114e+003 6.0739e+002 1.1854e+006 1.7336e+003 
1.9800e+000 2.7844e+005 6.8935e+001 1.8454e+003 4.6076e+002 1.8272e+006 1.6288e+003 
1.9600e+000 3.5075e+005 6.3480e+001 2.1876e+003 4.2741e+002 2.2917e+006 1.9153e+003 
1.9400e+000 4.1053e+005 6.5966e+001 2.5539e+003 4.3684e+002 2.6702e+006 2.3997e+003 
1.9200e+000 4.6508e+005 6.6180e+001 2.9571e+003 4.2706e+002 3.0112e+006 2.9249e+003 
1.9000e+000 5.1761e+005 5.9307e+001 3.3956e+003 3.6836e+002 3.3358e+006 3.4022e+003 
1.8800e+000 5.7003e+005 4.4065e+001 3.8655e+003 2.5399e+002 3.6563e+006 3.7805e+003 
1.8600e+000 6.2418e+005 2.4589e+001 4.3691e+003 1.3181e+002 3.9847e+006 4.0103e+003 
1.8400e+000 6.8234e+005 3.7947e+001 4.9184e+003 2.8876e+002 4.3351e+006 4.0052e+003 
1.8200e+000 7.4786e+005 8.1598e+001 5.5417e+003 5.9977e+002 4.7282e+006 3.6732e+003 
1.8000e+000 8.2622e+005 1.2211e+002 6.2955e+003 8.7391e+002 5.1980e+006 3.2327e+003 
1.7800e+000 9.2764e+005 1.5170e+002 7.2961e+003 1.0641e+003 5.8068e+006 3.3735e+003 
1.7600e+000 1.0738e+006 1.9063e+002 8.8042e+003 1.3008e+003 6.6874e+006 4.4281e+003 
1.7400e+000 1.3194e+006 2.7643e+002 1.1516e+004 1.8336e+003 8.1739e+006 6.7732e+003 
1.7200e+000 1.8227e+006 5.0467e+002 1.7727e+004 3.2934e+003 1.1230e+007 1.2838e+004 
1.7000e+000 2.1567e+006 9.2353e+002 2.6142e+004 5.9987e+003 1.3208e+007 2.5688e+004 
1.6800e+000 6.5106e+005 5.8648e+002 1.3560e+004 3.8022e+003 3.9573e+006 1.9398e+004 
1.6600e+000 9.8782e+004 3.9565e+002 8.4398e+003 2.5465e+003 6.0824e+005 1.6121e+004 
1.6400e+000 2.9733e+005 3.1661e+002 7.3294e+003 2.0080e+003 1.8108e+006 1.5800e+004 
1.6200e+000 4.6671e+005 2.7240e+002 7.5210e+003 1.6895e+003 2.8180e+006 1.6527e+004 
1.6000e+000 5.9442e+005 2.3769e+002 8.1946e+003 1.4289e+003 3.5662e+006 1.7743e+004 
1.5800e+000 7.0191e+005 2.0103e+002 9.0939e+003 1.1505e+003 4.1865e+006 1.9256e+004 
1.5600e+000 7.9996e+005 1.5545e+002 1.0143e+004 8.0558e+002 4.7444e+006 2.0963e+004 
1.5400e+000 8.9479e+005 9.8741e+001 1.1329e+004 3.7442e+002 5.2774e+006 2.2714e+004 
1.5200e+000 9.9080e+005 7.0242e+001 1.2666e+004 4.1107e+002 5.8115e+006 2.4194e+004 
1.5000e+000 1.0917e+006 1.5962e+002 1.4187e+004 1.1995e+003 6.3680e+006 2.4840e+004 
1.4800e+000 1.2011e+006 3.0507e+002 1.5942e+004 2.2041e+003 6.9679e+006 2.4047e+004 
1.4600e+000 1.3233e+006 4.7337e+002 1.8003e+004 3.3265e+003 7.6351e+006 2.1772e+004 
1.4400e+000 1.4639e+006 6.5235e+002 2.0478e+004 4.5101e+003 8.4001e+006 1.9172e+004 
1.4200e+000 1.6305e+006 8.4691e+002 2.3534e+004 5.8015e+003 9.3051e+006 1.8392e+004 
1.4000e+000 1.8344e+006 1.0806e+003 2.7437e+004 7.3654e+003 1.0411e+007 2.0978e+004 
1.3800e+000 2.0916e+006 1.3912e+003 3.2627e+004 9.4531e+003 1.1806e+007 2.6828e+004 
1.3600e+000 2.4206e+006 1.8332e+003 3.9788e+004 1.2423e+004 1.3588e+007 3.5409e+004 
1.3400e+000 2.8128e+006 2.4631e+003 4.9576e+004 1.6642e+004 1.5703e+007 4.6486e+004 
1.3200e+000 3.0853e+006 3.1914e+003 6.0113e+004 2.1477e+004 1.7130e+007 5.7336e+004 
1.3000e+000 2.7326e+006 3.4422e+003 6.2064e+004 2.3047e+004 1.5090e+007 5.8029e+004 
1.2800e+000 1.8220e+006 2.9250e+003 5.2691e+004 1.9449e+004 1.0010e+007 4.6831e+004 
1.2600e+000 1.0357e+006 2.2558e+003 4.3293e+004 1.4852e+004 5.6696e+006 3.6265e+004 
1.2400e+000 5.8778e+005 1.7360e+003 3.8162e+004 1.1259e+004 3.2244e+006 3.0835e+004 
1.2200e+000 5.1520e+005 1.3696e+003 3.6482e+004 8.6791e+003 2.8312e+006 2.9359e+004 
1.2000e+000 6.7449e+005 1.1329e+003 3.7027e+004 6.9421e+003 3.6720e+006 3.0031e+004 
1.1800e+000 8.8068e+005 1.0253e+003 3.8990e+004 6.0750e+003 4.7541e+006 3.1693e+004 
1.1600e+000 1.0853e+006 1.0543e+003 4.1918e+004 6.1870e+003 5.8187e+006 3.3738e+004 
1.1400e+000 1.2828e+006 1.2076e+003 4.5565e+004 7.2042e+003 6.8361e+006 3.5896e+004 
1.1200e+000 1.4748e+006 1.4564e+003 4.9795e+004 8.8886e+003 7.8153e+006 3.8039e+004 
1.1000e+000 1.6631e+006 1.7762e+003 5.4514e+004 1.1039e+004 8.7664e+006 4.0108e+004 
1.0800e+000 1.8481e+006 2.1518e+003 5.9628e+004 1.3546e+004 9.6921e+006 4.2007e+004 
1.0600e+000 2.0283e+006 2.5728e+003 6.5002e+004 1.6344e+004 1.0584e+007 4.3664e+004 
1.0400e+000 2.1993e+006 3.0289e+003 7.0429e+004 1.9366e+004 1.1421e+007 4.4932e+004 
1.0200e+000 2.3538e+006 3.5053e+003 7.5593e+004 2.2519e+004 1.2166e+007 4.5661e+004 
1.0000e+000 2.4813e+006 3.9801e+003 8.0058e+004 2.5663e+004 1.2765e+007 4.5679e+004 
9.8000e-001 2.5696e+006 4.4237e+003 8.3301e+004 2.8606e+004 1.3160e+007 4.4820e+004 
9.6000e-001 2.6075e+006 4.8014e+003 8.4805e+004 3.1122e+004 1.3296e+007 4.3039e+004 
9.4000e-001 2.5892e+006 5.0830e+003 8.4210e+004 3.3009e+004 1.3145e+007 4.0426e+004 
9.2000e-001 2.5166e+006 5.2492e+003 8.1434e+004 3.4142e+004 1.2724e+007 3.7259e+004 
9.0000e-001 2.4001e+006 5.2997e+003 7.6709e+004 3.4514e+004 1.2086e+007 3.3925e+004 
8.8000e-001 2.2552e+006 5.2487e+003 7.0488e+004 3.4215e+004 1.1311e+007 3.0832e+004 
8.6000e-001 2.0975e+006 5.1198e+003 6.3296e+004 3.3399e+004 1.0481e+007 2.8300e+004 
8.4000e-001 1.9404e+006 4.9385e+003 5.5613e+004 3.2229e+004 9.6601e+006 2.6492e+004 
8.2000e-001 1.7930e+006 4.7257e+003 4.7815e+004 3.0844e+004 8.8943e+006 2.5410e+004 
8.0000e-001 1.6604e+006 4.4975e+003 4.0171e+004 2.9351e+004 8.2080e+006 2.4911e+004 
7.8000e-001 1.5448e+006 4.2653e+003 3.2871e+004 2.7824e+004 7.6104e+006 2.4824e+004 
7.6000e-001 1.4460e+006 4.0365e+003 2.6061e+004 2.6311e+004 7.0999e+006 2.4972e+004 
7.4000e-001 1.3626e+006 3.8153e+003 1.9894e+004 2.4843e+004 6.6683e+006 2.5207e+004 
7.2000e-001 1.2924e+006 3.6038e+003 1.4608e+004 2.3436e+004 6.3042e+006 2.5446e+004 
7.0000e-001 1.2330e+006 3.4037e+003 1.0699e+004 2.2099e+004 5.9951e+006 2.5627e+004 
6.8000e-001 1.1820e+006 3.2149e+003 9.0540e+003 2.0836e+004 5.7288e+006 2.5713e+004 
6.6000e-001 1.1373e+006 3.0376e+003 1.0003e+004 1.9649e+004 5.4947e+006 2.5699e+004 
6.4000e-001 1.0970e+006 2.8714e+003 1.2424e+004 1.8536e+004 5.2838e+006 2.5584e+004 
6.2000e-001 1.0598e+006 2.7158e+003 1.5243e+004 1.7497e+004 5.0891e+006 2.5369e+004 
6.0000e-001 1.0245e+006 2.5701e+003 1.7981e+004 1.6526e+004 4.9053e+006 2.5063e+004 
5.8000e-001 9.9045e+005 2.4338e+003 2.0455e+004 1.5620e+004 4.7284e+006 2.4673e+004 
5.6000e-001 9.5698e+005 2.3060e+003 2.2597e+004 1.4775e+004 4.5559e+006 2.4217e+004 
5.4000e-001 9.2377e+005 2.1860e+003 2.4385e+004 1.3987e+004 4.3859e+006 2.3698e+004 
5.2000e-001 8.9061e+005 2.0732e+003 2.5820e+004 1.3249e+004 4.2174e+006 2.3128e+004 
5.0000e-001 8.5738e+005 1.9667e+003 2.6913e+004 1.2558e+004 4.0499e+006 2.2511e+004 
4.8000e-001 8.2401e+005 1.8657e+003 2.7681e+004 1.1907e+004 3.8828e+006 2.1857e+004 
4.6000e-001 7.9050e+005 1.7695e+003 2.8145e+004 1.1290e+004 3.7163e+006 2.1168e+004 
4.4000e-001 7.5686e+005 1.6776e+003 2.8326e+004 1.0705e+004 3.5503e+006 2.0449e+004 
4.2000e-001 7.2311e+005 1.5891e+003 2.8249e+004 1.0144e+004 3.3847e+006 1.9705e+004 
4.0000e-001 6.8927e+005 1.5036e+003 2.7934e+004 9.6043e+003 3.2198e+006 1.8935e+004 
3.8000e-001 6.5536e+005 1.4206e+003 2.7406e+004 9.0809e+003 3.0554e+006 1.8143e+004 
3.6000e-001 6.2139e+005 1.3396e+003 2.6685e+004 8.5718e+003 2.8918e+006 1.7328e+004 
3.4000e-001 5.8738e+005 1.2603e+003 2.5793e+004 8.0725e+003 2.7287e+006 1.6493e+004 
3.2000e-001 5.5333e+005 1.1823e+003 2.4749e+004 7.5823e+003 2.5663e+006 1.5641e+004 
3.0000e-001 5.1923e+005 1.1054e+003 2.3574e+004 7.0978e+003 2.4045e+006 1.4768e+004 
2.8000e-001 4.8509e+005 1.0294e+003 2.2285e+004 6.6183e+003 2.2431e+006 1.3877e+004 
2.6000e-001 4.5088e+005 9.5409e+002 2.0900e+004 6.1419e+003 2.0821e+006 1.2970e+004 
2.4000e-001 4.1662e+005 8.7936e+002 1.9434e+004 5.6678e+003 1.9215e+006 1.2045e+004 
2.2000e-001 3.8229e+005 8.0510e+002 1.7904e+004 5.1954e+003 1.7611e+006 1.1103e+004 
2.0000e-001 3.4788e+005 7.3111e+002 1.6323e+004 4.7235e+003 1.6009e+006 1.0147e+004 
1.8000e-001 3.1340e+005 6.5750e+002 1.4705e+004 4.2523e+003 1.4408e+006 9.1763e+003 
1.6000e-001 2.7883e+005 5.8403e+002 1.3062e+004 3.7810e+003 1.2808e+006 8.1919e+003 
1.4000e-001 2.4418e+005 5.1076e+002 1.1404e+004 3.3097e+003 1.1208e+006 7.1956e+003 
1.2000e-001 2.0946e+005 4.3761e+002 9.7425e+003 2.8380e+003 9.6081e+005 6.1885e+003 
1.0000e-001 1.7467e+005 3.6456e+002 8.0843e+003 2.3659e+003 8.0077e+005 5.1720e+003 
8.0000e-002 1.3981e+005 2.9157e+002 6.4363e+003 1.8933e+003 6.4069e+005 4.1474e+003 
6.0000e-002 1.0491e+005 2.1865e+002 4.8031e+003 1.4204e+003 4.8056e+005 3.1164e+003 
4.0000e-002 6.9962e+004 1.4574e+002 3.1868e+003 9.4714e+002 3.2040e+005 2.0805e+003 
2.0000e-002 3.4988e+004 7.2869e+001 1.5873e+003 4.7364e+002 1.6021e+005 1.0411e+003 
