7.9600e+000 -1.5733e+000 2.8992e+000 -3.1404e+000 2.5065e-002 -1.5598e+000 1.5157e+000 
7.9400e+000 -1.5934e+000 2.9739e+000 -3.1338e+000 1.5011e-002 -1.5564e+000 1.9548e+000 
7.9200e+000 1.5967e+000 3.1239e+000 -3.1281e+000 -1.2695e-001 -1.5069e+000 -2.3938e+000 
7.9000e+000 1.5868e+000 -2.9144e+000 -3.1373e+000 -5.1741e-001 -1.6697e+000 -1.9523e+000 
7.8800e+000 1.5752e+000 -2.3763e+000 -3.1329e+000 -2.9176e+000 9.1499e-001 -1.8120e+000 
7.8600e+000 1.5607e+000 -1.5018e+000 -3.1315e+000 -2.9590e+000 -1.0009e+000 -1.7243e+000 
7.8400e+000 1.5488e+000 -9.3240e-001 3.1233e+000 -3.1367e+000 -1.3229e+000 -1.6357e+000 
7.8200e+000 1.5732e+000 -6.1749e-001 2.4623e-002 -3.1356e+000 -1.8395e+000 -1.5314e+000 
7.8000e+000 1.6389e+000 -4.7772e-001 1.9593e-002 3.0541e+000 -2.9627e+000 -1.3728e+000 
7.7800e+000 1.6396e+000 -3.2166e-001 5.1676e-003 -3.1159e+000 1.6977e+000 -8.9181e-001 
7.7600e+000 -8.1982e-001 -8.7359e-002 4.6910e-003 2.9934e+000 1.5978e+000 6.3949e-001 
7.7400e+000 1.3856e+000 1.6462e-001 1.2248e-002 2.6153e+000 1.5850e+000 1.2216e+000 
7.7200e+000 1.5866e+000 5.5998e-001 1.2298e-002 2.5344e-001 1.5915e+000 1.4138e+000 
7.7000e+000 1.6191e+000 1.0937e+000 1.7513e-002 -1.0888e-001 1.5939e+000 1.5272e+000 
7.6800e+000 1.5932e+000 1.5611e+000 3.1087e+000 1.3521e-002 1.5838e+000 1.6280e+000 
7.6600e+000 1.5449e+000 1.9706e+000 3.1326e+000 -5.7817e-002 1.5387e+000 1.7247e+000 
7.6400e+000 1.5667e+000 2.4347e+000 3.1151e+000 -2.8342e-002 1.3267e+000 1.8724e+000 
7.6200e+000 1.0107e+000 2.6969e+000 3.0022e+000 1.9743e-002 -6.0925e-001 2.2513e+000 
7.6000e+000 -1.2942e+000 3.1189e+000 -3.0664e+000 -1.6621e-001 -3.8082e-002 -2.4941e+000 
7.5800e+000 -1.5841e+000 -3.0328e+000 -3.0842e+000 -2.1670e-001 -1.5385e+000 -1.8137e+000 
7.5600e+000 -1.5749e+000 -2.7192e+000 -3.0619e+000 -4.0558e-001 -1.5687e+000 -1.6093e+000 
7.5400e+000 -1.5877e+000 -2.3539e+000 3.9167e-002 3.1338e+000 -1.5835e+000 -1.4945e+000 
7.5200e+000 -1.5960e+000 -1.9659e+000 4.5507e-002 2.9476e+000 -1.5699e+000 -1.3768e+000 
7.5000e+000 -1.5866e+000 -1.5380e+000 3.6816e-002 2.9634e+000 -1.5660e+000 -1.2872e+000 
7.4800e+000 -1.5848e+000 -1.1135e+000 3.5472e-002 2.7616e+000 -1.5751e+000 -1.1653e+000 
7.4600e+000 -1.6439e+000 -5.8375e-001 3.5781e-002 2.7822e+000 -1.6389e+000 -9.3600e-001 
7.4400e+000 1.6122e+000 -1.2758e-001 -7.7529e-002 3.0162e+000 1.5937e+000 -8.0708e-002 
7.4200e+000 1.5501e+000 -1.1102e-002 -1.4589e-001 3.0469e+000 1.5552e+000 1.1888e+000 
7.4000e+000 1.5333e+000 2.4963e-001 -1.0777e+000 -3.0956e+000 1.5417e+000 1.5417e+000 
7.3800e+000 1.5258e+000 5.1844e-001 -3.0051e+000 -2.9185e+000 1.5364e+000 1.6924e+000 
7.3600e+000 1.5295e+000 7.3436e-001 -3.0756e+000 -1.2726e+000 1.5686e+000 1.8330e+000 
7.3400e+000 1.5459e+000 1.0925e+000 -3.0918e+000 -1.0552e+000 1.5799e+000 1.9182e+000 
7.3200e+000 1.5519e+000 1.4249e+000 -3.0971e+000 -7.6138e-001 1.5756e+000 2.0030e+000 
7.3000e+000 1.5425e+000 2.0301e+000 -3.0883e+000 -4.8203e-001 1.5622e+000 2.1433e+000 
7.2800e+000 -1.1741e+000 2.6942e+000 3.0317e+000 -2.1700e-001 -1.4070e+000 2.4677e+000 
7.2600e+000 -1.5435e+000 3.0279e+000 2.9234e+000 -1.2146e-001 -1.5513e+000 -2.4235e+000 
7.2400e+000 -1.5821e+000 -3.0183e+000 1.2311e+000 -1.8252e-002 -1.5841e+000 -1.6199e+000 
7.2200e+000 -1.5972e+000 -2.8392e+000 1.4621e-001 -8.5567e-002 -1.5984e+000 -1.3993e+000 
7.2000e+000 -1.5973e+000 -2.7204e+000 8.4254e-002 -1.3849e-001 -1.5722e+000 -1.2544e+000 
7.1800e+000 -1.5867e+000 -2.4887e+000 7.1360e-002 6.1921e-001 -1.5545e+000 -1.1382e+000 
7.1600e+000 -1.5982e+000 -2.1572e+000 8.5826e-002 1.3132e+000 -1.5772e+000 -1.0871e+000 
7.1400e+000 -1.5986e+000 -1.7833e+000 1.0972e-001 1.8321e+000 -1.5714e+000 -1.0082e+000 
7.1200e+000 -1.6132e+000 -1.0195e+000 -9.7260e-003 2.7046e+000 -1.5423e+000 -9.0538e-001 
7.1000e+000 1.6353e+000 -5.0584e-001 -1.5333e-001 2.8512e+000 1.5692e+000 -5.5047e-001 
7.0800e+000 1.5793e+000 -1.4799e-001 -1.3804e+000 2.8828e+000 1.5504e+000 1.2626e+000 
7.0600e+000 1.5677e+000 1.1569e-001 -3.0016e+000 3.1126e+000 1.5448e+000 1.7932e+000 
7.0400e+000 1.5575e+000 2.2007e-001 -3.0444e+000 3.1250e+000 1.5662e+000 1.9649e+000 
7.0200e+000 1.5624e+000 4.1881e-001 -3.0526e+000 -2.7993e+000 1.5908e+000 2.1046e+000 
7.0000e+000 1.5582e+000 6.6341e-001 -3.0475e+000 -2.5549e+000 1.5799e+000 2.1454e+000 
6.9800e+000 1.5554e+000 8.4251e-001 -3.0401e+000 -2.4330e+000 1.5800e+000 2.1900e+000 
6.9600e+000 1.5606e+000 1.3049e+000 -3.0753e+000 -1.7413e+000 1.6079e+000 2.2287e+000 
6.9400e+000 1.5915e+000 1.6967e+000 3.0957e+000 -7.4639e-001 1.9944e+000 2.2757e+000 
6.9200e+000 -1.5362e+000 2.4498e+000 2.9675e+000 -5.2124e-001 -1.6173e+000 2.3639e+000 
6.9000e+000 -1.5333e+000 2.9030e+000 7.7559e-002 -2.5563e-001 -1.5712e+000 -9.2883e-001 
6.8800e+000 -1.5545e+000 3.1180e+000 6.5900e-002 -1.8593e-001 -1.5648e+000 -8.7214e-001 
6.8600e+000 -1.5553e+000 -3.0105e+000 7.2073e-002 3.1330e-002 -1.5385e+000 -8.0940e-001 
6.8400e+000 -1.5583e+000 -2.8359e+000 8.0855e-002 2.1969e-001 -1.5367e+000 -7.6866e-001 
6.8200e+000 -1.5619e+000 -2.6871e+000 7.7698e-002 3.1978e-001 -1.5301e+000 -7.5601e-001 
6.8000e+000 -1.5737e+000 -2.4904e+000 6.4809e-002 5.4314e-001 -1.5381e+000 -7.5708e-001 
6.7800e+000 -1.5854e+000 -2.3786e+000 5.2261e-002 7.4145e-001 -1.5047e+000 -7.9587e-001 
6.7600e+000 -1.5808e+000 -1.8890e+000 7.9877e-002 1.4871e+000 -7.8792e-001 -9.1949e-001 
6.7400e+000 1.6014e+000 -9.9146e-001 -3.0778e+000 2.5541e+000 1.4856e+000 -1.4224e+000 
6.7200e+000 1.6062e+000 -4.3810e-001 -3.0830e+000 2.7849e+000 1.5896e+000 -2.6985e+000 
6.7000e+000 1.6080e+000 -1.7131e-001 -3.0886e+000 3.0669e+000 1.6284e+000 3.1174e+000 
6.6800e+000 1.6081e+000 -3.2012e-003 -3.0816e+000 -3.0705e+000 1.6405e+000 2.9680e+000 
6.6600e+000 1.5994e+000 1.1590e-001 -3.0656e+000 -2.9932e+000 1.6547e+000 2.9090e+000 
6.6400e+000 1.5799e+000 1.8618e-001 -3.0663e+000 -2.8396e+000 1.6522e+000 2.8540e+000 
6.6200e+000 1.5627e+000 2.7915e-001 -3.0751e+000 -2.8532e+000 1.6562e+000 2.7541e+000 
6.6000e+000 1.5173e+000 4.6000e-001 -3.0438e+000 -2.5635e+000 1.6910e+000 2.5925e+000 
6.5800e+000 1.3528e+000 8.0511e-001 -2.3638e+000 -2.1732e+000 2.1014e+000 2.2655e+000 
6.5600e+000 -1.5091e+000 1.3947e+000 6.3266e-003 -9.3775e-001 -1.7998e+000 1.5848e+000 
6.5400e+000 -1.5679e+000 2.2690e+000 2.8157e-002 -4.7159e-001 -1.5911e+000 8.8795e-001 
6.5200e+000 -1.5616e+000 2.7669e+000 6.8851e-002 -1.7813e-001 -1.5417e+000 6.4700e-001 
6.5000e+000 -1.5797e+000 2.9543e+000 1.1883e-001 7.0010e-002 -1.5202e+000 5.6528e-001 
6.4800e+000 -1.5821e+000 3.0845e+000 1.3109e-001 1.2051e-001 -1.4344e+000 5.1369e-001 
6.4600e+000 -1.6091e+000 -3.1218e+000 1.1660e-001 1.7905e-001 -1.4249e+000 4.5435e-001 
6.4400e+000 -1.6570e+000 -3.0505e+000 1.5136e-001 2.3271e-001 -1.3880e+000 3.7598e-001 
6.4200e+000 -1.9193e+000 -2.9677e+000 -4.9532e-002 4.2145e-001 -1.1670e+000 1.9848e-001 
6.4000e+000 -1.7077e+000 -2.8533e+000 7.2029e-001 3.6423e-001 6.9765e-001 -4.1252e-001 
6.3800e+000 1.9607e+000 -2.5822e+000 3.0446e+000 6.2520e-001 1.0204e+000 -1.4988e+000 
6.3600e+000 1.6249e+000 -1.9928e+000 3.1193e+000 1.5710e+000 1.1340e+000 -2.0642e+000 
6.3400e+000 1.5077e+000 -1.1292e+000 -3.1229e+000 2.8418e+000 1.1557e+000 -2.2202e+000 
6.3200e+000 1.5150e+000 -6.0136e-001 -3.0934e+000 3.1032e+000 1.4986e+000 -2.2567e+000 
6.3000e+000 1.5537e+000 -3.2676e-001 -3.0455e+000 -3.0542e+000 2.1392e+000 -2.2542e+000 
6.2800e+000 1.5838e+000 -1.6626e-001 -3.0039e+000 -2.9221e+000 -2.2064e+000 -2.2174e+000 
6.2600e+000 1.6285e+000 -1.2986e-001 -2.9719e+000 -2.9322e+000 -1.8678e+000 -2.1962e+000 
6.2400e+000 1.7017e+000 -6.8750e-002 -2.9573e+000 -2.9494e+000 -1.8069e+000 -2.1794e+000 
6.2200e+000 2.1144e+000 1.6609e-002 -4.5356e-001 -2.8545e+000 -1.7908e+000 -2.1416e+000 
6.2000e+000 -1.3010e+000 1.2599e-001 -1.4777e-001 -2.8102e+000 -1.7934e+000 -1.9488e+000 
6.1800e+000 -1.1435e+000 3.7766e-001 -1.0584e-001 -2.5617e+000 -2.0439e+000 9.8723e-001 
6.1600e+000 -5.0317e-001 7.5943e-001 -4.4162e-002 -1.8759e+000 2.5776e+000 1.0210e+000 
6.1400e+000 1.8269e+000 1.4612e+000 1.5084e-003 -5.1303e-001 1.7616e+000 1.0157e+000 
6.1200e+000 1.4511e+000 2.1104e+000 3.3366e-002 -1.2608e-001 1.5558e+000 1.0420e+000 
6.1000e+000 1.3315e+000 2.4899e+000 9.1354e-002 8.6096e-002 1.5353e+000 1.1109e+000 
6.0800e+000 1.4436e+000 2.7043e+000 1.5779e-001 1.6498e-001 1.5329e+000 1.2071e+000 
6.0600e+000 1.5305e+000 2.9339e+000 1.5853e-001 2.8920e-001 1.5429e+000 1.3022e+000 
6.0400e+000 1.5386e+000 2.9302e+000 2.8727e+000 2.5599e-001 1.5649e+000 1.3841e+000 
6.0200e+000 1.5545e+000 3.0546e+000 3.0270e+000 2.4025e-001 1.5771e+000 1.5301e+000 
6.0000e+000 1.5858e+000 -3.0683e+000 3.0718e+000 4.0212e-001 1.5443e+000 2.0165e+000 
5.9800e+000 9.8772e-001 -2.8702e+000 -3.1404e+000 5.4850e-001 8.2235e-001 -2.3286e+000 
5.9600e+000 -1.2493e+000 -2.6728e+000 -3.1113e+000 1.2485e+000 -9.9879e-001 -1.8886e+000 
5.9400e+000 -1.4048e+000 -2.2707e+000 -3.0910e+000 2.6571e+000 -1.4141e+000 -1.9710e+000 
5.9200e+000 -1.5619e+000 -1.8286e+000 -3.0713e+000 -2.9421e+000 -1.5111e+000 -1.8940e+000 
5.9000e+000 -1.6355e+000 -1.1901e+000 -3.0469e+000 -2.9619e+000 -1.5417e+000 -1.8137e+000 
5.8800e+000 -1.6477e+000 -6.9688e-001 -2.9928e+000 -2.7204e+000 -1.5610e+000 -1.7412e+000 
5.8600e+000 -1.6455e+000 -3.8164e-001 -2.9789e+000 -2.6278e+000 -1.5683e+000 -1.6770e+000 
5.8400e+000 -1.6401e+000 -4.7902e-001 1.2379e-001 -2.8483e+000 -1.5715e+000 -1.6201e+000 
5.8200e+000 -1.6513e+000 -2.8320e-001 1.9177e-002 -2.8294e+000 -1.5809e+000 -1.5225e+000 
5.8000e+000 -1.7118e+000 -1.2712e-001 -3.8622e-003 -2.5417e+000 -1.6189e+000 -1.3322e+000 
5.7800e+000 -2.0037e+000 2.1611e-002 6.8262e-003 -2.7455e+000 -1.7907e+000 -6.8762e-001 
5.7600e+000 2.0863e+000 1.8541e-001 2.2848e-002 -2.7654e+000 2.2495e+000 1.1036e+000 
5.7400e+000 1.7041e+000 3.2631e-001 3.4434e-002 -2.7537e+000 1.7072e+000 1.1538e+000 
5.7200e+000 1.5426e+000 5.4293e-001 3.5733e-002 -1.3012e+000 1.6120e+000 1.3005e+000 
5.7000e+000 1.4394e+000 9.9497e-001 3.5925e-002 -2.4456e-001 1.5784e+000 1.3939e+000 
5.6800e+000 1.4132e+000 1.4217e+000 4.4794e-002 2.0278e-001 1.5624e+000 1.4662e+000 
5.6600e+000 1.4205e+000 1.9211e+000 1.3970e-001 3.3003e-001 1.5557e+000 1.5308e+000 
5.6400e+000 1.4302e+000 2.1304e+000 -3.0568e+000 8.5252e-001 1.5479e+000 1.5858e+000 
5.6200e+000 1.4100e+000 2.3837e+000 -3.1160e+000 2.8264e-001 1.5355e+000 1.6525e+000 
5.6000e+000 1.3906e+000 2.6226e+000 3.1376e+000 1.9387e-001 1.5197e+000 1.7570e+000 
5.5800e+000 1.4215e+000 2.8530e+000 3.1307e+000 3.4607e-001 1.4958e+000 1.9433e+000 
5.5600e+000 1.2659e+000 3.0312e+000 3.1329e+000 2.6860e-001 1.3746e+000 2.4450e+000 
5.5400e+000 -1.6795e+000 -3.0569e+000 3.1291e+000 1.4290e-001 -1.2763e+000 -2.4113e+000 
5.5200e+000 -1.6118e+000 -2.8947e+000 3.1253e+000 6.7684e-002 -1.5067e+000 -1.9658e+000 
5.5000e+000 -1.6625e+000 -2.7397e+000 3.1210e+000 2.2881e-001 -1.5614e+000 -1.7692e+000 
5.4800e+000 -1.6914e+000 -2.5294e+000 3.1386e+000 -1.1279e-001 -1.5808e+000 -1.6623e+000 
5.4600e+000 -1.7185e+000 -2.2073e+000 -3.0848e+000 2.7430e-001 -1.5952e+000 -1.5869e+000 
5.4400e+000 -1.8030e+000 -1.9046e+000 -5.5536e-002 1.6471e+000 -1.6213e+000 -1.5203e+000 
5.4200e+000 -1.8582e+000 -1.4993e+000 5.8685e-002 3.1084e+000 -1.6410e+000 -1.4739e+000 
5.4000e+000 -1.8509e+000 -1.1429e+000 -2.7318e-002 2.8971e+000 -1.6495e+000 -1.4151e+000 
5.3800e+000 -1.8388e+000 -7.9537e-001 -5.0821e-002 2.7918e+000 -1.6578e+000 -1.3334e+000 
5.3600e+000 -1.7585e+000 -4.5656e-001 -7.0160e-002 3.0251e+000 -1.6522e+000 -1.2167e+000 
5.3400e+000 -1.8663e+000 -2.5359e-001 -8.2766e-002 -3.0648e+000 -1.7097e+000 -1.0004e+000 
5.3200e+000 1.8229e+000 -8.5206e-002 -9.9138e-002 -2.7502e+000 1.7689e+000 -3.3820e-001 
5.3000e+000 1.4851e+000 1.0846e-001 -1.2995e-001 -2.8942e+000 1.5860e+000 9.7964e-001 
5.2800e+000 1.4765e+000 2.3835e-001 -1.6022e-001 -3.0481e+000 1.5713e+000 1.3824e+000 
5.2600e+000 1.4018e+000 3.9059e-001 -1.6385e-001 3.0637e+000 1.5425e+000 1.5373e+000 
5.2400e+000 1.3087e+000 4.7788e-001 8.1371e-002 2.8746e+000 1.5100e+000 1.6152e+000 
5.2200e+000 1.2493e+000 6.0986e-001 2.5984e+000 2.8497e+000 1.4908e+000 1.6909e+000 
5.2000e+000 1.1711e+000 6.7417e-001 3.0422e+000 -3.1238e+000 1.4632e+000 1.7819e+000 
5.1800e+000 1.1334e+000 1.2314e+000 -3.1162e+000 -2.9180e+000 1.4377e+000 1.8159e+000 
5.1600e+000 1.1595e+000 1.7252e+000 3.0521e+000 -2.9547e+000 1.4340e+000 1.8566e+000 
5.1400e+000 1.1891e+000 2.2035e+000 2.9705e+000 1.1940e+000 1.4245e+000 1.9030e+000 
5.1200e+000 1.3004e+000 2.7201e+000 2.9040e+000 4.5053e-001 1.4169e+000 1.9352e+000 
5.1000e+000 8.4958e-001 2.9842e+000 2.8339e+000 5.2226e-001 1.0598e+000 1.9494e+000 
5.0800e+000 -1.4787e+000 -3.0465e+000 2.7519e+000 5.0150e-001 -1.2014e+000 2.1609e+000 
5.0600e+000 -1.9701e+000 -2.8610e+000 2.6559e+000 6.1675e-001 -1.7601e+000 -2.5865e+000 
5.0400e+000 -1.8902e+000 -2.7738e+000 2.5840e+000 3.7119e-001 -1.6769e+000 -1.6849e+000 
5.0200e+000 -1.8912e+000 -2.8545e+000 2.7481e+000 -1.2924e-001 -1.6374e+000 -1.4631e+000 
5.0000e+000 -1.9226e+000 -3.0364e+000 -7.2830e-001 -3.1605e-001 -1.6136e+000 -1.3207e+000 
4.9800e+000 -1.7917e+000 2.8043e+000 -1.4876e+000 -1.1286e+000 -7.3833e-001 -2.1167e+000 
4.9600e+000 -2.0085e+000 -2.8332e+000 -8.9403e-002 -5.0426e-002 -1.6186e+000 -1.1049e+000 
4.9400e+000 -2.0426e+000 -2.5635e+000 7.8056e-002 1.7503e-001 -1.6204e+000 -1.0233e+000 
4.9200e+000 -2.0791e+000 -2.2481e+000 -1.2731e-002 3.2306e-001 -1.6784e+000 -1.0436e+000 
4.9000e+000 -2.1196e+000 -1.9178e+000 -3.5612e-001 -5.3957e-001 -1.7926e+000 -1.1679e+000 
4.8800e+000 -2.1363e+000 8.7537e-001 -6.5485e-001 -1.1796e+000 -1.8053e+000 -1.2125e+000 
4.8600e+000 -2.0849e+000 1.7862e+000 -6.4783e-001 -1.0456e+000 -1.6065e+000 -1.1004e+000 
4.8400e+000 1.0187e+000 2.2393e+000 -4.1189e-001 -7.1246e-001 -4.5430e-001 -8.3517e-001 
4.8200e+000 1.0624e+000 2.4267e+000 -2.1358e-001 -3.9852e-001 9.0654e-001 -4.6963e-001 
4.8000e+000 1.1193e+000 2.7935e-001 -1.9242e-001 -3.2178e-001 1.1844e+000 2.9715e-001 
4.7800e+000 1.1581e+000 3.3898e-001 -6.1872e-001 -2.7639e+000 1.3489e+000 1.6099e+000 
4.7600e+000 1.1827e+000 4.4295e-001 -1.6662e+000 -2.6712e+000 1.4746e+000 2.2858e+000 
4.7400e+000 1.2328e+000 5.8928e-001 -2.4335e+000 -2.3356e+000 1.3053e+000 2.2656e+000 
4.7200e+000 1.1734e+000 6.6712e-001 -2.6961e+000 -2.4551e+000 1.2264e+000 2.1179e+000 
4.7000e+000 1.0777e+000 6.8914e-001 -2.7909e+000 -2.5669e+000 1.2326e+000 2.1349e+000 
4.6800e+000 8.8820e-001 7.2841e-001 -2.8765e+000 -2.7058e+000 1.2218e+000 2.2009e+000 
4.6600e+000 6.9889e-001 6.8469e-001 -2.9764e+000 -2.7566e+000 1.1790e+000 2.2788e+000 
4.6400e+000 7.7030e-001 7.2943e-001 -3.0000e+000 -2.6482e+000 1.2143e+000 2.3810e+000 
4.6200e+000 9.0321e-001 1.0610e+000 -2.7772e+000 -2.4491e+000 1.3935e+000 2.4501e+000 
4.6000e+000 1.0233e+000 1.3034e+000 -2.8919e+000 -2.4256e+000 1.8286e+000 2.4324e+000 
4.5800e+000 2.0760e+000 1.5767e+000 -3.1049e+000 -2.6149e+000 2.9863e+000 2.4721e+000 
4.5600e+000 -2.6092e+000 2.4656e+000 2.9614e+000 -3.1244e+000 -2.6264e+000 2.6385e+000 
4.5400e+000 -2.3094e+000 -2.9547e+000 2.7494e+000 2.5377e+000 -2.3588e+000 2.9222e+000 
4.5200e+000 -2.1140e+000 -2.6508e+000 2.4902e+000 1.6345e+000 -2.2109e+000 -2.6699e+000 
4.5000e+000 -2.0690e+000 -2.4933e+000 1.9595e+000 1.4409e+000 -2.2411e+000 -1.8866e+000 
4.4800e+000 -2.1218e+000 -2.5937e+000 1.0796e+000 8.5469e-001 -2.1118e+000 -1.3810e+000 
4.4600e+000 -2.1772e+000 -2.5963e+000 6.4254e-001 5.4073e-001 -2.0327e+000 -1.0525e+000 
4.4400e+000 -2.1813e+000 -2.4934e+000 4.6975e-001 6.1432e-001 -1.9864e+000 -9.0192e-001 
4.4200e+000 -2.2006e+000 -2.4227e+000 3.6639e-001 5.5569e-001 -1.9544e+000 -8.1245e-001 
4.4000e+000 -2.2351e+000 -2.3367e+000 2.9706e-001 5.6749e-001 -1.9334e+000 -7.2977e-001 
4.3800e+000 -2.2076e+000 -2.2869e+000 2.9529e-001 6.7566e-001 -1.8561e+000 -6.4191e-001 
4.3600e+000 -2.0614e+000 -2.2043e+000 4.5884e-001 7.4850e-001 -1.5612e+000 -5.5685e-001 
4.3400e+000 -1.8408e+000 -1.8154e+000 9.2686e-001 1.1246e+000 -7.6890e-001 -5.7548e-001 
4.3200e+000 -1.3680e+000 -1.7040e+000 1.5058e-001 8.8579e-001 2.0785e-001 -6.4318e-001 
4.3000e+000 5.6843e-002 -1.6531e+000 -1.1498e-001 6.3357e-001 4.4918e-001 -6.2230e-001 
4.2800e+000 1.6624e-001 -1.1246e+000 -2.6368e-001 3.0833e-001 4.1396e-001 -5.5219e-001 
4.2600e+000 4.5668e-001 -2.6904e-001 -4.3513e-001 2.6592e-001 5.4436e-001 -4.3301e-001 
4.2400e+000 8.0335e-001 2.7542e-001 -6.9692e-001 -7.7628e-001 7.7887e-001 2.8106e-001 
4.2200e+000 1.0704e+000 5.5632e-001 -1.2042e+000 -2.1287e+000 9.4203e-001 2.2969e+000 
4.2000e+000 1.3152e+000 7.9723e-001 -1.9785e+000 -1.9974e+000 1.0032e+000 2.4744e+000 
4.1800e+000 1.1007e+000 3.7356e-001 -2.5220e+000 -2.8737e+000 1.1128e+000 2.4106e+000 
4.1600e+000 9.8695e-001 5.0024e-001 -2.7102e+000 -2.7585e+000 1.1336e+000 2.5524e+000 
4.1400e+000 1.0270e+000 6.4713e-001 -2.7839e+000 -2.4034e+000 1.2033e+000 2.6081e+000 
4.1200e+000 1.0749e+000 7.1115e-001 -2.8440e+000 -2.5703e+000 1.3216e+000 2.6375e+000 
4.1000e+000 1.1458e+000 8.0787e-001 -2.9021e+000 -2.5310e+000 1.5714e+000 2.6625e+000 
4.0800e+000 1.2959e+000 8.5460e-001 -2.9023e+000 -2.5501e+000 2.2227e+000 2.7111e+000 
4.0600e+000 1.6471e+000 8.0755e-001 -2.7803e+000 -2.5935e+000 3.1395e+000 2.7521e+000 
4.0400e+000 2.6171e+000 8.9892e-001 -2.2603e+000 -2.3327e+000 -2.6835e+000 2.8337e+000 
4.0200e+000 -2.8002e+000 1.3580e+000 -1.6242e+000 -1.9701e+000 -2.5531e+000 2.7248e+000 
4.0000e+000 -3.0784e+000 1.4162e+000 2.7728e+000 -2.3297e+000 -2.7027e+000 2.5979e+000 
3.9800e+000 -3.0789e+000 1.7628e+000 2.5639e+000 -2.4434e+000 -2.8246e+000 2.4587e+000 
3.9600e+000 -2.7663e+000 2.6689e+000 2.3325e+000 -2.5793e+000 -2.6824e+000 2.2962e+000 
3.9400e+000 -2.3986e+000 -2.9733e+000 1.9831e+000 -8.1625e-001 -2.4173e+000 1.5965e+000 
3.9200e+000 -1.9782e+000 -2.7580e+000 1.4714e+000 1.8317e-001 -2.0611e+000 -1.3998e-001 
3.9000e+000 -1.6853e+000 -2.6542e+000 9.6901e-001 4.7431e-001 -1.8265e+000 -5.1948e-002 
3.8800e+000 -1.4711e+000 -2.3311e+000 6.3197e-001 9.9144e-001 -1.7502e+000 4.5150e-002 
3.8600e+000 -6.0014e-001 -2.3350e+000 4.1694e-001 7.0404e-001 -1.5418e+000 5.7374e-002 
3.8400e+000 -2.5209e+000 -2.6604e+000 3.3124e-001 4.0406e-001 -2.2960e+000 3.0562e-002 
3.8200e+000 -2.3344e+000 -2.5518e+000 2.7487e-001 4.1762e-001 -1.9191e+000 -2.9353e-002 
3.8000e+000 -2.1198e+000 -2.4859e+000 2.0319e-001 4.9568e-001 -9.7197e-001 -8.6582e-002 
3.7800e+000 -1.8234e+000 -2.4093e+000 1.3489e-001 5.2533e-001 -3.0576e-001 -1.5035e-001 
3.7600e+000 -1.3977e+000 -2.3770e+000 1.1147e-001 5.6564e-001 -4.7888e-002 -1.6576e-001 
3.7400e+000 -9.1724e-001 -2.5632e+000 1.4419e-001 4.0279e-001 1.0719e-001 -1.9595e-001 
3.7200e+000 -5.1970e-001 -2.6962e+000 2.5615e-001 4.4011e-001 2.0906e-001 -2.4461e-001 
3.7000e+000 -2.7761e-001 -2.6890e+000 6.8942e-001 5.1151e-001 2.5391e-001 -2.6135e-001 
3.6800e+000 -1.9195e-001 -2.1775e+000 1.9692e+000 1.1446e+000 2.2578e-001 -1.9013e-001 
3.6600e+000 -1.6701e-001 -1.9550e+000 -2.8363e+000 1.2399e+000 1.4643e-001 -5.9403e-001 
3.6400e+000 -3.1698e-002 -1.4265e+000 -1.8974e+000 8.8209e-001 1.4555e-001 -1.1694e+000 
3.6200e+000 2.4257e-001 -4.4738e-001 -1.6529e+000 1.2313e+000 2.9347e-001 -1.8242e+000 
3.6000e+000 5.8551e-001 -1.1231e-001 -1.7107e+000 2.1522e+000 5.4939e-001 -2.4486e+000 
3.5800e+000 9.4600e-001 1.6486e-001 -1.9936e+000 2.7787e+000 8.8127e-001 -2.8550e+000 
3.5600e+000 1.2915e+000 3.3685e-001 -2.3269e+000 3.1391e+000 1.2941e+000 -2.9867e+000 
3.5400e+000 1.6242e+000 4.9927e-001 -2.5945e+000 -2.8898e+000 1.7941e+000 -3.0244e+000 
3.5200e+000 2.1152e+000 7.9387e-001 -2.7647e+000 -2.4895e+000 2.3977e+000 3.0724e+000 
3.5000e+000 -2.9760e+000 1.4027e+000 -2.9362e+000 -1.5739e+000 -2.7604e+000 -2.9440e+000 
3.4800e+000 -2.0694e+000 4.2945e-001 -3.0113e+000 -2.9168e+000 -2.0886e+000 -2.7511e+000 
3.4600e+000 -2.6520e+000 3.9664e-001 -3.0970e+000 -2.8710e+000 -2.4084e+000 -2.8362e+000 
3.4400e+000 2.4059e+000 5.5166e-001 3.0787e+000 -2.8847e+000 -2.8976e+000 -2.9466e+000 
3.4200e+000 2.3862e+000 5.0893e-001 2.9974e+000 -3.1067e+000 -3.1203e+000 -3.0489e+000 
3.4000e+000 2.4262e+000 1.3055e-001 2.9744e+000 2.7527e+000 3.0486e+000 3.1157e+000 
3.3800e+000 2.4694e+000 -7.4479e-001 3.0291e+000 2.2236e+000 2.9694e+000 2.9726e+000 
3.3600e+000 2.5260e+000 -1.2360e+000 -3.1068e+000 2.1616e+000 2.9191e+000 2.8123e+000 
3.3400e+000 2.6083e+000 -1.2225e+000 -2.8280e+000 2.3129e+000 2.9061e+000 2.6641e+000 
3.3200e+000 2.7208e+000 -9.1040e-001 -2.2652e+000 2.8220e+000 2.9333e+000 2.7496e+000 
3.3000e+000 2.8666e+000 6.9755e-002 -1.2712e+000 -2.5313e+000 2.9997e+000 -2.9994e+000 
3.2800e+000 3.0566e+000 1.8800e+000 -3.3389e-001 -1.3430e+000 3.1118e+000 -3.8337e-001 
3.2600e+000 -2.9628e+000 2.8383e+000 1.9047e-001 -4.5546e-001 -2.9776e+000 3.8333e-001 
3.2400e+000 -2.5819e+000 -3.1356e+000 4.5422e-001 -2.0727e-001 -2.6312e+000 3.7720e-001 
3.2200e+000 -2.0881e+000 -2.9804e+000 5.5884e-001 -5.3513e-002 -2.0760e+000 2.1932e-001 
3.2000e+000 -1.5774e+000 -2.9048e+000 5.6244e-001 -1.1192e-002 -1.4297e+000 3.1608e-002 
3.1800e+000 -1.1202e+000 -2.8451e+000 5.0562e-001 -5.8981e-002 -8.8869e-001 -9.7544e-002 
3.1600e+000 -7.3118e-001 -2.8420e+000 4.1163e-001 -1.2305e-001 -4.7487e-001 -1.7570e-001 
3.1400e+000 -4.4581e-001 -2.7468e+000 3.1910e-001 4.1104e-002 -1.8398e-001 -2.2343e-001 
3.1200e+000 -2.4118e-001 -2.5081e+000 2.1975e-001 3.7615e-001 1.0465e-002 -2.4464e-001 
3.1000e+000 9.6334e-002 -2.0016e+000 5.5184e-002 1.0795e+000 2.9810e-001 -5.4716e-002 
3.0800e+000 8.0631e-001 -5.1814e-001 -2.3822e-001 3.0463e+000 8.6759e-001 3.9698e-001 
3.0600e+000 5.8479e-001 2.0890e+000 -2.8843e-001 -2.0906e+000 5.0990e-001 6.8500e-001 
3.0400e+000 -2.0053e-001 2.3120e+000 -3.0114e-001 -1.8493e+000 2.4213e-003 7.0020e-001 
3.0200e+000 -3.6552e-001 2.2071e+000 -2.5967e-001 -1.7521e+000 -1.3669e-001 6.4167e-001 
3.0000e+000 -3.8823e-001 1.9462e+000 -1.8356e-001 -1.8487e+000 -1.7798e-001 5.9049e-001 
2.9800e+000 -3.8270e-001 1.6119e+000 -8.0497e-002 -2.0106e+000 -1.9375e-001 6.2865e-001 
2.9600e+000 -3.8389e-001 1.3971e+000 4.4281e-002 -2.1926e+000 -2.1188e-001 8.2895e-001 
2.9400e+000 -4.2031e-001 1.3351e+000 1.8737e-001 -2.2701e+000 -2.5756e-001 1.4148e+000 
2.9200e+000 -5.1328e-001 1.4216e+000 3.7212e-001 -2.2274e+000 -3.5315e-001 2.1878e+000 
2.9000e+000 -6.1787e-001 1.6405e+000 6.4498e-001 -2.0229e+000 -4.7119e-001 2.7059e+000 
2.8800e+000 -6.3618e-001 2.1359e+000 1.1489e+000 1.2147e+000 -5.2698e-001 1.8186e+000 
2.8600e+000 -5.4831e-001 -2.5719e+000 2.2649e+000 2.2697e+000 -5.0399e-001 1.8125e+000 
2.8400e+000 -3.3151e-001 -8.1393e-001 3.1144e+000 2.9479e+000 -4.1398e-001 2.5091e+000 
2.8200e+000 4.8828e-001 -3.8196e-001 -2.8369e+000 3.1092e+000 3.4752e-001 2.7241e+000 
2.8000e+000 1.8493e+000 -2.5210e-001 -2.6546e+000 -3.1397e+000 2.3004e+000 2.7822e+000 
2.7800e+000 2.1772e+000 -1.9475e-001 -2.5131e+000 -3.1249e+000 2.4439e+000 2.7483e+000 
2.7600e+000 2.3154e+000 -1.7130e-001 -2.3707e+000 -3.1203e+000 2.5039e+000 2.6531e+000 
2.7400e+000 2.4422e+000 -1.5804e-001 -2.2164e+000 -3.1043e+000 2.5817e+000 2.5260e+000 
2.7200e+000 2.6470e+000 -8.9653e-002 -2.0350e+000 -3.0772e+000 2.7495e+000 2.4678e+000 
2.7000e+000 3.0132e+000 1.3341e-001 -1.7249e+000 -2.9605e+000 3.0876e+000 2.7114e+000 
2.6800e+000 -2.9275e+000 4.3501e-001 -1.0154e+000 -2.7928e+000 -2.8655e+000 3.1250e+000 
2.6600e+000 -2.9157e+000 6.4865e-001 -1.6500e-001 -2.6946e+000 -2.8418e+000 -2.9358e+000 
2.6400e+000 -3.0062e+000 1.2103e+000 2.8280e-001 -2.5604e+000 -2.9232e+000 -3.0290e+000 
2.6200e+000 -2.7325e+000 2.8679e+000 5.7824e-001 -2.1748e+000 -2.6715e+000 3.0571e+000 
2.6000e+000 -2.0840e+000 -2.0298e+000 8.4819e-001 2.1844e+000 -2.0754e+000 -2.6057e+000 
2.5800e+000 -2.3277e+000 -1.5153e+000 9.0448e-001 2.3810e+000 -2.3756e+000 -2.2605e+000 
2.5600e+000 -3.0564e+000 -1.3698e+000 9.5544e-001 2.3134e+000 -3.0427e+000 -2.1255e+000 
2.5400e+000 2.8961e+000 -1.3626e+000 1.0234e+000 2.1039e+000 2.9287e+000 -2.0576e+000 
2.5200e+000 2.7730e+000 -1.4277e+000 1.1131e+000 1.8802e+000 2.7943e+000 -2.0184e+000 
2.5000e+000 2.7226e+000 -1.5282e+000 1.2305e+000 1.7971e+000 2.7252e+000 -1.9759e+000 
2.4800e+000 2.7061e+000 -1.5700e+000 1.3363e+000 1.9395e+000 2.6854e+000 -1.8821e+000 
2.4600e+000 2.7113e+000 -1.4947e+000 1.2236e+000 2.2299e+000 2.6597e+000 -1.7431e+000 
2.4400e+000 2.7348e+000 -1.4188e+000 1.0073e+000 2.4260e+000 2.6402e+000 -1.6628e+000 
2.4200e+000 2.7813e+000 -1.4174e+000 9.8043e-001 2.4207e+000 2.6186e+000 -1.6521e+000 
2.4000e+000 2.8751e+000 -1.5559e+000 1.0562e+000 2.2069e+000 2.5739e+000 -1.6634e+000 
2.3800e+000 -3.1104e+000 -1.6071e+000 1.2082e+000 1.9052e+000 2.3591e+000 -1.6698e+000 
2.3600e+000 -1.2092e+000 1.8012e+000 1.5570e+000 1.8878e+000 7.8026e-002 -1.5980e+000 
2.3400e+000 -5.9961e-001 2.7419e+000 2.6205e+000 2.7246e+000 -2.2200e-001 -1.0046e+000 
2.3200e+000 -4.1790e-001 -2.8241e+000 -2.8345e+000 -2.8320e+000 -2.2469e-001 -6.3409e-001 
2.3000e+000 -2.7335e-001 -2.6830e+000 -2.5886e+000 -2.6073e+000 -1.5886e-001 -5.8997e-001 
2.2800e+000 -1.1033e-001 -2.6487e+000 -2.3395e+000 -2.4458e+000 -4.7660e-002 -4.9861e-001 
2.2600e+000 8.8959e-002 -2.6078e+000 -1.8804e+000 9.0365e-001 1.1109e-001 -3.4785e-001 
2.2400e+000 3.2251e-001 -2.5515e+000 -1.5138e+000 1.1863e+000 3.0895e-001 -1.5306e-001 
2.2200e+000 5.5863e-001 -2.5465e+000 -1.2964e+000 1.5356e+000 5.1062e-001 6.0809e-002 
2.2000e+000 7.4112e-001 -2.7398e+000 -1.1565e+000 1.9163e+000 6.5798e-001 2.5529e-001 
2.1800e+000 8.1157e-001 3.0898e+000 -1.0750e+000 2.3006e+000 6.9523e-001 4.0494e-001 
2.1600e+000 7.0287e-001 2.7039e+000 -1.0386e+000 2.6552e+000 5.7658e-001 5.0822e-001 
2.1400e+000 3.3473e-001 2.5186e+000 -1.0299e+000 2.9264e+000 2.8357e-001 5.8946e-001 
2.1200e+000 -1.6134e-001 2.4261e+000 -1.0325e+000 3.0908e+000 -8.4150e-002 7.5637e-001 
2.1000e+000 -4.7884e-001 2.3651e+000 -1.0311e+000 3.1394e+000 -3.6340e-001 9.2621e-001 
2.0800e+000 -5.9797e-001 2.1077e+000 -9.9851e-001 3.0911e+000 -4.9990e-001 8.1765e-001 
2.0600e+000 -4.7954e-001 -2.8032e-001 -8.3992e-001 3.0912e+000 -4.0906e-001 3.4776e-001 
2.0400e+000 3.5524e-001 6.1538e-001 -2.7525e-001 -2.4544e+000 3.9690e-001 6.4658e-001 
2.0200e+000 8.4688e-001 1.3754e+000 -8.1727e-001 -1.8051e+000 8.4345e-001 1.2600e+000 
2.0000e+000 5.0243e-001 1.5759e+000 -1.0123e+000 -1.6259e+000 3.9169e-001 1.4615e+000 
1.9800e+000 -9.3372e-002 1.6726e+000 -9.9533e-001 -1.5036e+000 -2.8585e-001 1.5957e+000 
1.9600e+000 -5.4932e-001 1.7504e+000 -9.4859e-001 -1.3830e+000 -7.2177e-001 1.7201e+000 
1.9400e+000 -8.7059e-001 1.8160e+000 -9.1630e-001 -1.2724e+000 -9.9833e-001 1.8442e+000 
1.9200e+000 -1.1384e+000 1.8609e+000 -9.2585e-001 -1.1852e+000 -1.2112e+000 1.9740e+000 
1.9000e+000 -1.3822e+000 1.8740e+000 -9.9864e-001 -1.1348e+000 -1.3931e+000 2.1240e+000 
1.8800e+000 -1.5989e+000 1.8454e+000 -1.1475e+000 -1.1312e+000 -1.5516e+000 2.3122e+000 
1.8600e+000 -1.7766e+000 1.7651e+000 -1.3642e+000 -1.1857e+000 -1.6856e+000 2.5524e+000 
1.8400e+000 -1.9095e+000 1.6426e+000 -1.6075e+000 -1.3066e+000 -1.7932e+000 2.8362e+000 
1.8200e+000 -2.0001e+000 1.5433e+000 -1.8252e+000 -1.4771e+000 -1.8743e+000 3.1298e+000 
1.8000e+000 -2.0557e+000 1.5298e+000 -1.9907e+000 -1.6490e+000 -1.9309e+000 -2.8804e+000 
1.7800e+000 -2.0849e+000 1.5605e+000 -2.1018e+000 -1.8029e+000 -1.9669e+000 -2.6364e+000 
1.7600e+000 -2.0963e+000 1.6057e+000 -2.1580e+000 -1.9329e+000 -1.9867e+000 -2.3980e+000 
1.7400e+000 -2.0977e+000 1.7738e+000 -2.1367e+000 -1.9986e+000 -1.9950e+000 -2.0541e+000 
1.7200e+000 -2.0965e+000 -2.1398e+000 -1.9190e+000 -1.8699e+000 -1.9921e+000 1.1082e+000 
1.7000e+000 -2.1047e+000 -7.1498e-001 -9.7708e-001 -1.0174e+000 -1.9601e+000 2.3081e+000 
1.6800e+000 -2.1284e+000 1.7951e-001 -1.0157e-001 -2.3242e-001 -1.9861e+000 -2.9886e+000 
1.6600e+000 -2.1685e+000 3.9333e-001 1.4065e-001 -8.0484e-002 -2.0112e+000 -2.6893e+000 
1.6400e+000 -2.2365e+000 4.5155e-001 2.4655e-001 -6.3821e-002 -2.0384e+000 -2.5712e+000 
1.6200e+000 -2.3373e+000 4.6911e-001 3.2817e-001 -7.3065e-002 -2.0738e+000 -2.5227e+000 
1.6000e+000 -2.4710e+000 4.7560e-001 4.2246e-001 -8.1030e-002 -2.1186e+000 -2.5135e+000 
1.5800e+000 -2.6297e+000 4.8214e-001 5.6084e-001 -8.1039e-002 -2.1716e+000 -2.5314e+000 
1.5600e+000 -2.7973e+000 4.9833e-001 8.1073e-001 -7.3043e-002 -2.2304e+000 -2.5684e+000 
1.5400e+000 -2.9555e+000 5.3687e-001 1.3888e+000 -5.9183e-002 -2.2919e+000 -2.6139e+000 
1.5200e+000 -3.0919e+000 6.3127e-001 2.3882e+000 -4.2382e-002 -2.3521e+000 -2.6529e+000 
1.5000e+000 3.0812e+000 8.9981e-001 2.9581e+000 -2.5423e-002 -2.4071e+000 -2.6708e+000 
1.4800e+000 2.9965e+000 1.7258e+000 -3.0598e+000 -1.0908e-002 -2.4531e+000 -2.6667e+000 
1.4600e+000 2.9342e+000 2.5540e+000 -2.8936e+000 -8.8164e-004 -2.4858e+000 -2.6655e+000 
1.4400e+000 2.8921e+000 2.8246e+000 -2.7663e+000 3.1789e-003 -2.5002e+000 -2.7121e+000 
1.4200e+000 2.8700e+000 2.9281e+000 -2.6576e+000 3.8635e-004 -2.4888e+000 -2.8450e+000 
1.4000e+000 2.8707e+000 2.9898e+000 -2.5590e+000 -7.5630e-003 -2.4393e+000 -3.0471e+000 
1.3800e+000 2.9024e+000 3.0548e+000 -2.4668e+000 -1.6214e-002 -2.3276e+000 3.0590e+000 
1.3600e+000 2.9833e+000 -3.1269e+000 -2.3800e+000 -1.2912e-002 -2.1019e+000 2.9979e+000 
1.3400e+000 -3.1324e+000 -2.9444e+000 -2.3048e+000 3.0114e-002 -1.6412e+000 3.0965e+000 
1.3200e+000 -2.8226e+000 -2.6208e+000 -2.2687e+000 1.5307e-001 -7.3425e-001 -2.8914e+000 
1.3000e+000 -2.3889e+000 -2.1700e+000 -2.2882e+000 3.1128e-001 4.0436e-001 -2.4332e+000 
1.2800e+000 -2.0240e+000 -1.7804e+000 -2.2704e+000 2.6950e-001 1.1734e+000 -2.0126e+000 
1.2600e+000 -1.8302e+000 -1.5474e+000 -2.2058e+000 -8.8371e-002 1.5831e+000 -1.7331e+000 
1.2400e+000 -1.7684e+000 -1.4218e+000 -2.1331e+000 -5.5730e-001 1.7942e+000 -1.5502e+000 
1.2200e+000 -1.8051e+000 -1.3512e+000 -2.0628e+000 -9.1125e-001 1.9008e+000 -1.4151e+000 
1.2000e+000 -1.9501e+000 -1.3056e+000 -1.9952e+000 -1.1362e+000 1.9483e+000 -1.2995e+000 
1.1800e+000 -2.2876e+000 -1.2684e+000 -1.9291e+000 -1.2768e+000 1.9593e+000 -1.1869e+000 
1.1600e+000 -2.9679e+000 -1.2298e+000 -1.8629e+000 -1.3636e+000 1.9460e+000 -1.0667e+000 
1.1400e+000 2.6112e+000 -1.1838e+000 -1.7952e+000 -1.4134e+000 1.9159e+000 -9.3107e-001 
1.1200e+000 2.2297e+000 -1.1264e+000 -1.7246e+000 -1.4355e+000 1.8741e+000 -7.7539e-001 
1.1000e+000 2.0200e+000 -1.0545e+000 -1.6496e+000 -1.4354e+000 1.8244e+000 -6.0023e-001 
1.0800e+000 1.8821e+000 -9.6592e-001 -1.5689e+000 -1.4159e+000 1.7700e+000 -4.1322e-001 
1.0600e+000 1.7789e+000 -8.5873e-001 -1.4810e+000 -1.3787e+000 1.7136e+000 -2.2788e-001 
1.0400e+000 1.6959e+000 -7.3172e-001 -1.3847e+000 -1.3243e+000 1.6575e+000 -5.7349e-002 
1.0200e+000 1.6268e+000 -5.8435e-001 -1.2792e+000 -1.2536e+000 1.6036e+000 9.1053e-002 
1.0000e+000 1.5687e+000 -4.1732e-001 -1.1643e+000 -1.1674e+000 1.5537e+000 2.1800e-001 
9.8000e-001 1.5198e+000 -2.3288e-001 -1.0413e+000 -1.0679e+000 1.5091e+000 3.2808e-001 
9.6000e-001 1.4795e+000 -3.5387e-002 -9.1305e-001 -9.5833e-001 1.4708e+000 4.2704e-001 
9.4000e-001 1.4469e+000 1.6922e-001 -7.8351e-001 -8.4341e-001 1.4397e+000 5.1899e-001 
9.2000e-001 1.4216e+000 3.7379e-001 -6.5757e-001 -7.2840e-001 1.4159e+000 6.0584e-001 
9.0000e-001 1.4028e+000 5.7155e-001 -5.3977e-001 -6.1827e-001 1.3989e+000 6.8780e-001 
8.8000e-001 1.3900e+000 7.5684e-001 -4.3352e-001 -5.1680e-001 1.3881e+000 7.6413e-001 
8.6000e-001 1.3823e+000 9.2596e-001 -3.4067e-001 -4.2621e-001 1.3825e+000 8.3435e-001 
8.4000e-001 1.3791e+000 1.0770e+000 -2.6164e-001 -3.4727e-001 1.3813e+000 8.9832e-001 
8.2000e-001 1.3797e+000 1.2095e+000 -1.9586e-001 -2.7975e-001 1.3835e+000 9.5629e-001 
8.0000e-001 1.3836e+000 1.3241e+000 -1.4216e-001 -2.2278e-001 1.3885e+000 1.0087e+000 
7.8000e-001 1.3902e+000 1.4219e+000 -9.9085e-002 -1.7525e-001 1.3958e+000 1.0564e+000 
7.6000e-001 1.3988e+000 1.5046e+000 -6.5180e-002 -1.3597e-001 1.4047e+000 1.0998e+000 
7.4000e-001 1.4091e+000 1.5737e+000 -3.9040e-002 -1.0382e-001 1.4148e+000 1.1395e+000 
7.2000e-001 1.4205e+000 1.6310e+000 -1.9394e-002 -7.7775e-002 1.4257e+000 1.1760e+000 
7.0000e-001 1.4326e+000 1.6782e+000 -5.1060e-003 -5.6923e-002 1.4370e+000 1.2095e+000 
6.8000e-001 1.4451e+000 1.7167e+000 4.8089e-003 -4.0483e-002 1.4485e+000 1.2405e+000 
6.6000e-001 1.4576e+000 1.7479e+000 1.1209e-002 -2.7736e-002 1.4597e+000 1.2692e+000 
6.4000e-001 1.4698e+000 1.7732e+000 1.4832e-002 -1.8106e-002 1.4706e+000 1.2958e+000 
6.2000e-001 1.4816e+000 1.7936e+000 1.6304e-002 -1.1060e-002 1.4809e+000 1.3203e+000 
6.0000e-001 1.4927e+000 1.8100e+000 1.6157e-002 -6.1329e-003 1.4905e+000 1.3431e+000 
5.8000e-001 1.5030e+000 1.8233e+000 1.4834e-002 -2.9407e-003 1.4993e+000 1.3641e+000 
5.6000e-001 1.5125e+000 1.8343e+000 1.2705e-002 -1.1409e-003 1.5073e+000 1.3835e+000 
5.4000e-001 1.5210e+000 1.8433e+000 1.0070e-002 -4.3480e-004 1.5144e+000 1.4015e+000 
5.2000e-001 1.5286e+000 1.8510e+000 7.1699e-003 -5.7084e-004 1.5206e+000 1.4180e+000 
5.0000e-001 1.5353e+000 1.8576e+000 4.1947e-003 -1.3410e-003 1.5260e+000 1.4334e+000 
4.8000e-001 1.5411e+000 1.8634e+000 1.2917e-003 -2.5653e-003 1.5306e+000 1.4475e+000 
4.6000e-001 1.5461e+000 1.8688e+000 -1.4299e-003 -4.0946e-003 1.5344e+000 1.4606e+000 
4.4000e-001 1.5503e+000 1.8737e+000 -3.8919e-003 -5.8094e-003 1.5377e+000 1.4727e+000 
4.2000e-001 1.5538e+000 1.8784e+000 -6.0409e-003 -7.6151e-003 1.5403e+000 1.4838e+000 
4.0000e-001 1.5567e+000 1.8829e+000 -7.8464e-003 -9.4338e-003 1.5424e+000 1.4941e+000 
3.8000e-001 1.5590e+000 1.8873e+000 -9.2943e-003 -1.1212e-002 1.5440e+000 1.5037e+000 
3.6000e-001 1.5608e+000 1.8915e+000 -1.0385e-002 -1.2899e-002 1.5453e+000 1.5125e+000 
3.4000e-001 1.5623e+000 1.8956e+000 -1.1129e-002 -1.4475e-002 1.5463e+000 1.5207e+000 
3.2000e-001 1.5634e+000 1.8996e+000 -1.1547e-002 -1.5913e-002 1.5469e+000 1.5282e+000 
3.0000e-001 1.5642e+000 1.9034e+000 -1.1665e-002 -1.7208e-002 1.5474e+000 1.5352e+000 
2.8000e-001 1.5649e+000 1.9071e+000 -1.1517e-002 -1.8351e-002 1.5477e+000 1.5416e+000 
2.6000e-001 1.5653e+000 1.9106e+000 -1.1138e-002 -1.9347e-002 1.5479e+000 1.5476e+000 
2.4000e-001 1.5656e+000 1.9139e+000 -1.0566e-002 -2.0199e-002 1.5480e+000 1.5530e+000 
2.2000e-001 1.5658e+000 1.9170e+000 -9.8418e-003 -2.0924e-002 1.5480e+000 1.5580e+000 
2.0000e-001 1.5659e+000 1.9199e+000 -9.0066e-003 -2.1523e-002 1.5480e+000 1.5625e+000 
1.8000e-001 1.5660e+000 1.9226e+000 -8.1008e-003 -2.2012e-002 1.5480e+000 1.5665e+000 
1.6000e-001 1.5660e+000 1.9250e+000 -7.1636e-003 -2.2404e-002 1.5479e+000 1.5701e+000 
1.4000e-001 1.5661e+000 1.9271e+000 -6.2333e-003 -2.2717e-002 1.5478e+000 1.5733e+000 
1.2000e-001 1.5661e+000 1.9290e+000 -5.3454e-003 -2.2954e-002 1.5477e+000 1.5761e+000 
1.0000e-001 1.5661e+000 1.9306e+000 -4.5323e-003 -2.3135e-002 1.5477e+000 1.5784e+000 
8.0000e-002 1.5661e+000 1.9319e+000 -3.8231e-003 -2.3267e-002 1.5476e+000 1.5803e+000 
6.0000e-002 1.5661e+000 1.9329e+000 -3.2425e-003 -2.3359e-002 1.5476e+000 1.5818e+000 
4.0000e-002 1.5661e+000 1.9337e+000 -2.8109e-003 -2.3421e-002 1.5475e+000 1.5829e+000 
2.0000e-002 1.5661e+000 1.9341e+000 -2.5438e-003 -2.3454e-002 1.5475e+000 1.5835e+000 
