7.9600e+000 6.5517e-001 1.1648e+000 -2.5817e+000 1.5844e+000 -2.4859e+000 2.0831e-001 
7.9400e+000 2.5288e-001 1.4754e-001 -2.6563e+000 2.7361e-001 -2.8890e+000 2.3897e-001 
7.9200e+000 -1.5344e-001 -5.4564e-001 9.0650e-001 -6.1240e-001 2.9871e+000 1.5665e-001 
7.9000e+000 -5.5557e-001 -9.3344e-001 6.8331e-001 -1.1163e+000 2.5847e+000 -3.8064e-002 
7.8800e+000 -9.5538e-001 -1.0865e+000 5.9815e-001 -1.1349e+000 2.1853e+000 2.9482e-001 
7.8600e+000 -1.3575e+000 -1.2940e+000 5.0636e-001 -1.4727e+000 1.7838e+000 -1.5759e+000 
7.8400e+000 -1.7601e+000 -1.5241e+000 3.7985e-001 -1.5958e+000 1.3818e+000 -2.3116e+000 
7.8200e+000 -2.1609e+000 -1.7806e+000 1.6218e-001 -1.6277e+000 9.8145e-001 -2.8373e+000 
7.8000e+000 -2.5573e+000 -2.1522e+000 -3.2998e-001 -1.8144e+000 5.8470e-001 -2.7987e+000 
7.7800e+000 -2.9526e+000 -2.6697e+000 -1.2584e+000 -2.5272e+000 1.8847e-001 -2.8652e+000 
7.7600e+000 2.9346e+000 2.8090e+000 -1.9874e+000 2.7727e+000 -2.0816e-001 -2.9949e+000 
7.7400e+000 2.5398e+000 2.2801e+000 -2.2581e+000 2.0452e+000 -6.0315e-001 -3.1330e+000 
7.7200e+000 2.1450e+000 1.9774e+000 -2.4671e+000 1.7537e+000 -9.9785e-001 3.0590e+000 
7.7000e+000 1.7518e+000 1.7722e+000 -2.6597e+000 1.6700e+000 -1.3905e+000 2.5468e+000 
7.6800e+000 1.3620e+000 1.5848e+000 -2.8976e+000 1.5087e+000 -1.7795e+000 1.1399e+000 
7.6600e+000 9.6582e-001 1.3100e+000 2.9481e+000 1.4211e+000 -2.1753e+000 6.5686e-001 
7.6400e+000 5.7386e-001 1.0680e+000 2.5852e+000 1.2690e+000 -2.5675e+000 4.8433e-001 
7.6200e+000 1.8886e-001 4.2014e-001 2.5991e+000 8.8124e-001 -2.9530e+000 2.0669e-001 
7.6000e+000 -1.9194e-001 4.6539e-002 -2.8478e+000 3.9027e-001 2.9482e+000 4.2905e-002 
7.5800e+000 -5.8653e-001 -6.7795e-001 1.6951e+000 -6.6113e-001 2.5534e+000 -9.7339e-002 
7.5600e+000 -9.7400e-001 -1.1547e+000 1.0193e+000 -1.3817e+000 2.1661e+000 -1.3043e-001 
7.5400e+000 -1.3602e+000 -1.4819e+000 8.1445e-001 -1.5717e+000 1.7805e+000 -4.2841e-001 
7.5200e+000 -1.7316e+000 -1.6538e+000 5.4676e-001 -1.7218e+000 1.4096e+000 -8.0769e-001 
7.5000e+000 -2.1286e+000 -1.8811e+000 -6.3431e-001 -1.7593e+000 1.0131e+000 -2.0319e+000 
7.4800e+000 -2.5147e+000 -2.1318e+000 -1.2596e+000 -1.8371e+000 6.2720e-001 -2.5944e+000 
7.4600e+000 -2.8937e+000 -2.3384e+000 -1.4604e+000 -2.1384e+000 2.4780e-001 -2.8165e+000 
7.4400e+000 3.0330e+000 -2.7514e+000 -1.7623e+000 -2.4892e+000 -1.0972e-001 -2.9353e+000 
7.4200e+000 2.6358e+000 2.7756e+000 -2.2724e+000 2.9270e+000 -5.0760e-001 3.1170e+000 
7.4000e+000 2.2491e+000 2.0370e+000 -2.4835e+000 1.6872e+000 -8.9443e-001 2.9860e+000 
7.3800e+000 1.8697e+000 1.6405e+000 -2.6478e+000 1.5394e+000 -1.2732e+000 2.8172e+000 
7.3600e+000 1.5232e+000 1.4633e+000 -2.7930e+000 1.3514e+000 -1.6195e+000 2.5358e+000 
7.3400e+000 1.1257e+000 1.2969e+000 2.2878e+000 1.2008e+000 -2.0163e+000 2.0232e+000 
7.3200e+000 7.4180e-001 1.0979e+000 1.8813e+000 1.1710e+000 -2.3995e+000 1.0561e+000 
7.3000e+000 3.7123e-001 9.8712e-001 1.6689e+000 1.0839e+000 -2.7700e+000 4.4721e-001 
7.2800e+000 3.4108e-002 7.2695e-001 1.6474e+000 1.1332e+000 -3.1080e+000 2.9007e-001 
7.2600e+000 -3.5206e-001 4.1832e-001 8.2644e-001 8.2873e-001 2.7876e+000 9.0288e-002 
7.2400e+000 -7.3520e-001 -7.6607e-001 6.6850e-001 -1.9447e+000 2.4040e+000 -8.5341e-002 
7.2200e+000 -1.1093e+000 -1.5055e+000 4.4198e-001 -1.7588e+000 2.0300e+000 -2.0032e-001 
7.2000e+000 -1.4567e+000 -1.7134e+000 4.4723e-001 -1.9668e+000 1.6832e+000 -4.4638e-001 
7.1800e+000 -1.8215e+000 -1.9049e+000 -8.3254e-001 -1.9839e+000 1.3179e+000 -5.1497e-001 
7.1600e+000 -2.2053e+000 -1.9546e+000 -1.2164e+000 -1.9174e+000 9.3530e-001 -1.0699e+000 
7.1400e+000 -2.5787e+000 -2.0729e+000 -1.4395e+000 -1.9548e+000 5.6246e-001 -2.3753e+000 
7.1200e+000 -2.9350e+000 -2.1474e+000 -1.3223e+000 -1.9138e+000 2.0721e-001 -2.5714e+000 
7.1000e+000 3.0141e+000 -2.2426e+000 -2.1272e+000 -1.9155e+000 -1.2946e-001 -2.8903e+000 
7.0800e+000 2.6332e+000 -2.4430e+000 -2.3584e+000 -1.5086e+000 -5.1154e-001 -3.1035e+000 
7.0600e+000 2.2508e+000 1.7999e+000 -2.5827e+000 3.4368e-001 -8.9499e-001 2.9558e+000 
7.0400e+000 1.8855e+000 1.3899e+000 -2.6301e+000 8.6544e-001 -1.2585e+000 2.8070e+000 
7.0200e+000 1.5724e+000 1.2068e+000 2.7603e+000 1.0282e+000 -1.5734e+000 2.8334e+000 
7.0000e+000 1.2070e+000 1.1271e+000 2.2129e+000 1.0510e+000 -1.9384e+000 2.5314e+000 
6.9800e+000 8.3119e-001 1.0540e+000 1.9541e+000 1.1278e+000 -2.3123e+000 2.3534e+000 
6.9600e+000 4.6674e-001 1.1284e+000 1.8422e+000 1.0951e+000 -2.6721e+000 1.1644e+000 
6.9400e+000 1.6574e-001 1.1544e+000 1.4248e+000 1.2532e+000 -2.9734e+000 6.2006e-001 
6.9200e+000 -1.7140e-001 1.2046e+000 1.0552e+000 1.5359e+000 2.9703e+000 8.0680e-002 
6.9000e+000 -5.3411e-001 1.3744e+000 8.2587e-001 2.0496e+000 2.6045e+000 5.9764e-002 
6.8800e+000 -9.2399e-001 2.3222e+000 6.5436e-001 2.7550e+000 2.2167e+000 -1.7201e-001 
6.8600e+000 -1.2296e+000 -2.5370e+000 2.3410e-001 -2.7747e+000 1.9114e+000 -1.8960e-001 
6.8400e+000 -1.5372e+000 -2.2498e+000 -4.2809e-001 -2.5630e+000 1.5995e+000 -2.6668e-001 
6.8200e+000 -1.8972e+000 -2.1581e+000 -8.5744e-001 -2.3916e+000 1.2316e+000 -3.5552e-001 
6.8000e+000 -2.2759e+000 -2.0962e+000 -1.0881e+000 -2.2273e+000 8.7108e-001 -5.1018e-001 
6.7800e+000 -2.4121e+000 -1.9729e+000 -1.3449e+000 -2.0654e+000 8.4703e-001 -8.7940e-001 
6.7600e+000 -1.6421e+000 -1.8471e+000 -1.6652e+000 -1.7976e+000 2.1206e+000 -2.1885e+000 
6.7400e+000 -5.6099e-001 -1.6897e+000 -1.9563e+000 -1.5606e+000 2.6521e+000 -2.8830e+000 
6.7200e+000 -6.9308e-001 -1.3653e+000 -2.2174e+000 -1.1891e+000 2.4628e+000 3.1326e+000 
6.7000e+000 -1.1010e+000 -1.0624e+000 -2.4883e+000 -7.1155e-001 2.0505e+000 3.0295e+000 
6.6800e+000 -1.4394e+000 -3.6878e-001 -2.9363e+000 -2.0323e-001 1.7113e+000 3.0011e+000 
6.6600e+000 -1.7448e+000 1.8696e-001 2.7790e+000 1.7815e-001 1.4051e+000 2.9737e+000 
6.6400e+000 -2.0157e+000 6.2768e-001 2.3267e+000 4.9498e-001 1.1314e+000 2.8531e+000 
6.6200e+000 -2.3906e+000 9.3247e-001 2.0551e+000 7.2760e-001 7.5118e-001 2.8967e+000 
6.6000e+000 -2.7535e+000 1.2566e+000 1.7865e+000 1.1772e+000 3.8409e-001 2.8667e+000 
6.5800e+000 -3.1130e+000 1.4967e+000 1.5519e+000 1.4055e+000 2.0730e-002 2.6027e+000 
6.5600e+000 2.8822e+000 1.6983e+000 1.2728e+000 1.6655e+000 -2.6584e-001 8.6652e-001 
6.5400e+000 2.5905e+000 1.8594e+000 9.8317e-001 2.0123e+000 -5.5549e-001 1.3952e-001 
6.5200e+000 2.2595e+000 2.0452e+000 6.2544e-001 2.1696e+000 -8.8476e-001 6.3488e-002 
6.5000e+000 1.8809e+000 2.1765e+000 2.0327e-001 2.3830e+000 -1.2655e+000 -2.6776e-002 
6.4800e+000 1.5411e+000 2.3195e+000 -2.6262e-001 2.5141e+000 -1.6048e+000 -5.1739e-002 
6.4600e+000 1.2688e+000 2.6590e+000 -7.2235e-001 2.8939e+000 -1.8749e+000 -8.9949e-002 
6.4400e+000 9.7468e-001 -2.9855e+000 -1.0882e+000 -2.9133e+000 -2.1672e+000 -1.3405e-001 
6.4200e+000 5.9306e-001 -1.8574e+000 -1.2792e+000 -2.1703e+000 -2.5495e+000 -3.7197e-001 
6.4000e+000 2.6274e-001 -1.3144e+000 -1.4605e+000 -1.9062e+000 -2.8870e+000 -6.2908e-002 
6.3800e+000 -8.5743e-002 -1.1972e+000 -1.7112e+000 -1.5282e+000 3.0464e+000 -4.8196e-002 
6.3600e+000 -3.6574e-001 -1.1252e+000 -2.0238e+000 -1.3031e+000 2.7682e+000 -1.4041e+000 
6.3400e+000 -6.4408e-001 -1.1073e+000 -2.3695e+000 -1.1285e+000 2.4923e+000 -2.9976e+000 
6.3200e+000 -1.0043e+000 -1.1190e+000 -2.7027e+000 -1.0676e+000 2.1316e+000 -3.1042e+000 
6.3000e+000 -1.3955e+000 -1.1417e+000 3.1168e+000 -9.5301e-001 1.7387e+000 -3.1214e+000 
6.2800e+000 -1.7253e+000 -1.0971e+000 2.6485e+000 -8.2930e-001 1.4087e+000 -3.0641e+000 
6.2600e+000 -1.9829e+000 -1.2766e+000 2.3193e+000 -6.9268e-001 1.1541e+000 -3.0935e+000 
6.2400e+000 -2.2482e+000 -1.1419e+000 2.0686e+000 -5.2273e-001 8.9102e-001 -3.1413e+000 
6.2200e+000 -2.5995e+000 2.4489e+000 1.8234e+000 2.8455e-001 5.3837e-001 3.0806e+000 
6.2000e+000 -2.9974e+000 2.2039e+000 1.6187e+000 1.7810e+000 1.3605e-001 2.9842e+000 
6.1800e+000 2.9508e+000 2.1748e+000 1.4377e+000 1.8349e+000 -1.9987e-001 3.0110e+000 
6.1600e+000 2.7388e+000 2.1796e+000 1.1721e+000 2.0072e+000 -4.0825e-001 3.0433e+000 
6.1400e+000 2.5022e+000 2.1395e+000 7.7446e-001 1.8824e+000 -6.4170e-001 2.3574e+000 
6.1200e+000 2.1410e+000 2.0006e+000 3.7912e-001 2.0233e+000 -1.0037e+000 4.8332e-001 
6.1000e+000 1.7312e+000 1.9050e+000 -5.6976e-003 1.9823e+000 -1.4158e+000 2.1774e-001 
6.0800e+000 1.4281e+000 1.8260e+000 -3.7831e-001 1.9648e+000 -1.7173e+000 3.0013e-001 
6.0600e+000 1.2406e+000 1.6486e+000 -7.5126e-001 2.0496e+000 -1.9015e+000 3.3815e-001 
6.0400e+000 1.0089e+000 1.5494e+000 -1.0203e+000 2.0046e+000 -2.1310e+000 7.9096e-002 
6.0200e+000 6.3403e-001 6.7645e-001 -1.2267e+000 1.7251e+000 -2.5077e+000 2.5656e-002 
6.0000e+000 2.5909e-001 -3.4261e-001 -1.3610e+000 -8.1226e-001 -2.8852e+000 4.0253e-002 
5.9800e+000 -5.5715e-002 -6.0439e-001 -1.5279e+000 -8.8395e-001 3.0828e+000 -2.0182e-002 
5.9600e+000 -2.4332e-001 -6.6309e-001 -1.8469e+000 -9.1419e-001 2.8966e+000 2.1487e-002 
5.9400e+000 -4.7870e-001 -8.9408e-001 -2.2439e+000 -1.0566e+000 2.6620e+000 -2.2277e-001 
5.9200e+000 -8.4450e-001 -1.0691e+000 -2.7642e+000 -1.0837e+000 2.2957e+000 -6.2586e-001 
5.9000e+000 -1.1984e+000 -1.2078e+000 3.0506e+000 -1.1807e+000 1.9410e+000 -1.9659e+000 
5.8800e+000 -1.5350e+000 -1.3768e+000 2.6566e+000 -1.3049e+000 1.6050e+000 -2.6393e+000 
5.8600e+000 -1.7488e+000 -1.5262e+000 2.3817e+000 -1.3995e+000 1.3912e+000 -2.3765e+000 
5.8400e+000 -1.9815e+000 -1.6612e+000 2.1883e+000 -1.4841e+000 1.1589e+000 -2.6781e+000 
5.8200e+000 -2.3255e+000 -1.9702e+000 1.9625e+000 -1.5751e+000 8.1507e-001 -2.9735e+000 
5.8000e+000 -2.6575e+000 -2.5280e+000 1.8059e+000 -2.1396e+000 4.8203e-001 -2.9814e+000 
5.7800e+000 -2.9810e+000 -3.1374e+000 1.7236e+000 -3.1344e+000 1.5805e-001 -3.0201e+000 
5.7600e+000 3.0177e+000 2.7716e+000 1.5323e+000 2.5362e+000 -1.2744e-001 -3.1116e+000 
5.7400e+000 2.8113e+000 2.5525e+000 1.2202e+000 2.3283e+000 -3.3626e-001 3.0960e+000 
5.7200e+000 2.4984e+000 2.2372e+000 1.4728e-001 2.0654e+000 -6.4815e-001 2.9625e+000 
5.7000e+000 2.1881e+000 2.0535e+000 -5.4261e-001 1.9109e+000 -9.5824e-001 2.5460e+000 
5.6800e+000 1.8734e+000 1.8245e+000 -8.5320e-001 1.7582e+000 -1.2733e+000 2.0174e+000 
5.6600e+000 1.5436e+000 1.6722e+000 -1.1021e+000 1.6841e+000 -1.6014e+000 1.0129e+000 
5.6400e+000 1.3293e+000 1.5532e+000 -1.1390e+000 1.6043e+000 -1.8201e+000 1.0088e+000 
5.6200e+000 1.0429e+000 1.3732e+000 -1.2892e+000 1.6003e+000 -2.1048e+000 2.7125e-001 
5.6000e+000 7.4526e-001 1.1724e+000 -1.4009e+000 1.3830e+000 -2.4020e+000 3.0431e-001 
5.5800e+000 4.4042e-001 8.4245e-001 -1.5122e+000 1.2386e+000 -2.7086e+000 2.1707e-001 
5.5600e+000 1.3161e-001 3.3179e-001 -1.4531e+000 6.6787e-001 -3.0174e+000 8.5529e-002 
5.5400e+000 -1.5065e-001 -1.8143e-001 2.1933e+000 -3.1755e-001 2.9844e+000 8.2281e-002 
5.5200e+000 -3.9854e-001 -5.7314e-001 1.1838e+000 -7.5551e-001 2.7319e+000 -2.8363e-002 
5.5000e+000 -6.8509e-001 -8.7097e-001 1.2202e+000 -1.1417e+000 2.4455e+000 -1.9307e-002 
5.4800e+000 -9.7824e-001 -1.1221e+000 1.2096e+000 -1.3667e+000 2.1511e+000 -3.1333e-001 
5.4600e+000 -1.2770e+000 -1.3492e+000 1.2687e+000 -1.4866e+000 1.8516e+000 -5.9594e-001 
5.4400e+000 -1.5605e+000 -1.5271e+000 1.2636e+000 -1.5626e+000 1.5737e+000 -1.0040e+000 
5.4200e+000 -1.8348e+000 -1.6584e+000 1.1086e+000 -1.6328e+000 1.2957e+000 -1.7938e+000 
5.4000e+000 -2.1119e+000 -1.7832e+000 6.9092e-001 -1.7259e+000 1.0162e+000 -2.3118e+000 
5.3800e+000 -2.3948e+000 -1.9970e+000 -1.7635e-001 -1.7477e+000 7.3253e-001 -2.6635e+000 
5.3600e+000 -2.6808e+000 -2.1704e+000 -8.4418e-001 -1.8520e+000 4.4473e-001 -2.8522e+000 
5.3400e+000 -2.9558e+000 -2.4330e+000 -1.2376e+000 -2.1307e+000 1.7058e-001 -2.9693e+000 
5.3200e+000 3.0674e+000 -2.8374e+000 -1.6167e+000 -2.2566e+000 -8.2645e-002 -3.0643e+000 
5.3000e+000 2.7834e+000 2.8682e+000 -2.0172e+000 2.6584e+000 -3.7256e-001 -3.1388e+000 
5.2800e+000 2.4982e+000 2.3896e+000 -2.1593e+000 1.9927e+000 -6.6306e-001 3.0974e+000 
5.2600e+000 2.2257e+000 2.0775e+000 -2.2948e+000 1.7412e+000 -9.3672e-001 2.9084e+000 
5.2400e+000 1.9500e+000 1.8217e+000 -2.2829e+000 1.5608e+000 -1.2138e+000 2.8250e+000 
5.2200e+000 1.6772e+000 1.6547e+000 -2.1672e+000 1.4995e+000 -1.4859e+000 2.9104e+000 
5.2000e+000 1.4393e+000 1.4628e+000 -1.9411e+000 1.3467e+000 -1.7128e+000 2.4204e+000 
5.1800e+000 1.1488e+000 1.3547e+000 2.8265e+000 1.3790e+000 -2.0084e+000 1.9365e+000 
5.1600e+000 8.5682e-001 1.2351e+000 2.5229e+000 1.2962e+000 -2.3069e+000 9.1435e-001 
5.1400e+000 5.8174e-001 1.1009e+000 2.2566e+000 1.1883e+000 -2.5849e+000 6.5579e-001 
5.1200e+000 2.9219e-001 8.6979e-001 2.2664e+000 1.0459e+000 -2.8793e+000 3.2928e-001 
5.1000e+000 2.7101e-002 7.0100e-001 2.4323e+000 1.0279e+000 3.1406e+000 2.4156e-001 
5.0800e+000 -1.6889e-001 6.2052e-001 2.9498e+000 9.2761e-001 2.9590e+000 2.3458e-001 
5.0600e+000 -4.2932e-001 9.1238e-002 4.1039e-001 6.9492e-001 2.6975e+000 1.1460e-001 
5.0400e+000 -7.4286e-001 -6.9194e-001 6.4042e-001 -1.3662e+000 2.3711e+000 4.8248e-003 
5.0200e+000 -1.0504e+000 -1.0610e+000 1.0097e+000 -1.5730e+000 2.0531e+000 -8.7248e-002 
5.0000e+000 -1.3547e+000 -1.3093e+000 1.9522e+000 -1.6175e+000 1.7435e+000 -3.7772e-001 
4.9800e+000 -1.6040e+000 8.1141e-002 2.0001e+000 -4.1179e-002 1.4992e+000 1.1349e+000 
4.9600e+000 -1.7530e+000 -1.7396e+000 2.4794e+000 -2.0721e+000 1.3700e+000 -2.5140e-001 
4.9400e+000 -1.9708e+000 -1.7384e+000 -2.4264e+000 -1.9454e+000 1.1578e+000 -2.4924e-001 
4.9200e+000 -2.2943e+000 -1.9010e+000 -1.7943e+000 -1.9447e+000 8.1974e-001 -5.1987e-001 
4.9000e+000 -2.6784e+000 -2.0709e+000 -9.8307e-001 -1.9921e+000 4.1327e-001 -1.8394e+000 
4.8800e+000 -2.9772e+000 -2.1378e+000 1.4627e+000 -2.1088e+000 1.1538e-001 -2.2044e+000 
4.8600e+000 3.1364e+000 -2.0667e+000 2.2215e+000 -1.9995e+000 -3.7979e-002 -2.0219e+000 
4.8400e+000 3.0079e+000 -2.0518e+000 2.7500e+000 -1.9027e+000 -1.5182e-001 -2.0616e+000 
4.8200e+000 2.7797e+000 -2.0151e+000 3.1001e+000 -1.8447e+000 -3.8076e-001 -2.6398e+000 
4.8000e+000 2.4484e+000 -2.1274e+000 -3.0299e+000 -8.0593e-001 -7.2881e-001 -2.9870e+000 
4.7800e+000 2.0674e+000 2.9724e+000 3.0808e+000 -2.1712e-001 -1.1303e+000 3.1360e+000 
4.7600e+000 1.7629e+000 2.5262e+000 1.7869e+000 5.5737e-001 -1.4319e+000 -3.0746e+000 
4.7400e+000 1.6952e+000 5.0219e-001 1.9196e+000 3.8347e-001 -1.4768e+000 -2.9595e+000 
4.7200e+000 1.4821e+000 7.8386e-001 1.9554e+000 6.5413e-001 -1.6885e+000 -3.0809e+000 
4.7000e+000 1.1904e+000 8.9725e-001 1.7825e+000 8.5403e-001 -1.9874e+000 -2.9393e+000 
4.6800e+000 8.9692e-001 1.0151e+000 1.4891e+000 9.7903e-001 -2.2866e+000 -3.0328e+000 
4.6600e+000 5.9797e-001 1.0465e+000 1.1045e+000 9.9263e-001 -2.5903e+000 -3.1367e+000 
4.6400e+000 3.7091e-001 1.0541e+000 8.3683e-001 1.0432e+000 -2.8110e+000 3.1369e+000 
4.6200e+000 2.9065e-001 1.1263e+000 1.0279e+000 1.1950e+000 -2.8778e+000 -2.1242e+000 
4.6000e+000 -5.9284e-002 1.2084e+000 9.3816e-001 1.2881e+000 3.0380e+000 -3.9870e-001 
4.5800e+000 -3.7605e-001 1.3289e+000 6.3563e-001 1.3961e+000 2.7135e+000 -2.2971e-002 
4.5600e+000 -6.5047e-001 1.4553e+000 2.9786e-001 1.7013e+000 2.4376e+000 -9.3070e-002 
4.5400e+000 -9.0623e-001 1.7214e+000 1.0910e-003 2.2432e+000 2.1831e+000 8.7476e-002 
4.5200e+000 -1.0977e+000 2.1618e+000 -2.7428e-001 2.5235e+000 2.0009e+000 1.4960e-003 
4.5000e+000 -1.0396e+000 2.9181e+000 -3.6882e-001 3.1346e+000 2.0865e+000 1.7820e-002 
4.4800e+000 -1.3269e+000 -2.7784e+000 -2.5901e-001 -2.7993e+000 1.7758e+000 7.6267e-003 
4.4600e+000 -1.9130e+000 -2.5090e+000 -6.4540e-001 -2.6455e+000 1.1496e+000 7.1554e-002 
4.4400e+000 -2.2212e+000 -2.3389e+000 -1.0772e+000 -2.4972e+000 8.4768e-001 6.2794e-002 
4.4200e+000 -2.4671e+000 -2.2127e+000 -1.4208e+000 -2.3834e+000 6.1187e-001 1.2554e-001 
4.4000e+000 -2.6479e+000 -2.1247e+000 -1.7024e+000 -2.1852e+000 4.4443e-001 1.1608e-001 
4.3800e+000 -2.7100e+000 -2.0508e+000 -1.9286e+000 -2.1266e+000 4.0002e-001 2.1479e-001 
4.3600e+000 -2.5514e+000 -2.0079e+000 -1.9922e+000 -2.1024e+000 5.8592e-001 4.1433e-002 
4.3400e+000 -1.9736e+000 -1.9614e+000 -1.6648e+000 -1.9216e+000 1.3125e+000 1.2045e+000 
4.3200e+000 2.3490e+000 -1.8601e+000 -2.0040e+000 -1.8283e+000 -9.3439e-001 2.7838e+000 
4.3000e+000 2.1764e+000 -1.6941e+000 -2.4509e+000 -1.6702e+000 -1.0527e+000 -3.0719e+000 
4.2800e+000 2.0313e+000 -1.5332e+000 -2.7766e+000 -1.2667e+000 -1.1746e+000 -3.1269e+000 
4.2600e+000 1.9565e+000 -1.1803e+000 -3.0424e+000 -1.0590e+000 -1.2312e+000 -2.9899e+000 
4.2400e+000 1.9426e+000 -7.5982e-001 2.9896e+000 -6.5481e-001 -1.2293e+000 -3.1254e+000 
4.2200e+000 2.0739e+000 -4.9541e-001 2.7925e+000 -2.9038e-001 -1.0787e+000 -3.0593e+000 
4.2000e+000 2.6896e+000 -2.6196e-001 2.7973e+000 2.5416e-003 -4.2552e-001 -2.9285e+000 
4.1800e+000 -1.3556e+000 1.8147e-001 2.9791e+000 1.8221e-001 1.7950e+000 -3.0899e+000 
4.1600e+000 -5.2445e-002 4.4472e-001 2.3769e+000 3.7054e-001 3.0058e+000 -3.1082e+000 
4.1400e+000 1.3981e-001 7.7246e-001 1.9503e+000 5.9498e-001 -3.0594e+000 -3.0976e+000 
4.1200e+000 2.3116e-001 9.2203e-001 1.6685e+000 7.8194e-001 -2.9487e+000 -2.9857e+000 
4.1000e+000 2.9727e-001 9.5474e-001 1.4308e+000 9.4270e-001 -2.8680e+000 -2.9194e+000 
4.0800e+000 4.2124e-001 1.1599e+000 1.2142e+000 9.7217e-001 -2.7304e+000 -3.0866e+000 
4.0600e+000 7.3845e-001 1.3386e+000 1.0953e+000 1.1999e+000 -2.3978e+000 2.8456e+000 
4.0400e+000 1.5942e+000 1.5703e+000 1.2378e+000 1.3817e+000 -1.5321e+000 -2.8658e+000 
4.0200e+000 -3.0871e+000 1.5941e+000 1.4384e+000 1.5667e+000 5.4603e-002 -2.6706e+000 
4.0000e+000 -2.3569e+000 1.8245e+000 7.7064e-001 1.7763e+000 7.6313e-001 -4.1145e-001 
3.9800e+000 -1.9777e+000 2.0361e+000 3.6051e-001 2.0266e+000 1.1390e+000 1.7746e-001 
3.9600e+000 -1.7094e+000 2.2120e+000 8.5462e-002 2.2924e+000 1.4139e+000 -4.1854e-002 
3.9400e+000 -1.4456e+000 2.4133e+000 -1.6184e-001 2.6076e+000 1.6871e+000 4.4341e-002 
3.9200e+000 -1.0683e+000 2.6109e+000 -3.7931e-001 2.8232e+000 2.0716e+000 3.0537e-002 
3.9000e+000 -6.1095e-001 2.4192e+000 -5.3435e-001 2.8052e+000 2.5298e+000 1.1148e-001 
3.8800e+000 -1.1098e-001 2.6597e+000 -5.9213e-001 2.9075e+000 3.0281e+000 5.5082e-001 
3.8600e+000 9.9415e-001 2.4435e+000 -3.2934e-001 2.7003e+000 -2.1496e+000 1.2603e-001 
3.8400e+000 1.7143e+000 2.6938e+000 -8.3744e-001 2.9125e+000 -1.4254e+000 1.4236e-001 
3.8200e+000 2.0129e+000 3.0355e+000 -1.3295e+000 -3.0070e+000 -1.1175e+000 1.4394e-001 
3.8000e+000 2.3072e+000 -2.9378e+000 -1.6150e+000 -2.7625e+000 -8.0328e-001 1.7920e-001 
3.7800e+000 2.9181e+000 -2.5597e+000 -1.8395e+000 -2.5112e+000 -1.6704e-001 1.4207e-001 
3.7600e+000 -2.3864e+000 -1.9993e+000 -2.0306e+000 -2.2215e+000 7.5720e-001 1.0291e-002 
3.7400e+000 -1.8839e+000 -1.3525e+000 -2.1837e+000 -1.5697e+000 1.2323e+000 -1.7787e-001 
3.7200e+000 -1.7531e+000 -8.6914e-001 -2.3118e+000 -9.8757e-001 1.3661e+000 -7.3723e-002 
3.7000e+000 -1.4792e+000 -1.1948e+000 -2.2628e+000 -1.2019e+000 1.6481e+000 5.7648e-001 
3.6800e+000 -5.6581e-001 -8.2966e-001 -1.8292e+000 -9.4792e-001 2.5689e+000 -7.7074e-001 
3.6600e+000 -6.6683e-002 -7.2731e-001 -2.5498e+000 -7.3978e-001 3.0761e+000 -1.2009e+000 
3.6400e+000 -1.8249e-002 -7.3443e-001 -3.1339e+000 -6.5375e-001 3.1364e+000 -3.0915e+000 
3.6200e+000 -2.2961e-001 -6.8850e-001 2.9107e+000 -6.7827e-001 2.9472e+000 -3.0958e+000 
3.6000e+000 -2.0046e+000 -6.5057e-001 2.7356e+000 -5.6817e-001 8.3775e-001 -2.9746e+000 
3.5800e+000 -2.8467e+000 -7.3764e-001 2.5706e+000 -5.5350e-001 2.0264e-001 -2.9678e+000 
3.5600e+000 -3.0725e+000 -7.4439e-001 2.4118e+000 -5.8593e-001 1.4858e-002 -2.8300e+000 
3.5400e+000 3.0477e+000 -5.5093e-001 2.2750e+000 -3.5585e-001 -1.2860e-001 -2.5784e+000 
3.5200e+000 3.0724e+000 -4.8061e-001 2.2596e+000 -4.5753e-002 -8.9321e-002 -3.0514e+000 
3.5000e+000 -2.4762e+000 -1.2392e+000 2.6861e+000 -1.0070e+000 6.5577e-001 -3.0593e+000 
3.4800e+000 -1.9555e+000 -6.5036e-001 2.1511e+000 -4.4530e-001 1.1830e+000 -3.0061e+000 
3.4600e+000 -2.0442e+000 -6.3473e-001 1.5861e+000 -3.1444e-001 1.0955e+000 -2.9267e+000 
3.4400e+000 -2.4264e+000 -6.0545e-001 1.3228e+000 -2.3024e-001 6.9289e-001 -3.0298e+000 
3.4200e+000 3.0290e+000 -5.8819e-001 1.1094e+000 -2.3388e-001 -2.1826e-001 -2.9693e+000 
3.4000e+000 2.2044e+000 -9.9947e-001 9.1156e-001 -3.9399e-001 -1.0304e+000 3.0520e+000 
3.3800e+000 1.8075e+000 -2.3264e+000 7.3867e-001 -2.0297e+000 -1.3913e+000 2.8439e+000 
3.3600e+000 1.5980e+000 -2.8039e+000 6.1347e-001 -2.3192e+000 -1.5818e+000 2.7040e+000 
3.3400e+000 1.5122e+000 -2.7538e+000 5.6879e-001 -2.4484e+000 -1.6554e+000 3.0652e+000 
3.3200e+000 1.6576e+000 2.6241e+000 7.1026e-001 2.7820e+000 -1.5014e+000 4.7748e-001 
3.3000e+000 2.1502e+000 -2.5494e+000 1.1390e+000 -2.3572e+000 -1.0022e+000 1.7987e+000 
3.2800e+000 2.5346e+000 -1.8866e+000 8.8539e-001 -1.5838e+000 -6.1252e-001 2.5327e+000 
3.2600e+000 2.4553e+000 -2.2039e+000 -5.0738e-001 -1.8536e+000 -6.9259e-001 1.9583e+000 
3.2400e+000 1.7894e+000 -2.8735e+000 -7.4190e-001 -2.7717e+000 -1.4081e+000 9.2582e-001 
3.2200e+000 8.9722e-001 -3.0357e+000 -8.6708e-001 -2.9264e+000 -2.3214e+000 6.7259e-001 
3.2000e+000 4.9896e-001 2.9750e+000 -9.6617e-001 3.1180e+000 -2.6971e+000 3.2645e-001 
3.1800e+000 2.6088e-001 2.6822e+000 -1.0509e+000 2.8780e+000 -2.9224e+000 3.5072e-001 
3.1600e+000 8.1747e-002 2.9228e+000 -1.1275e+000 3.0140e+000 -3.0932e+000 5.9940e-001 
3.1400e+000 -4.5095e-002 -3.0311e+000 -1.1835e+000 -2.9966e+000 3.0700e+000 2.6196e-001 
3.1200e+000 -9.1790e-002 2.6873e+000 -1.1708e+000 3.0018e+000 3.0298e+000 -1.0739e+000 
3.1000e+000 9.0432e-002 2.7756e+000 -9.2794e-001 2.8417e+000 -3.0641e+000 4.7461e-002 
3.0800e+000 7.4298e-001 -1.9982e+000 -3.2663e-001 -2.0775e+000 -2.4037e+000 1.4490e+000 
3.0600e+000 9.0914e-001 -1.1743e+000 -2.3502e+000 -1.2899e+000 -2.2328e+000 2.0360e+000 
3.0400e+000 1.3721e-001 -7.5120e-001 -2.4376e+000 -1.1418e+000 -3.0526e+000 2.1422e+000 
3.0200e+000 -7.0700e-001 -5.9825e-001 -2.5022e+000 -9.6588e-001 2.3730e+000 2.8300e+000 
3.0000e+000 -1.0631e+000 -3.5636e-001 -2.5839e+000 -4.3372e-001 2.0334e+000 -2.6574e+000 
2.9800e+000 -1.2701e+000 -1.3722e-001 -2.6711e+000 2.8465e-001 1.8358e+000 -2.6823e+000 
2.9600e+000 -1.4319e+000 2.4664e-002 -2.7534e+000 3.9475e-001 1.6799e+000 2.9869e+000 
2.9400e+000 -1.5757e+000 -1.1252e-001 -2.8223e+000 6.2239e-001 1.5406e+000 2.1954e+000 
2.9200e+000 -1.7022e+000 -8.2960e-001 -2.8606e+000 3.8833e-001 1.4183e+000 2.3235e+000 
2.9000e+000 -1.7809e+000 -6.1192e-001 -2.8227e+000 -2.0035e-001 1.3442e+000 2.8422e+000 
2.8800e+000 -1.6745e+000 8.6327e-001 -2.5504e+000 1.0985e+000 1.4559e+000 -1.9267e+000 
2.8600e+000 -1.0272e+000 -2.7027e+000 -1.5915e+000 3.0293e+000 2.1094e+000 6.8652e-001 
2.8400e+000 -8.9324e-001 -8.3568e-001 1.8590e+000 -1.3005e+000 2.2431e+000 2.3165e+000 
2.8200e+000 -1.7170e+000 -3.5091e-001 2.1507e+000 -5.3487e-001 1.3840e+000 2.7197e+000 
2.8000e+000 -2.3372e+000 -1.9568e-001 2.1753e+000 -3.2412e-001 7.6220e-001 2.8526e+000 
2.7800e+000 -2.6615e+000 -2.3187e-001 2.1369e+000 -3.3785e-001 4.4582e-001 2.9233e+000 
2.7600e+000 -2.8883e+000 -2.6337e-001 2.0786e+000 -3.5044e-001 2.2503e-001 2.9945e+000 
2.7400e+000 -3.0656e+000 -1.7825e-001 2.0179e+000 -2.2783e-001 5.2332e-002 3.1008e+000 
2.7200e+000 3.0870e+000 1.0337e-001 1.9632e+000 4.6202e-002 -7.4596e-002 3.0589e+000 
2.7000e+000 3.0051e+000 5.9667e-001 1.9050e+000 5.6376e-001 -1.5409e-001 2.7317e+000 
2.6800e+000 2.9078e+000 7.2075e-001 1.8351e+000 6.3774e-001 -2.4976e-001 2.7606e+000 
2.6600e+000 2.8103e+000 2.8608e-001 1.8257e+000 2.7882e-001 -3.4478e-001 -2.9537e+000 
2.6400e+000 2.8245e+000 1.0760e+000 1.9601e+000 1.1216e+000 -3.2740e-001 -2.1653e+000 
2.6200e+000 -3.0998e+000 1.1862e+000 2.5306e+000 1.2868e+000 3.5516e-002 -1.8244e+000 
2.6000e+000 -2.4510e+000 1.8722e+000 -1.9381e+000 1.9343e+000 6.8950e-001 -6.7912e-001 
2.5800e+000 3.0350e+000 2.3187e+000 2.0507e-001 2.3626e+000 -1.4311e-001 1.3045e-001 
2.5600e+000 2.1022e+000 2.6231e+000 4.2176e-001 2.6612e+000 -1.0716e+000 6.5294e-001 
2.5400e+000 1.8747e+000 2.8799e+000 4.6123e-001 2.9046e+000 -1.2891e+000 9.9278e-001 
2.5200e+000 1.7512e+000 3.1159e+000 4.4885e-001 3.1277e+000 -1.4084e+000 1.2339e+000 
2.5000e+000 1.6522e+000 -2.9038e+000 4.1033e-001 -2.9563e+000 -1.5052e+000 1.4275e+000 
2.4800e+000 1.5401e+000 -2.7314e+000 3.3768e-001 -2.9529e+000 -1.6163e+000 1.2886e+000 
2.4600e+000 1.3817e+000 1.7013e+000 2.4048e-001 2.0802e+000 -1.7737e+000 6.7251e-001 
2.4400e+000 1.2396e+000 2.0318e+000 1.8708e-001 2.2684e+000 -1.9140e+000 8.0152e-001 
2.4200e+000 1.1447e+000 2.8917e+000 1.7972e-001 2.9754e+000 -2.0071e+000 1.1844e+000 
2.4000e+000 1.0849e+000 -8.6643e-001 2.1405e-001 -8.7133e-001 -2.0653e+000 1.9960e+000 
2.3800e+000 1.0788e+000 2.6171e-002 3.3350e-001 1.4395e-001 -2.0698e+000 3.0856e+000 
2.3600e+000 1.2477e+000 -1.0564e-002 7.2576e-001 2.1649e-001 -1.8989e+000 -2.4042e+000 
2.3400e+000 2.0521e+000 5.1001e-001 2.1781e+000 7.2611e-001 -1.0911e+000 -1.1697e+000 
2.3200e+000 1.7983e+000 1.1193e+000 -1.9528e+000 1.3305e+000 -1.3566e+000 -2.4751e-001 
2.3000e+000 4.9556e-001 1.2583e+000 -1.2757e+000 1.5197e+000 -2.6656e+000 5.4876e-002 
2.2800e+000 2.9579e-001 1.2618e+000 -1.1140e+000 1.6341e+000 -2.8593e+000 1.1727e-001 
2.2600e+000 1.6845e-001 1.1122e+000 -1.0883e+000 1.7189e+000 -2.9845e+000 -1.7150e-001 
2.2400e+000 3.9204e-002 6.9205e-001 -1.1207e+000 1.3524e+000 -3.1125e+000 -6.8337e-001 
2.2200e+000 -9.2657e-002 2.8593e-001 -1.1798e+000 -2.3357e-001 3.0399e+000 -7.6125e-001 
2.2000e+000 -2.1157e-001 1.7058e-001 -1.2431e+000 -2.9353e-001 2.9221e+000 -6.0222e-001 
2.1800e+000 -3.1215e-001 1.6552e-001 -1.2990e+000 -2.3806e-001 2.8225e+000 -3.6529e-001 
2.1600e+000 -3.9967e-001 1.0298e-001 -1.3444e+000 -3.5149e-001 2.7359e+000 -6.8848e-002 
2.1400e+000 -4.7847e-001 -7.2195e-001 -1.3765e+000 -1.1312e+000 2.6579e+000 3.8581e-001 
2.1200e+000 -5.4790e-001 -1.0887e+000 -1.3877e+000 -1.1937e+000 2.5892e+000 1.2011e+000 
2.1000e+000 -6.0001e-001 -5.8652e-001 -1.3603e+000 -6.7905e-001 2.5377e+000 2.1011e+000 
2.0800e+000 -6.0702e-001 -5.2821e-001 -1.2464e+000 -6.2999e-001 2.5315e+000 2.4796e+000 
2.0600e+000 -4.4559e-001 -1.0094e+000 -8.7041e-001 -1.0759e+000 2.6938e+000 2.6573e+000 
2.0400e+000 3.8159e-001 -4.8391e-001 4.5383e-001 -5.2676e-001 -2.7609e+000 -2.6917e+000 
2.0200e+000 4.9796e-001 1.5978e-001 2.1264e+000 1.1088e-001 -2.6463e+000 -1.9596e+000 
2.0000e+000 -9.2637e-001 2.1880e-001 3.0691e+000 1.5779e-001 2.2045e+000 -1.9155e+000 
1.9800e+000 -1.2648e+000 3.9230e-002 -2.9326e+000 -2.5606e-002 1.8705e+000 -2.0928e+000 
1.9600e+000 -1.4148e+000 -2.0932e-001 -2.8576e+000 -2.5565e-001 1.7223e+000 -2.2368e+000 
1.9400e+000 -1.5279e+000 -3.4348e-001 -2.8501e+000 -3.6840e-001 1.6103e+000 -2.2563e+000 
1.9200e+000 -1.6257e+000 -3.4542e-001 -2.8632e+000 -3.5884e-001 1.5132e+000 -2.1849e+000 
1.9000e+000 -1.7145e+000 -2.4653e-001 -2.8799e+000 -2.5321e-001 1.4249e+000 -2.0589e+000 
1.8800e+000 -1.7973e+000 -1.5597e-002 -2.8952e+000 5.8900e-003 1.3426e+000 -1.8883e+000 
1.8600e+000 -1.8758e+000 7.2439e-001 -2.9076e+000 1.0009e+000 1.2645e+000 -1.6550e+000 
1.8400e+000 -1.9506e+000 2.2166e+000 -2.9163e+000 2.4055e+000 1.1900e+000 -1.3176e+000 
1.8200e+000 -2.0214e+000 2.7709e+000 -2.9195e+000 2.8478e+000 1.1194e+000 -8.1536e-001 
1.8000e+000 -2.0867e+000 3.0434e+000 -2.9132e+000 3.0992e+000 1.0544e+000 -1.2766e-001 
1.7800e+000 -2.1424e+000 3.1232e+000 -2.8892e+000 -3.0998e+000 9.9888e-001 5.6446e-001 
1.7600e+000 -2.1783e+000 3.0427e+000 -2.8291e+000 3.1086e+000 9.6310e-001 9.8642e-001 
1.7400e+000 -2.1646e+000 2.9187e+000 -2.6889e+000 2.9796e+000 9.7688e-001 1.1672e+000 
1.7200e+000 -1.9811e+000 2.9382e+000 -2.3230e+000 2.9861e+000 1.1603e+000 1.3164e+000 
1.7000e+000 -1.1099e+000 -2.6259e+000 -1.1678e+000 -2.5853e+000 2.0310e+000 2.0466e+000 
1.6800e+000 -4.0132e-001 -1.9758e+000 1.8462e-002 -1.9329e+000 2.7373e+000 2.6906e+000 
1.6600e+000 -1.5695e+000 -1.9442e+000 6.3332e-001 -1.8915e+000 1.5483e+000 2.7615e+000 
1.6400e+000 -2.8388e+000 -2.0300e+000 1.0482e+000 -1.9660e+000 3.0574e-001 2.7515e+000 
1.6200e+000 -2.9786e+000 -2.1308e+000 1.3063e+000 -2.0549e+000 1.6596e-001 2.7407e+000 
1.6000e+000 -3.0579e+000 -2.2283e+000 1.4570e+000 -2.1390e+000 8.6489e-002 2.7383e+000 
1.5800e+000 -3.1252e+000 -2.3274e+000 1.5444e+000 -2.2221e+000 1.9100e-002 2.7454e+000 
1.5600e+000 3.0950e+000 -2.4590e+000 1.5954e+000 -2.3324e+000 -4.3891e-002 2.7648e+000 
1.5400e+000 3.0347e+000 -2.7621e+000 1.6259e+000 -2.6970e+000 -1.0416e-001 2.8009e+000 
1.5200e+000 2.9771e+000 2.4212e+000 1.6456e+000 1.7030e+000 -1.6185e-001 2.8567e+000 
1.5000e+000 2.9225e+000 1.6387e+000 1.6610e+000 1.3630e+000 -2.1649e-001 2.9284e+000 
1.4800e+000 2.8718e+000 1.5002e+000 1.6773e+000 1.3504e+000 -2.6718e-001 2.9949e+000 
1.4600e+000 2.8265e+000 1.4983e+000 1.6995e+000 1.3934e+000 -3.1259e-001 3.0093e+000 
1.4400e+000 2.7886e+000 1.5216e+000 1.7327e+000 1.4378e+000 -3.5065e-001 2.9072e+000 
1.4200e+000 2.7612e+000 1.5364e+000 1.7836e+000 1.4652e+000 -3.7816e-001 2.6733e+000 
1.4000e+000 2.7499e+000 1.5421e+000 1.8614e+000 1.4804e+000 -3.8968e-001 2.4230e+000 
1.3800e+000 2.7644e+000 1.5544e+000 1.9809e+000 1.5015e+000 -3.7542e-001 2.2763e+000 
1.3600e+000 2.8238e+000 1.6016e+000 2.1676e+000 1.5576e+000 -3.1648e-001 2.2478e+000 
1.3400e+000 2.9643e+000 1.7286e+000 2.4670e+000 1.6936e+000 -1.7644e-001 2.3362e+000 
1.3200e+000 -3.0445e+000 1.9954e+000 2.9441e+000 1.9697e+000 9.7113e-002 2.5662e+000 
1.3000e+000 -2.6629e+000 2.3857e+000 -2.6940e+000 2.3697e+000 4.7750e-001 2.8949e+000 
1.2800e+000 -2.3881e+000 2.7062e+000 -2.0701e+000 2.7003e+000 7.5034e-001 3.1109e+000 
1.2600e+000 -2.3819e+000 2.8524e+000 -1.5771e+000 2.8575e+000 7.5300e-001 3.1114e+000 
1.2400e+000 -2.7631e+000 2.8599e+000 -1.1922e+000 2.8761e+000 3.6877e-001 2.9766e+000 
1.2200e+000 2.8101e+000 2.7610e+000 -8.8978e-001 2.7859e+000 -3.3247e-001 2.8123e+000 
1.2000e+000 2.3652e+000 2.5645e+000 -6.5414e-001 2.5870e+000 -7.7134e-001 2.6765e+000 
1.1800e+000 2.1695e+000 2.2858e+000 -4.7011e-001 2.2826e+000 -9.6632e-001 2.5798e+000 
1.1600e+000 2.0727e+000 1.9830e+000 -3.2316e-001 1.9364e+000 -1.0633e+000 2.5144e+000 
1.1400e+000 2.0198e+000 1.7295e+000 -2.0101e-001 1.6494e+000 -1.1167e+000 2.4717e+000 
1.1200e+000 1.9912e+000 1.5537e+000 -9.4015e-002 1.4592e+000 -1.1457e+000 2.4457e+000 
1.1000e+000 1.9794e+000 1.4456e+000 5.2643e-003 1.3476e+000 -1.1580e+000 2.4331e+000 
1.0800e+000 1.9814e+000 1.3880e+000 1.0268e-001 1.2911e+000 -1.1563e+000 2.4322e+000 
1.0600e+000 1.9962e+000 1.3679e+000 2.0286e-001 1.2735e+000 -1.1419e+000 2.4421e+000 
1.0400e+000 2.0235e+000 1.3772e+000 3.0951e-001 1.2856e+000 -1.1150e+000 2.4622e+000 
1.0200e+000 2.0630e+000 1.4108e+000 4.2530e-001 1.3219e+000 -1.0759e+000 2.4912e+000 
1.0000e+000 2.1139e+000 1.4648e+000 5.5174e-001 1.3784e+000 -1.0254e+000 2.5272e+000 
9.8000e-001 2.1741e+000 1.5357e+000 6.8880e-001 1.4515e+000 -9.6543e-001 2.5664e+000 
9.6000e-001 2.2404e+000 1.6188e+000 8.3473e-001 1.5368e+000 -8.9949e-001 2.6033e+000 
9.4000e-001 2.3079e+000 1.7089e+000 9.8625e-001 1.6288e+000 -8.3235e-001 2.6306e+000 
9.2000e-001 2.3711e+000 1.8002e+000 1.1393e+000 1.7219e+000 -7.6948e-001 2.6402e+000 
9.0000e-001 2.4249e+000 1.8873e+000 1.2899e+000 1.8109e+000 -7.1601e-001 2.6250e+000 
8.8000e-001 2.4655e+000 1.9664e+000 1.4356e+000 1.8916e+000 -6.7576e-001 2.5812e+000 
8.6000e-001 2.4906e+000 2.0349e+000 1.5752e+000 1.9619e+000 -6.5085e-001 2.5105e+000 
8.4000e-001 2.5000e+000 2.0922e+000 1.7095e+000 2.0208e+000 -6.4168e-001 2.4205e+000 
8.2000e-001 2.4946e+000 2.1382e+000 1.8407e+000 2.0685e+000 -6.4729e-001 2.3223e+000 
8.0000e-001 2.4762e+000 2.1739e+000 1.9728e+000 2.1057e+000 -6.6578e-001 2.2268e+000 
7.8000e-001 2.4473e+000 2.2002e+000 2.1119e+000 2.1334e+000 -6.9467e-001 2.1410e+000 
7.6000e-001 2.4107e+000 2.2184e+000 2.2683e+000 2.1529e+000 -7.3126e-001 2.0678e+000 
7.4000e-001 2.3689e+000 2.2294e+000 2.4609e+000 2.1650e+000 -7.7290e-001 2.0066e+000 
7.2000e-001 2.3245e+000 2.2343e+000 2.7267e+000 2.1707e+000 -8.1719e-001 1.9559e+000 
7.0000e-001 2.2793e+000 2.2338e+000 3.1320e+000 2.1708e+000 -8.6222e-001 1.9134e+000 
6.8000e-001 2.2348e+000 2.2287e+000 -2.5767e+000 2.1659e+000 -9.0653e-001 1.8770e+000 
6.6000e-001 2.1920e+000 2.2196e+000 -2.0241e+000 2.1566e+000 -9.4919e-001 1.8453e+000 
6.4000e-001 2.1513e+000 2.2071e+000 -1.6542e+000 2.1436e+000 -9.8966e-001 1.8169e+000 
6.2000e-001 2.1131e+000 2.1917e+000 -1.4207e+000 2.1272e+000 -1.0277e+000 1.7908e+000 
6.0000e-001 2.0774e+000 2.1738e+000 -1.2616e+000 2.1079e+000 -1.0634e+000 1.7663e+000 
5.8000e-001 2.0439e+000 2.1538e+000 -1.1438e+000 2.0863e+000 -1.0968e+000 1.7429e+000 
5.6000e-001 2.0125e+000 2.1323e+000 -1.0508e+000 2.0626e+000 -1.1281e+000 1.7204e+000 
5.4000e-001 1.9829e+000 2.1096e+000 -9.7405e-001 2.0375e+000 -1.1576e+000 1.6984e+000 
5.2000e-001 1.9550e+000 2.0860e+000 -9.0861e-001 2.0112e+000 -1.1854e+000 1.6768e+000 
5.0000e-001 1.9285e+000 2.0619e+000 -8.5154e-001 1.9843e+000 -1.2119e+000 1.6557e+000 
4.8000e-001 1.9033e+000 2.0376e+000 -8.0096e-001 1.9570e+000 -1.2370e+000 1.6349e+000 
4.6000e-001 1.8792e+000 2.0133e+000 -7.5557e-001 1.9297e+000 -1.2610e+000 1.6146e+000 
4.4000e-001 1.8562e+000 1.9894e+000 -7.1448e-001 1.9028e+000 -1.2840e+000 1.5947e+000 
4.2000e-001 1.8341e+000 1.9659e+000 -6.7703e-001 1.8764e+000 -1.3060e+000 1.5753e+000 
4.0000e-001 1.8130e+000 1.9431e+000 -6.4272e-001 1.8507e+000 -1.3271e+000 1.5565e+000 
3.8000e-001 1.7928e+000 1.9211e+000 -6.1115e-001 1.8260e+000 -1.3473e+000 1.5383e+000 
3.6000e-001 1.7735e+000 1.9000e+000 -5.8203e-001 1.8023e+000 -1.3665e+000 1.5208e+000 
3.4000e-001 1.7551e+000 1.8799e+000 -5.5512e-001 1.7797e+000 -1.3849e+000 1.5041e+000 
3.2000e-001 1.7377e+000 1.8607e+000 -5.3023e-001 1.7583e+000 -1.4023e+000 1.4881e+000 
3.0000e-001 1.7212e+000 1.8427e+000 -5.0721e-001 1.7382e+000 -1.4188e+000 1.4730e+000 
2.8000e-001 1.7057e+000 1.8257e+000 -4.8594e-001 1.7193e+000 -1.4342e+000 1.4588e+000 
2.6000e-001 1.6911e+000 1.8099e+000 -4.6633e-001 1.7017e+000 -1.4488e+000 1.4455e+000 
2.4000e-001 1.6776e+000 1.7951e+000 -4.4832e-001 1.6854e+000 -1.4622e+000 1.4331e+000 
2.2000e-001 1.6651e+000 1.7815e+000 -4.3186e-001 1.6704e+000 -1.4747e+000 1.4217e+000 
2.0000e-001 1.6537e+000 1.7691e+000 -4.1693e-001 1.6567e+000 -1.4861e+000 1.4113e+000 
1.8000e-001 1.6433e+000 1.7578e+000 -4.0352e-001 1.6443e+000 -1.4965e+000 1.4018e+000 
1.6000e-001 1.6340e+000 1.7477e+000 -3.9164e-001 1.6332e+000 -1.5057e+000 1.3934e+000 
1.4000e-001 1.6258e+000 1.7388e+000 -3.8129e-001 1.6234e+000 -1.5139e+000 1.3859e+000 
1.2000e-001 1.6186e+000 1.7311e+000 -3.7248e-001 1.6150e+000 -1.5211e+000 1.3795e+000 
1.0000e-001 1.6126e+000 1.7245e+000 -3.6524e-001 1.6078e+000 -1.5271e+000 1.3740e+000 
8.0000e-002 1.6077e+000 1.7191e+000 -3.5956e-001 1.6019e+000 -1.5320e+000 1.3696e+000 
6.0000e-002 1.6038e+000 1.7149e+000 -3.5541e-001 1.5974e+000 -1.5358e+000 1.3661e+000 
4.0000e-002 1.6011e+000 1.7119e+000 -3.5276e-001 1.5941e+000 -1.5386e+000 1.3636e+000 
2.0000e-002 1.5994e+000 1.7101e+000 -3.5146e-001 1.5921e+000 -1.5402e+000 1.3622e+000 
