7.9600e+000 6.2133e+003 5.7573e-001 3.7259e+000 3.5608e+000 4.2961e+004 4.8723e+000 
7.9400e+000 6.3754e+003 6.0545e-001 6.3376e-001 3.9391e+000 4.4039e+004 7.4720e+000 
7.9200e+000 6.5613e+003 6.5374e-001 4.1540e+000 3.9892e+000 4.5309e+004 8.2133e+000 
7.9000e+000 6.7313e+003 6.9828e-001 7.9027e+000 4.0849e+000 4.6494e+004 7.6508e+000 
7.8800e+000 6.8708e+003 6.9484e-001 1.0605e+001 4.1079e+000 4.7460e+004 6.7511e+000 
7.8600e+000 7.0240e+003 7.0801e-001 1.1377e+001 4.1403e+000 4.8503e+004 8.2591e+000 
7.8400e+000 7.1879e+003 7.5832e-001 1.0801e+001 4.1827e+000 4.9592e+004 6.9832e+000 
7.8200e+000 7.3346e+003 7.5823e-001 8.2067e+000 4.3661e+000 5.0543e+004 8.0190e+000 
7.8000e+000 7.4903e+003 8.0237e-001 5.4956e+000 4.9974e+000 5.1550e+004 8.7840e+000 
7.7800e+000 7.6464e+003 8.4953e-001 6.5870e+000 5.3356e+000 5.2578e+004 9.6447e+000 
7.7600e+000 7.7681e+003 9.0622e-001 1.0823e+001 5.9356e+000 5.3403e+004 1.1407e+001 
7.7400e+000 7.8833e+003 9.6693e-001 1.4773e+001 5.7883e+000 5.4203e+004 1.0931e+001 
7.7200e+000 7.9968e+003 9.4933e-001 1.7783e+001 5.8361e+000 5.4991e+004 9.7154e+000 
7.7000e+000 8.1073e+003 9.7320e-001 1.9016e+001 5.7611e+000 5.5737e+004 9.7532e+000 
7.6800e+000 8.2054e+003 9.8501e-001 1.8759e+001 5.5431e+000 5.6379e+004 1.0023e+001 
7.6600e+000 8.2874e+003 9.8230e-001 1.8961e+001 6.1769e+000 5.6877e+004 1.1472e+001 
7.6400e+000 8.3874e+003 1.0632e+000 2.2165e+001 6.2607e+000 5.7491e+004 1.2798e+001 
7.6200e+000 8.5172e+003 1.1564e+000 3.8292e+001 7.5110e+000 5.8334e+004 1.5278e+001 
7.6000e+000 8.5998e+003 1.2137e+000 3.0103e+001 7.8255e+000 5.8872e+004 1.3785e+001 
7.5800e+000 8.5988e+003 1.1804e+000 3.0453e+000 6.9361e+000 5.8868e+004 1.2389e+001 
7.5600e+000 8.6470e+003 1.1698e+000 7.3991e+000 6.9267e+000 5.9221e+004 1.0444e+001 
7.5400e+000 8.7203e+003 1.2029e+000 8.6540e+000 7.1861e+000 5.9716e+004 1.1469e+001 
7.5200e+000 8.7231e+003 1.1733e+000 1.0695e+001 6.9595e+000 5.9705e+004 1.2049e+001 
7.5000e+000 8.6902e+003 1.1609e+000 9.2971e+000 7.1578e+000 5.9421e+004 1.3921e+001 
7.4800e+000 8.7377e+003 1.2123e+000 1.0193e+001 7.5134e+000 5.9671e+004 1.5600e+001 
7.4600e+000 8.7991e+003 1.2656e+000 1.3517e+001 7.9093e+000 6.0024e+004 1.6707e+001 
7.4400e+000 8.7423e+003 1.3389e+000 2.2724e+001 8.1155e+000 5.9594e+004 1.4564e+001 
7.4200e+000 8.6035e+003 1.3218e+000 2.5257e+001 7.8859e+000 5.8648e+004 1.4273e+001 
7.4000e+000 8.5836e+003 1.3569e+000 2.4178e+001 8.5444e+000 5.8530e+004 1.2925e+001 
7.3800e+000 8.6026e+003 1.3633e+000 2.2395e+001 8.3902e+000 5.8670e+004 1.2248e+001 
7.3600e+000 8.5531e+003 1.3323e+000 2.4092e+001 8.1277e+000 5.8307e+004 1.3453e+001 
7.3400e+000 8.3251e+003 1.2869e+000 2.0497e+001 7.6786e+000 5.6719e+004 1.5362e+001 
7.3200e+000 8.2913e+003 1.3328e+000 2.0166e+001 7.8855e+000 5.6414e+004 1.6874e+001 
7.3000e+000 8.2637e+003 1.4073e+000 2.3428e+001 8.0801e+000 5.6141e+004 1.8234e+001 
7.2800e+000 8.2139e+003 1.4249e+000 3.6677e+001 8.6062e+000 5.5718e+004 1.7617e+001 
7.2600e+000 7.7905e+003 1.4085e+000 3.9636e+001 8.4323e+000 5.2835e+004 1.5503e+001 
7.2400e+000 7.6721e+003 1.4561e+000 3.4287e+001 8.6497e+000 5.2031e+004 1.3508e+001 
7.2200e+000 7.5845e+003 1.4439e+000 3.0554e+001 8.8778e+000 5.1441e+004 1.2073e+001 
7.2000e+000 7.5676e+003 1.4215e+000 3.4768e+001 8.9291e+000 5.1292e+004 1.5493e+001 
7.1800e+000 7.0654e+003 1.3180e+000 2.7579e+001 7.9122e+000 4.7916e+004 1.4956e+001 
7.1600e+000 6.8953e+003 1.3128e+000 2.4579e+001 7.9911e+000 4.6713e+004 1.6654e+001 
7.1400e+000 6.7485e+003 1.3520e+000 2.7082e+001 8.0845e+000 4.5636e+004 1.8506e+001 
7.1200e+000 6.7552e+003 1.4301e+000 4.6177e+001 8.1966e+000 4.5541e+004 1.8733e+001 
7.1000e+000 6.1952e+003 1.3648e+000 4.9665e+001 8.3239e+000 4.1715e+004 1.7128e+001 
7.0800e+000 5.9291e+003 1.4135e+000 4.4828e+001 8.4150e+000 3.9896e+004 1.4262e+001 
7.0600e+000 5.7511e+003 1.4527e+000 4.1203e+001 8.9087e+000 3.8685e+004 1.1626e+001 
7.0400e+000 5.6576e+003 1.4291e+000 4.7758e+001 8.7200e+000 3.7994e+004 1.0886e+001 
7.0200e+000 5.1792e+003 1.2804e+000 3.9157e+001 8.2281e+000 3.4810e+004 1.2104e+001 
7.0000e+000 4.8551e+003 1.2496e+000 3.4031e+001 7.8410e+000 3.2644e+004 1.6105e+001 
6.9800e+000 4.6003e+003 1.2268e+000 3.6734e+001 7.3200e+000 3.0872e+004 1.5855e+001 
6.9600e+000 4.3614e+003 1.2576e+000 5.0161e+001 7.0863e+000 2.9106e+004 1.7787e+001 
6.9400e+000 3.9176e+003 1.2311e+000 6.0305e+001 6.7695e+000 2.5997e+004 1.5920e+001 
6.9200e+000 3.4736e+003 1.2377e+000 5.9168e+001 7.0055e+000 2.2943e+004 1.4251e+001 
6.9000e+000 3.0816e+003 1.2524e+000 5.8077e+001 7.1841e+000 2.0237e+004 1.1060e+001 
6.8800e+000 2.7286e+003 1.2799e+000 5.8346e+001 7.8957e+000 1.7760e+004 8.0337e+000 
6.8600e+000 2.2799e+003 1.2131e+000 5.1798e+001 7.8014e+000 1.4723e+004 7.2446e+000 
6.8400e+000 1.8277e+003 1.1185e+000 4.5908e+001 7.4894e+000 1.1717e+004 9.2712e+000 
6.8200e+000 1.3981e+003 1.0390e+000 4.7127e+001 6.7134e+000 8.8297e+003 1.1727e+001 
6.8000e+000 9.5843e+002 9.7205e-001 5.5704e+001 6.0761e+000 5.7958e+003 1.4309e+001 
6.7800e+000 5.1815e+002 9.5926e-001 6.3914e+001 5.5040e+000 2.7292e+003 1.4093e+001 
6.7600e+000 1.1982e+002 9.9528e-001 7.0348e+001 5.3177e+000 9.2300e+002 1.1623e+001 
6.7400e+000 4.8484e+002 9.5767e-001 7.4647e+001 5.4419e+000 4.1981e+003 9.5252e+000 
6.7200e+000 1.0163e+003 9.9245e-001 7.4640e+001 5.5423e+000 7.9462e+003 6.4712e+000 
6.7000e+000 1.5272e+003 1.0020e+000 6.8827e+001 6.2452e+000 1.1491e+004 4.4664e+000 
6.6800e+000 2.0298e+003 9.5971e-001 6.0764e+001 6.5322e+000 1.4891e+004 1.5647e+000 
6.6600e+000 2.5717e+003 9.1945e-001 5.6256e+001 6.6197e+000 1.8543e+004 4.3191e+000 
6.6400e+000 3.1697e+003 8.8305e-001 5.9111e+001 6.2662e+000 2.2571e+004 7.2081e+000 
6.6200e+000 3.7838e+003 8.5008e-001 6.6721e+001 5.6412e+000 2.6752e+004 8.1927e+000 
6.6000e+000 4.3908e+003 8.4629e-001 7.3396e+001 5.5796e+000 3.0922e+004 9.4388e+000 
6.5800e+000 5.0488e+003 8.7942e-001 8.0912e+001 4.7998e+000 3.5512e+004 1.0949e+001 
6.5600e+000 5.7315e+003 8.3287e-001 8.6752e+001 4.2838e+000 4.0257e+004 9.1604e+000 
6.5400e+000 6.4232e+003 8.9684e-001 8.5185e+001 3.7556e+000 4.5109e+004 6.5419e+000 
6.5200e+000 7.1328e+003 9.4709e-001 7.7864e+001 5.4150e+000 5.0060e+004 8.1047e+000 
6.5000e+000 7.8388e+003 9.5532e-001 7.3181e+001 5.9722e+000 5.4980e+004 6.3072e+000 
6.4800e+000 8.4232e+003 1.0180e+000 6.9282e+001 6.7363e+000 5.8883e+004 3.4830e+000 
6.4600e+000 8.9647e+003 1.0376e+000 6.6628e+001 7.7926e+000 6.2449e+004 2.1093e+000 
6.4400e+000 9.5908e+003 1.0625e+000 6.8605e+001 7.8945e+000 6.6701e+004 2.0130e+000 
6.4200e+000 1.0191e+004 1.0932e+000 8.1632e+001 7.8824e+000 7.0957e+004 3.6776e+000 
6.4000e+000 1.1292e+004 1.1168e+000 9.1669e+001 7.1742e+000 7.8225e+004 1.0537e+001 
6.3800e+000 1.1712e+004 1.1265e+000 9.4496e+001 6.9559e+000 8.1178e+004 1.2082e+001 
6.3600e+000 1.2268e+004 1.1368e+000 8.9997e+001 7.1992e+000 8.5064e+004 1.3204e+001 
6.3400e+000 1.3063e+004 1.2106e+000 8.9634e+001 6.9117e+000 9.0705e+004 1.5110e+001 
6.3200e+000 1.4005e+004 1.2924e+000 8.4716e+001 7.2061e+000 9.7378e+004 1.4142e+001 
6.3000e+000 1.4824e+004 1.3988e+000 7.7822e+001 8.2813e+000 1.0305e+005 1.3521e+001 
6.2800e+000 1.5376e+004 1.4774e+000 7.2522e+001 8.5909e+000 1.0673e+005 1.0762e+001 
6.2600e+000 1.6008e+004 1.5745e+000 7.8977e+001 1.0171e+001 1.1094e+005 1.0870e+001 
6.2400e+000 1.7039e+004 1.7069e+000 8.7636e+001 1.1146e+001 1.1808e+005 8.9253e+000 
6.2200e+000 1.8207e+004 1.7249e+000 9.5428e+001 1.1558e+001 1.2619e+005 1.2720e+001 
6.2000e+000 1.9207e+004 1.7986e+000 1.0005e+002 1.2036e+001 1.3313e+005 1.6631e+001 
6.1800e+000 1.9955e+004 1.8447e+000 9.9023e+001 1.1692e+001 1.3833e+005 2.1001e+001 
6.1600e+000 2.0488e+004 1.8667e+000 9.6336e+001 1.0520e+001 1.4204e+005 2.0794e+001 
6.1400e+000 2.1465e+004 1.9629e+000 8.9381e+001 1.2084e+001 1.4894e+005 2.5073e+001 
6.1200e+000 2.3018e+004 2.1059e+000 7.9354e+001 1.2072e+001 1.5994e+005 2.5056e+001 
6.1000e+000 2.4496e+004 2.2415e+000 7.2078e+001 1.2791e+001 1.7029e+005 2.2867e+001 
6.0800e+000 2.4824e+004 2.3483e+000 7.3361e+001 1.3352e+001 1.7236e+005 1.9461e+001 
6.0600e+000 2.3985e+004 2.2611e+000 7.7794e+001 1.4591e+001 1.6610e+005 1.7593e+001 
6.0400e+000 2.5166e+004 2.3910e+000 8.1366e+001 1.4966e+001 1.7414e+005 1.9214e+001 
6.0200e+000 2.7021e+004 2.6132e+000 8.1952e+001 1.6638e+001 1.8692e+005 2.2068e+001 
6.0000e+000 2.7955e+004 2.7149e+000 8.1498e+001 1.7486e+001 1.9318e+005 2.6960e+001 
5.9800e+000 2.7457e+004 2.6349e+000 7.9402e+001 1.6518e+001 1.8954e+005 2.9215e+001 
5.9600e+000 2.5627e+004 2.4297e+000 7.0310e+001 1.4376e+001 1.7671e+005 2.8645e+001 
5.9400e+000 2.7231e+004 2.4916e+000 6.0129e+001 1.4624e+001 1.8787e+005 3.3317e+001 
5.9200e+000 2.8841e+004 2.6854e+000 4.9782e+001 1.5554e+001 1.9902e+005 3.1307e+001 
5.9000e+000 2.9482e+004 2.6880e+000 4.4888e+001 1.5908e+001 2.0335e+005 3.0480e+001 
5.8800e+000 2.9257e+004 2.7209e+000 4.5663e+001 1.5649e+001 2.0174e+005 2.4331e+001 
5.8600e+000 2.6996e+004 2.4148e+000 5.1826e+001 1.4126e+001 1.8620e+005 2.1287e+001 
5.8400e+000 2.9013e+004 2.7351e+000 5.7823e+001 1.7103e+001 1.9987e+005 2.6557e+001 
5.8200e+000 3.0650e+004 2.8732e+000 5.8197e+001 1.7487e+001 2.1087e+005 2.7599e+001 
5.8000e+000 3.1328e+004 2.9837e+000 5.4305e+001 1.8616e+001 2.1525e+005 3.0504e+001 
5.7800e+000 3.1418e+004 2.9901e+000 4.8906e+001 1.8260e+001 2.1577e+005 3.3579e+001 
5.7600e+000 2.9948e+004 2.8005e+000 4.2030e+001 1.6341e+001 2.0614e+005 3.1606e+001 
5.7400e+000 3.0986e+004 2.9391e+000 3.4165e+001 1.8071e+001 2.1331e+005 3.2000e+001 
5.7200e+000 3.2215e+004 3.0061e+000 2.0587e+001 1.8326e+001 2.2161e+005 3.4448e+001 
5.7000e+000 3.2687e+004 3.0166e+000 1.2262e+001 1.8438e+001 2.2471e+005 3.4775e+001 
5.6800e+000 3.3053e+004 3.1030e+000 1.2583e+001 1.8138e+001 2.2718e+005 3.1986e+001 
5.6600e+000 3.3122e+004 3.1606e+000 1.6187e+001 1.8206e+001 2.2790e+005 3.0788e+001 
5.6400e+000 3.2143e+004 3.0573e+000 2.6116e+001 1.8303e+001 2.2196e+005 2.9281e+001 
5.6200e+000 3.3419e+004 3.2045e+000 2.6857e+001 1.8990e+001 2.3002e+005 3.0959e+001 
5.6000e+000 3.4005e+004 3.3862e+000 2.3550e+001 1.9952e+001 2.3366e+005 3.5819e+001 
5.5800e+000 3.4430e+004 3.4396e+000 2.1957e+001 2.0660e+001 2.3622e+005 4.1730e+001 
5.5600e+000 3.4841e+004 3.4895e+000 1.9078e+001 2.1176e+001 2.3890e+005 4.2898e+001 
5.5400e+000 3.4077e+004 3.3907e+000 1.9147e+001 2.0138e+001 2.3525e+005 3.9464e+001 
5.5200e+000 3.4599e+004 3.4199e+000 1.7779e+001 2.1078e+001 2.3830e+005 3.8460e+001 
5.5000e+000 3.5014e+004 3.4948e+000 2.1691e+001 2.0969e+001 2.4089e+005 3.6697e+001 
5.4800e+000 3.5331e+004 3.4408e+000 2.3722e+001 2.0739e+001 2.4299e+005 3.7473e+001 
5.4600e+000 3.5565e+004 3.3818e+000 2.1089e+001 2.1175e+001 2.4445e+005 3.6333e+001 
5.4400e+000 3.5741e+004 3.3170e+000 2.2251e+001 1.9662e+001 2.4557e+005 3.2362e+001 
5.4200e+000 3.5569e+004 3.3734e+000 2.0062e+001 1.9186e+001 2.4593e+005 3.5197e+001 
5.4000e+000 3.5776e+004 3.4137e+000 1.4488e+001 1.9668e+001 2.4684e+005 3.7940e+001 
5.3800e+000 3.6101e+004 3.5187e+000 1.7296e+001 2.0187e+001 2.4884e+005 3.9002e+001 
5.3600e+000 3.6328e+004 3.5316e+000 2.8382e+001 2.0376e+001 2.5004e+005 4.2866e+001 
5.3400e+000 3.6135e+004 3.6059e+000 3.9889e+001 2.1101e+001 2.4796e+005 4.5936e+001 
5.3200e+000 3.6075e+004 3.6997e+000 4.9120e+001 2.1586e+001 2.4709e+005 4.0843e+001 
5.3000e+000 3.6521e+004 3.6685e+000 6.3673e+001 2.2096e+001 2.5216e+005 4.4322e+001 
5.2800e+000 3.6561e+004 3.6355e+000 7.3784e+001 2.1959e+001 2.5251e+005 4.0633e+001 
5.2600e+000 3.6532e+004 3.5115e+000 7.7152e+001 2.1473e+001 2.5222e+005 3.6501e+001 
5.2400e+000 3.6086e+004 3.3679e+000 7.0170e+001 2.0907e+001 2.4855e+005 3.5878e+001 
5.2200e+000 3.5485e+004 3.3313e+000 5.6065e+001 1.9980e+001 2.4362e+005 3.0265e+001 
5.2000e+000 3.5129e+004 3.4765e+000 3.5597e+001 1.9930e+001 2.4076e+005 3.7479e+001 
5.1800e+000 3.6178e+004 3.4864e+000 5.2740e+001 2.0784e+001 2.5037e+005 3.7709e+001 
5.1600e+000 3.6298e+004 3.4953e+000 6.5930e+001 2.0501e+001 2.5142e+005 3.8857e+001 
5.1400e+000 3.6173e+004 3.4089e+000 8.5270e+001 1.9787e+001 2.5026e+005 4.2218e+001 
5.1200e+000 3.5625e+004 3.3404e+000 1.0357e+002 1.8667e+001 2.4570e+005 4.0172e+001 
5.1000e+000 3.4630e+004 3.3127e+000 1.1304e+002 1.8980e+001 2.3759e+005 3.6435e+001 
5.0800e+000 3.4184e+004 3.5255e+000 1.0139e+002 2.0025e+001 2.3426e+005 3.4661e+001 
5.0600e+000 3.5603e+004 3.6584e+000 1.2294e+002 2.1995e+001 2.4638e+005 4.0222e+001 
5.0400e+000 3.6352e+004 3.5105e+000 1.4244e+002 2.1848e+001 2.5273e+005 3.3284e+001 
5.0200e+000 3.6295e+004 3.2706e+000 1.3101e+002 2.0262e+001 2.5253e+005 3.0568e+001 
5.0000e+000 3.5385e+004 3.0532e+000 6.8618e+001 1.9443e+001 2.4549e+005 2.9529e+001 
4.9800e+000 3.4720e+004 2.7196e+001 1.6339e+003 1.6001e+002 2.3962e+005 1.3777e+002 
4.9600e+000 3.4843e+004 2.7850e+000 1.2935e+002 1.6837e+001 2.4213e+005 2.9955e+001 
4.9400e+000 3.6048e+004 2.8957e+000 1.1080e+002 1.6519e+001 2.5220e+005 3.6102e+001 
4.9200e+000 3.7062e+004 2.7831e+000 1.4977e+002 1.5251e+001 2.6051e+005 3.7814e+001 
4.9000e+000 3.7216e+004 2.6309e+000 1.9338e+002 1.4300e+001 2.6183e+005 3.7827e+001 
4.8800e+000 3.7623e+004 2.5920e+000 2.5105e+002 1.3586e+001 2.6515e+005 4.0785e+001 
4.8600e+000 3.8373e+004 2.4862e+000 3.1909e+002 1.1889e+001 2.7110e+005 4.4569e+001 
4.8400e+000 3.7973e+004 2.3471e+000 3.1487e+002 1.0435e+001 2.6805e+005 4.3226e+001 
4.8200e+000 3.7054e+004 2.6562e+000 2.4241e+002 1.3989e+001 2.6116e+005 4.3028e+001 
4.8000e+000 3.6904e+004 2.8068e+000 1.8481e+002 1.5381e+001 2.6051e+005 3.4301e+001 
4.7800e+000 3.8179e+004 2.6245e+000 1.8935e+002 1.7081e+001 2.7116e+005 2.5370e+001 
4.7600e+000 4.0691e+004 2.3017e+000 2.1160e+002 1.4904e+001 2.9142e+005 1.4902e+001 
4.7400e+000 3.8386e+004 2.5853e+000 1.0381e+002 1.7109e+001 2.7399e+005 1.4730e+001 
4.7200e+000 3.6224e+004 2.9919e+000 2.5040e+001 1.9103e+001 2.5754e+005 1.7735e+001 
4.7000e+000 3.5724e+004 3.0373e+000 2.6725e+001 1.9599e+001 2.5409e+005 1.7709e+001 
4.6800e+000 3.6012e+004 2.9477e+000 2.0001e+001 1.8050e+001 2.5678e+005 2.5513e+001 
4.6600e+000 3.7064e+004 2.8450e+000 3.7767e+001 1.6356e+001 2.6533e+005 3.2670e+001 
4.6400e+000 3.8047e+004 2.7018e+000 1.1747e+002 1.4968e+001 2.7334e+005 3.6914e+001 
4.6200e+000 3.3621e+004 3.0307e+000 7.1418e+001 1.6719e+001 2.3922e+005 3.8906e+001 
4.6000e+000 3.3661e+004 2.9783e+000 2.8407e+001 1.6240e+001 2.3965e+005 3.8581e+001 
4.5800e+000 3.4542e+004 2.9721e+000 8.8252e+001 1.5545e+001 2.4684e+005 3.7490e+001 
4.5600e+000 3.5455e+004 2.9780e+000 1.3558e+002 1.5670e+001 2.5438e+005 3.6258e+001 
4.5400e+000 3.6534e+004 2.8913e+000 1.5659e+002 1.5761e+001 2.6331e+005 3.0053e+001 
4.5200e+000 3.7350e+004 2.9158e+000 1.3427e+002 1.6156e+001 2.7051e+005 3.0252e+001 
4.5000e+000 3.3532e+004 2.9711e+000 7.6394e+001 1.7138e+001 2.4236e+005 2.3950e+001 
4.4800e+000 2.8149e+004 2.9444e+000 1.9170e+002 1.7550e+001 2.0006e+005 1.8480e+001 
4.4600e+000 3.2158e+004 2.6724e+000 1.8244e+002 1.7265e+001 2.3160e+005 1.6500e+001 
4.4400e+000 3.4398e+004 2.6047e+000 1.4781e+002 1.6055e+001 2.4964e+005 1.5969e+001 
4.4200e+000 3.5938e+004 2.4732e+000 1.0668e+002 1.5196e+001 2.6223e+005 1.9154e+001 
4.4000e+000 3.7368e+004 2.4229e+000 5.8311e+001 1.5122e+001 2.7385e+005 2.5707e+001 
4.3800e+000 3.8159e+004 2.3789e+000 8.9821e+000 1.4893e+001 2.8066e+005 2.8287e+001 
4.3600e+000 3.5817e+004 2.3292e+000 7.5690e+001 1.3171e+001 2.6384e+005 3.0507e+001 
4.3400e+000 2.0958e+004 2.6390e+000 1.9990e+002 1.4366e+001 1.4902e+005 2.7872e+001 
4.3200e+000 2.9580e+004 2.4925e+000 1.9265e+002 1.2456e+001 2.1490e+005 3.1166e+001 
4.3000e+000 3.4182e+004 2.4911e+000 1.9847e+002 1.2190e+001 2.5079e+005 2.8809e+001 
4.2800e+000 3.6716e+004 2.4449e+000 2.1091e+002 1.2746e+001 2.7090e+005 2.7898e+001 
4.2600e+000 3.8442e+004 2.5125e+000 2.1686e+002 1.3153e+001 2.8482e+005 2.4523e+001 
4.2400e+000 4.0137e+004 2.3894e+000 2.0079e+002 1.2873e+001 2.9865e+005 2.2289e+001 
4.2200e+000 4.1140e+004 2.2800e+000 1.5029e+002 1.3145e+001 3.0768e+005 1.3618e+001 
4.2000e+000 3.7277e+004 2.3948e+000 1.2229e+002 1.2642e+001 2.8085e+005 1.2627e+001 
4.1800e+000 1.8830e+004 2.1848e+000 3.2364e+002 1.2377e+001 1.3639e+005 1.0324e+001 
4.1600e+000 3.1060e+004 1.9867e+000 2.6133e+002 1.1947e+001 2.3095e+005 1.2500e+001 
4.1400e+000 3.6021e+004 1.8550e+000 2.0859e+002 1.0784e+001 2.6983e+005 1.5469e+001 
4.1200e+000 3.8707e+004 1.7240e+000 1.6787e+002 1.0194e+001 2.9100e+005 1.8372e+001 
4.1000e+000 4.1155e+004 1.7063e+000 1.2973e+002 9.5151e+000 3.1017e+005 2.1057e+001 
4.0800e+000 4.4148e+004 1.5354e+000 8.9280e+001 7.6082e+000 3.3359e+005 2.7062e+001 
4.0600e+000 4.6637e+004 1.3343e+000 4.7388e+001 6.2623e+000 3.5333e+005 2.2764e+001 
4.0400e+000 4.4107e+004 1.5155e+000 1.4399e+002 5.8562e+000 3.3534e+005 1.6631e+001 
4.0200e+000 1.6740e+004 1.3951e+000 2.9441e+002 6.3651e+000 1.2527e+005 2.0542e+001 
4.0000e+000 2.9658e+004 1.3095e+000 2.8219e+002 5.1598e+000 2.2416e+005 2.0007e+001 
3.9800e+000 3.5772e+004 1.2724e+000 2.8416e+002 5.5223e+000 2.7131e+005 1.9332e+001 
3.9600e+000 3.9799e+004 1.2770e+000 2.8836e+002 5.9710e+000 3.0255e+005 1.8154e+001 
3.9400e+000 4.3709e+004 1.4152e+000 2.8122e+002 6.8457e+000 3.3298e+005 1.2164e+001 
3.9200e+000 4.7636e+004 1.3765e+000 2.5433e+002 7.0701e+000 3.6366e+005 7.9761e+000 
3.9000e+000 5.0726e+004 1.0367e+000 2.0974e+002 5.7858e+000 3.8803e+005 1.6439e+000 
3.8800e+000 5.5499e+004 1.2208e+000 1.1498e+002 6.6934e+000 4.2499e+005 4.9174e+000 
3.8600e+000 3.1463e+004 9.4265e-001 2.8214e+002 5.9208e+000 2.4112e+005 5.9874e+000 
3.8400e+000 2.3722e+004 9.7030e-001 3.1536e+002 6.2714e+000 1.8303e+005 7.6735e+000 
3.8200e+000 3.4185e+004 9.7137e-001 2.7826e+002 6.9153e+000 2.6344e+005 1.0689e+001 
3.8000e+000 4.1051e+004 9.7902e-001 2.4723e+002 5.8498e+000 3.1620e+005 1.4651e+001 
3.7800e+000 4.6379e+004 9.1377e-001 2.2323e+002 5.5095e+000 3.5706e+005 1.5853e+001 
3.7600e+000 5.0756e+004 7.0367e-001 2.0528e+002 2.7434e+000 3.9057e+005 1.8467e+001 
3.7400e+000 5.4501e+004 5.1209e-001 1.9551e+002 1.8549e+000 4.1929e+005 1.5229e+001 
3.7200e+000 6.1448e+004 4.9792e-001 1.8084e+002 3.2370e+000 4.7208e+005 9.9963e+000 
3.7000e+000 7.1326e+004 6.5018e-001 9.1117e+001 2.1234e+000 5.4611e+005 1.6336e+001 
3.6800e+000 4.2728e+004 3.1835e-001 2.5268e+002 9.4288e-001 3.2538e+005 5.9772e+000 
3.6600e+000 2.7234e+004 3.2519e-001 3.6545e+002 1.9024e+000 2.1245e+005 8.9490e+000 
3.6400e+000 3.9318e+004 4.1590e-001 3.8431e+002 1.1142e+000 3.0534e+005 8.9249e+000 
3.6200e+000 4.7634e+004 4.9665e-001 3.8822e+002 1.7342e+000 3.6883e+005 6.8171e+000 
3.6000e+000 5.3694e+004 4.6358e-001 3.8065e+002 2.7601e+000 4.1508e+005 5.6239e+000 
3.5800e+000 5.9244e+004 3.9760e-001 3.6327e+002 1.6337e+000 4.5744e+005 3.1417e+000 
3.5600e+000 6.5977e+004 4.4425e-001 3.3522e+002 1.5461e+000 5.0874e+005 3.9379e+000 
3.5400e+000 7.6514e+004 6.6756e-001 2.8845e+002 4.4274e+000 5.8867e+005 2.8781e+000 
3.5200e+000 9.5393e+004 6.0259e-001 1.7596e+002 3.1597e+000 7.3084e+005 1.4112e+001 
3.5000e+000 8.6152e+004 1.3618e-001 1.8138e+002 6.0305e-001 6.5475e+005 2.2344e+001 
3.4800e+000 3.7602e+004 4.7743e-001 3.2473e+002 3.7055e+000 2.8950e+005 1.5453e+001 
3.4600e+000 4.3435e+004 5.0221e-001 3.1647e+002 4.6534e+000 3.3764e+005 1.2522e+001 
3.4400e+000 5.2145e+004 5.1999e-001 3.0550e+002 5.5930e+000 4.0433e+005 1.4246e+001 
3.4200e+000 5.9451e+004 5.1188e-001 3.0144e+002 5.6470e+000 4.5975e+005 1.4889e+001 
3.4000e+000 6.6358e+004 5.2777e-001 3.0366e+002 6.1733e+000 5.1189e+005 1.3969e+001 
3.3800e+000 7.3852e+004 4.7338e-001 3.0813e+002 5.8934e+000 5.6829e+005 1.2533e+001 
3.3600e+000 8.3472e+004 4.0396e-001 3.0926e+002 5.1833e+000 6.4055e+005 1.0256e+001 
3.3400e+000 9.7675e+004 6.0343e-001 2.9233e+002 2.5414e+000 7.4682e+005 1.7485e+001 
3.3200e+000 1.1478e+005 1.1733e+000 2.0349e+002 5.5489e+000 8.7315e+005 3.1556e+001 
3.3000e+000 1.0371e+005 9.0457e-001 8.5556e+001 3.8404e+000 7.8363e+005 2.2801e+001 
3.2800e+000 5.8872e+004 5.4445e-001 3.1568e+002 4.0515e+000 4.4495e+005 1.3568e+001 
3.2600e+000 4.7104e+004 2.7356e-001 3.9389e+002 3.0463e+000 3.6212e+005 1.0300e+001 
3.2400e+000 5.2683e+004 3.0810e-003 4.1715e+002 1.3533e+000 4.0693e+005 1.0233e+001 
3.2200e+000 5.9739e+004 3.6861e-001 4.1942e+002 1.8097e+000 4.6090e+005 1.0420e+001 
3.2000e+000 6.6970e+004 6.7562e-001 4.1023e+002 4.5767e+000 5.1561e+005 1.3058e+001 
3.1800e+000 7.5512e+004 1.1965e+000 3.9452e+002 9.1620e+000 5.7991e+005 1.6493e+001 
3.1600e+000 8.6038e+004 1.8345e+000 3.7441e+002 1.3279e+001 6.5885e+005 1.5075e+001 
3.1400e+000 9.9971e+004 2.1303e+000 3.4779e+002 1.4797e+001 7.6291e+005 1.2301e+001 
3.1200e+000 1.2115e+005 1.6909e+000 2.9923e+002 1.2215e+001 9.2030e+005 2.5606e+001 
3.1000e+000 1.5282e+005 1.9705e+000 1.6149e+002 1.5142e+001 1.1530e+006 7.4669e+001 
3.0800e+000 1.2297e+005 3.4797e+000 2.0955e+002 2.5081e+001 9.1808e+005 5.9592e+001 
3.0600e+000 5.3562e+004 1.6058e+000 3.6839e+002 1.1300e+001 4.0138e+005 2.9993e+001 
3.0400e+000 4.9998e+004 9.6980e-001 3.9806e+002 7.0621e+000 3.8420e+005 2.3685e+001 
3.0200e+000 6.1205e+004 9.8097e-001 4.1138e+002 6.9930e+000 4.7029e+005 2.2906e+001 
3.0000e+000 7.2226e+004 8.9973e-001 4.2435e+002 6.1572e+000 5.5284e+005 2.0004e+001 
2.9800e+000 8.2913e+004 8.6135e-001 4.3839e+002 5.1445e+000 6.3223e+005 1.9015e+001 
2.9600e+000 9.4514e+004 7.6547e-001 4.5355e+002 4.9501e+000 7.1802e+005 2.1033e+001 
2.9400e+000 1.0871e+005 7.5263e-001 4.6792e+002 4.9593e+000 8.2269e+005 2.9540e+001 
2.9200e+000 1.2798e+005 1.0541e+000 4.7811e+002 6.5099e+000 9.6445e+005 4.2284e+001 
2.9000e+000 1.5714e+005 1.7256e+000 4.7352e+002 9.4967e+000 1.1783e+006 7.6414e+001 
2.8800e+000 2.0630e+005 5.2531e-001 3.9594e+002 7.9808e+000 1.5370e+006 6.8665e+001 
2.8600e+000 1.9675e+005 4.8958e+000 1.5473e+002 3.6410e+001 1.4525e+006 5.0335e+001 
2.8400e+000 8.7930e+004 4.7225e+000 4.2427e+002 3.2573e+001 6.4881e+005 8.4854e+001 
2.8200e+000 7.4123e+004 4.0370e+000 4.9202e+002 2.7796e+001 5.5624e+005 8.6758e+001 
2.8000e+000 8.5185e+004 3.8446e+000 5.1353e+002 2.7524e+001 6.4046e+005 8.7952e+001 
2.7800e+000 9.7695e+004 3.7650e+000 5.2221e+002 2.5339e+001 7.3261e+005 9.0399e+001 
2.7600e+000 1.0983e+005 3.4797e+000 5.2587e+002 2.4074e+001 8.2099e+005 9.1006e+001 
2.7400e+000 1.2225e+005 3.3861e+000 5.2550e+002 2.4282e+001 9.1070e+005 9.3231e+001 
2.7200e+000 1.3508e+005 5.0766e+000 5.2018e+002 3.7694e+001 1.0028e+006 9.7261e+001 
2.7000e+000 1.4589e+005 9.1103e+000 5.1751e+002 6.6180e+001 1.0799e+006 1.0367e+002 
2.6800e+000 1.5866e+005 1.0402e+001 5.3931e+002 7.3274e+001 1.1714e+006 9.6280e+001 
2.6600e+000 1.8704e+005 7.5356e+000 5.5695e+002 5.2996e+001 1.3754e+006 6.1220e+001 
2.6400e+000 2.4008e+005 1.1301e+001 5.3818e+002 8.3641e+001 1.7559e+006 5.6811e+001 
2.6200e+000 3.2149e+005 2.1560e+001 3.2795e+002 1.5624e+002 2.3351e+006 5.3676e+001 
2.6000e+000 2.2222e+005 2.9090e+001 2.7300e+002 2.0535e+002 1.6011e+006 7.1370e+001 
2.5800e+000 1.1369e+005 2.2444e+001 5.2002e+002 1.5650e+002 8.1887e+005 5.4095e+001 
2.5600e+000 9.4806e+004 1.7524e+001 6.0512e+002 1.2064e+002 6.8939e+005 4.7507e+001 
2.5400e+000 1.0113e+005 1.4797e+001 6.5606e+002 1.0130e+002 7.3731e+005 4.8388e+001 
2.5200e+000 1.1091e+005 1.4504e+001 6.9811e+002 9.9891e+001 8.0739e+005 4.5252e+001 
2.5000e+000 1.1943e+005 1.7274e+001 7.4126e+002 1.1899e+002 8.6728e+005 3.1797e+001 
2.4800e+000 1.2769e+005 2.2405e+001 7.9654e+002 1.5303e+002 9.2508e+005 2.6083e+001 
2.4600e+000 1.4417e+005 2.4639e+001 8.6379e+002 1.6683e+002 1.0411e+006 1.2427e+002 
2.4400e+000 1.6881e+005 2.1415e+001 9.1921e+002 1.4347e+002 1.2134e+006 2.3615e+002 
2.4200e+000 1.9630e+005 1.5607e+001 9.6439e+002 1.0266e+002 1.4044e+006 3.6906e+002 
2.4000e+000 2.3161e+005 1.3673e+001 1.0077e+003 8.6633e+001 1.6491e+006 4.9275e+002 
2.3800e+000 2.8965e+005 2.3430e+001 1.0453e+003 1.5771e+002 2.0518e+006 2.8419e+002 
2.3600e+000 4.1305e+005 3.3979e+001 1.0101e+003 2.3832e+002 2.9082e+006 1.8730e+002 
2.3400e+000 4.9057e+005 6.3233e+001 4.4794e+002 4.4601e+002 3.4280e+006 3.0161e+002 
2.3200e+000 2.0655e+005 5.2789e+001 8.9332e+002 3.6782e+002 1.4329e+006 7.7825e+001 
2.3000e+000 1.2015e+005 4.9077e+001 1.1020e+003 3.3976e+002 8.3611e+005 1.2051e+002 
2.2800e+000 1.1255e+005 5.3792e+001 1.2218e+003 3.7043e+002 7.8822e+005 3.3204e+002 
2.2600e+000 1.2358e+005 6.3467e+001 1.3271e+003 4.3631e+002 8.6549e+005 5.8943e+002 
2.2400e+000 1.4023e+005 7.5209e+001 1.4377e+003 5.1805e+002 9.7917e+005 8.8326e+002 
2.2200e+000 1.6043e+005 8.4325e+001 1.5603e+003 5.7987e+002 1.1154e+006 1.1586e+003 
2.2000e+000 1.8210e+005 8.6995e+001 1.6953e+003 5.9633e+002 1.2601e+006 1.3692e+003 
2.1800e+000 2.0393e+005 8.2696e+001 1.8429e+003 5.6480e+002 1.4044e+006 1.5379e+003 
2.1600e+000 2.2694e+005 7.1492e+001 2.0076e+003 4.8427e+002 1.5553e+006 1.7386e+003 
2.1400e+000 2.5403e+005 5.2005e+001 2.1967e+003 3.4958e+002 1.7326e+006 2.0538e+003 
2.1200e+000 2.9025e+005 6.0991e+001 2.4209e+003 4.1925e+002 1.9698e+006 2.2280e+003 
2.1000e+000 3.4602e+005 9.5383e+001 2.6987e+003 6.4207e+002 2.3362e+006 1.4240e+003 
2.0800e+000 4.4902e+005 9.4630e+001 3.0639e+003 6.0934e+002 3.0149e+006 8.2088e+002 
2.0600e+000 6.9002e+005 1.3081e+002 3.5081e+003 7.7798e+002 4.6055e+006 8.7437e+002 
2.0400e+000 9.3481e+005 3.3134e+002 2.0939e+003 2.0549e+003 6.2001e+006 1.5455e+003 
2.0200e+000 4.4187e+005 2.9476e+002 1.7399e+003 1.8668e+003 2.9136e+006 1.2404e+003 
2.0000e+000 2.5520e+005 2.5624e+002 2.7155e+003 1.6254e+003 1.6769e+006 1.2309e+003 
1.9800e+000 2.0565e+005 2.3978e+002 3.3474e+003 1.5130e+003 1.3497e+006 1.4577e+003 
1.9600e+000 2.0286e+005 2.2768e+002 3.8894e+003 1.4257e+003 1.3287e+006 1.8204e+003 
1.9400e+000 2.1682e+005 2.1345e+002 4.4118e+003 1.3247e+003 1.4149e+006 2.2698e+003 
1.9200e+000 2.3704e+005 1.9561e+002 4.9404e+003 1.2025e+003 1.5399e+006 2.7909e+003 
1.9000e+000 2.6038e+005 1.7435e+002 5.4936e+003 1.0603e+003 1.6832e+006 3.3835e+003 
1.8800e+000 2.8653e+005 1.4952e+002 6.0880e+003 8.9930e+002 1.8427e+006 4.0505e+003 
1.8600e+000 3.1644e+005 1.2007e+002 6.7420e+003 7.1141e+002 2.0244e+006 4.7672e+003 
1.8400e+000 3.5197e+005 8.5756e+001 7.4777e+003 4.8999e+002 2.2398e+006 5.4029e+003 
1.8200e+000 3.9617e+005 5.4738e+001 8.3260e+003 2.7555e+002 2.5076e+006 5.6446e+003 
1.8000e+000 4.5432e+005 4.5324e+001 9.3351e+003 1.9654e+002 2.8601e+006 5.3213e+003 
1.7800e+000 5.3669e+005 3.6525e+001 1.0593e+004 1.3703e+002 3.3602e+006 5.0734e+003 
1.7600e+000 6.6631e+005 3.9343e+001 1.2289e+004 2.4811e+002 4.1488e+006 5.3333e+003 
1.7400e+000 9.0574e+005 1.4141e+002 1.4891e+004 9.5010e+002 5.6086e+006 5.4511e+003 
1.7200e+000 1.4648e+006 4.2029e+002 1.9654e+004 2.7771e+003 9.0208e+006 3.6614e+003 
1.7000e+000 2.2800e+006 9.8516e+002 2.0696e+004 6.5037e+003 1.3965e+007 1.1138e+004 
1.6800e+000 1.2109e+006 6.9549e+002 5.5084e+003 4.6259e+003 7.3777e+006 1.7238e+004 
1.6600e+000 7.0147e+005 4.7874e+002 5.8651e+003 3.2266e+003 4.2521e+006 1.8096e+004 
1.6400e+000 5.1811e+005 3.7447e+002 8.5196e+003 2.5682e+003 3.1248e+006 1.9167e+004 
1.6200e+000 4.5055e+005 3.1157e+002 1.0640e+004 2.1792e+003 2.7033e+006 2.0479e+004 
1.6000e+000 4.3324e+005 2.6628e+002 1.2505e+004 1.9015e+003 2.5854e+006 2.1967e+004 
1.5800e+000 4.4061e+005 2.2821e+002 1.4298e+004 1.6645e+003 2.6147e+006 2.3625e+004 
1.5600e+000 4.6175e+005 1.9188e+002 1.6120e+004 1.4256e+003 2.7248e+006 2.5454e+004 
1.5400e+000 4.9218e+005 1.5338e+002 1.8040e+004 1.1507e+003 2.8880e+006 2.7427e+004 
1.5200e+000 5.3048e+005 1.1124e+002 2.0113e+004 8.0778e+002 3.0952e+006 2.9419e+004 
1.5000e+000 5.7703e+005 7.4806e+001 2.2393e+004 3.8896e+002 3.3479e+006 3.1067e+004 
1.4800e+000 6.3356e+005 8.5988e+001 2.4941e+004 2.7584e+002 3.6554e+006 3.1831e+004 
1.4600e+000 7.0332e+005 1.5045e+002 2.7828e+004 8.5124e+002 4.0356e+006 3.1283e+004 
1.4400e+000 7.9165e+005 2.3964e+002 3.1154e+004 1.5526e+003 4.5178e+006 2.9561e+004 
1.4200e+000 9.0725e+005 3.5630e+002 3.5052e+004 2.4235e+003 5.1500e+006 2.7302e+004 
1.4000e+000 1.0646e+006 5.2376e+002 3.9711e+004 3.6441e+003 6.0116e+006 2.5274e+004 
1.3800e+000 1.2880e+006 7.8042e+002 4.5377e+004 5.4977e+003 7.2364e+006 2.4421e+004 
1.3600e+000 1.6173e+006 1.1904e+003 5.2236e+004 8.4406e+003 9.0416e+006 2.6498e+004 
1.3400e+000 2.0993e+006 1.8453e+003 5.9650e+004 1.3124e+004 1.1680e+007 3.4530e+004 
1.3200e+000 2.6737e+006 2.7509e+003 6.2947e+004 1.9562e+004 1.4807e+007 5.0092e+004 
1.3000e+000 2.8972e+006 3.4132e+003 5.1386e+004 2.4222e+004 1.5972e+007 6.4429e+004 
1.2800e+000 2.5388e+006 3.3484e+003 2.8324e+004 2.3672e+004 1.3933e+007 6.6294e+004 
1.2600e+000 2.0795e+006 3.0031e+003 8.4624e+003 2.1127e+004 1.1361e+007 6.1976e+004 
1.2400e+000 1.7497e+006 2.7119e+003 5.6914e+003 1.8967e+004 9.5160e+006 5.7676e+004 
1.2200e+000 1.5411e+006 2.5194e+003 1.5991e+004 1.7508e+004 8.3428e+006 5.4551e+004 
1.2000e+000 1.4158e+006 2.4084e+003 2.4155e+004 1.6621e+004 7.6281e+006 5.2470e+004 
1.1800e+000 1.3467e+006 2.3617e+003 3.1068e+004 1.6184e+004 7.2213e+006 5.1138e+004 
1.1600e+000 1.3175e+006 2.3692e+003 3.7218e+004 1.6119e+004 7.0303e+006 5.0378e+004 
1.1400e+000 1.3182e+006 2.4271e+003 4.2868e+004 1.6394e+004 7.0001e+006 5.0071e+004 
1.1200e+000 1.3429e+006 2.5346e+003 4.8150e+004 1.7003e+004 7.0967e+006 5.0147e+004 
1.1000e+000 1.3877e+006 2.6941e+003 5.3105e+004 1.7954e+004 7.2982e+006 5.0580e+004 
1.0800e+000 1.4498e+006 2.9079e+003 5.7698e+004 1.9261e+004 7.5887e+006 5.1313e+004 
1.0600e+000 1.5266e+006 3.1774e+003 6.1820e+004 2.0930e+004 7.9530e+006 5.2317e+004 
1.0400e+000 1.6146e+006 3.5010e+003 6.5281e+004 2.2946e+004 8.3729e+006 5.3528e+004 
1.0200e+000 1.7089e+006 3.8707e+003 6.7817e+004 2.5258e+004 8.8225e+006 5.4850e+004 
1.0000e+000 1.8027e+006 4.2705e+003 6.9108e+004 2.7760e+004 9.2660e+006 5.6144e+004 
9.8000e-001 1.8870e+006 4.6754e+003 6.8837e+004 3.0289e+004 9.6581e+006 5.7263e+004 
9.6000e-001 1.9524e+006 5.0528e+003 6.6797e+004 3.2639e+004 9.9510e+006 5.8022e+004 
9.4000e-001 1.9910e+006 5.3704e+003 6.2993e+004 3.4601e+004 1.0106e+007 5.8297e+004 
9.2000e-001 1.9992e+006 5.6034e+003 5.7705e+004 3.6022e+004 1.0107e+007 5.8065e+004 
9.0000e-001 1.9784e+006 5.7424e+003 5.1438e+004 3.6845e+004 9.9633e+006 5.7377e+004 
8.8000e-001 1.9343e+006 5.7926e+003 4.4792e+004 3.7106e+004 9.7034e+006 5.6371e+004 
8.6000e-001 1.8740e+006 5.7690e+003 3.8330e+004 3.6905e+004 9.3657e+006 5.5180e+004 
8.4000e-001 1.8047e+006 5.6901e+003 3.2501e+004 3.6359e+004 8.9857e+006 5.3936e+004 
8.2000e-001 1.7316e+006 5.5728e+003 2.7619e+004 3.5579e+004 8.5905e+006 5.2719e+004 
8.0000e-001 1.6585e+006 5.4316e+003 2.3872e+004 3.4651e+004 8.1985e+006 5.1564e+004 
7.8000e-001 1.5876e+006 5.2754e+003 2.1322e+004 3.3639e+004 7.8201e+006 5.0491e+004 
7.6000e-001 1.5198e+006 5.1118e+003 1.9887e+004 3.2585e+004 7.4605e+006 4.9495e+004 
7.4000e-001 1.4556e+006 4.9447e+003 1.9355e+004 3.1517e+004 7.1211e+006 4.8563e+004 
7.2000e-001 1.3950e+006 4.7774e+003 1.9450e+004 3.0452e+004 6.8018e+006 4.7678e+004 
7.0000e-001 1.3377e+006 4.6113e+003 1.9917e+004 2.9400e+004 6.5011e+006 4.6822e+004 
6.8000e-001 1.2834e+006 4.4477e+003 2.0568e+004 2.8367e+004 6.2173e+006 4.5980e+004 
6.6000e-001 1.2317e+006 4.2870e+003 2.1282e+004 2.7355e+004 5.9487e+006 4.5145e+004 
6.4000e-001 1.1825e+006 4.1296e+003 2.1989e+004 2.6368e+004 5.6934e+006 4.4302e+004 
6.2000e-001 1.1353e+006 3.9757e+003 2.2653e+004 2.5403e+004 5.4501e+006 4.3444e+004 
6.0000e-001 1.0899e+006 3.8251e+003 2.3256e+004 2.4462e+004 5.2173e+006 4.2571e+004 
5.8000e-001 1.0461e+006 3.6780e+003 2.3788e+004 2.3543e+004 4.9939e+006 4.1665e+004 
5.6000e-001 1.0038e+006 3.5341e+003 2.4245e+004 2.2645e+004 4.7788e+006 4.0735e+004 
5.4000e-001 9.6271e+005 3.3934e+003 2.4623e+004 2.1766e+004 4.5712e+006 3.9768e+004 
5.2000e-001 9.2272e+005 3.2557e+003 2.4917e+004 2.0906e+004 4.3702e+006 3.8768e+004 
5.0000e-001 8.8371e+005 3.1206e+003 2.5124e+004 2.0062e+004 4.1752e+006 3.7733e+004 
4.8000e-001 8.4553e+005 2.9879e+003 2.5238e+004 1.9233e+004 3.9854e+006 3.6658e+004 
4.6000e-001 8.0808e+005 2.8575e+003 2.5252e+004 1.8417e+004 3.8002e+006 3.5542e+004 
4.4000e-001 7.7126e+005 2.7290e+003 2.5163e+004 1.7610e+004 3.6191e+006 3.4387e+004 
4.2000e-001 7.3496e+005 2.6022e+003 2.4966e+004 1.6812e+004 3.4416e+006 3.3190e+004 
4.0000e-001 6.9911e+005 2.4766e+003 2.4656e+004 1.6022e+004 3.2672e+006 3.1953e+004 
3.8000e-001 6.6361e+005 2.3524e+003 2.4232e+004 1.5236e+004 3.0954e+006 3.0675e+004 
3.6000e-001 6.2840e+005 2.2289e+003 2.3692e+004 1.4455e+004 2.9258e+006 2.9354e+004 
3.4000e-001 5.9340e+005 2.1061e+003 2.3037e+004 1.3675e+004 2.7581e+006 2.7990e+004 
3.2000e-001 5.5857e+005 1.9838e+003 2.2268e+004 1.2896e+004 2.5920e+006 2.6587e+004 
3.0000e-001 5.2384e+005 1.8617e+003 2.1388e+004 1.2116e+004 2.4271e+006 2.5146e+004 
2.8000e-001 4.8918e+005 1.7397e+003 2.0403e+004 1.1334e+004 2.2632e+006 2.3664e+004 
2.6000e-001 4.5454e+005 1.6175e+003 1.9316e+004 1.0549e+004 2.1002e+006 2.2146e+004 
2.4000e-001 4.1990e+005 1.4952e+003 1.8137e+004 9.7612e+003 1.9377e+006 2.0590e+004 
2.2000e-001 3.8523e+005 1.3726e+003 1.6871e+004 8.9690e+003 1.7756e+006 1.9002e+004 
2.0000e-001 3.5051e+005 1.2497e+003 1.5529e+004 8.1726e+003 1.6139e+006 1.7382e+004 
1.8000e-001 3.1574e+005 1.1263e+003 1.4119e+004 7.3715e+003 1.4524e+006 1.5732e+004 
1.6000e-001 2.8089e+005 1.0025e+003 1.2652e+004 6.5661e+003 1.2910e+006 1.4055e+004 
1.4000e-001 2.4598e+005 8.7833e+002 1.1138e+004 5.7563e+003 1.1297e+006 1.2354e+004 
1.2000e-001 2.1099e+005 7.5372e+002 9.5863e+003 4.9424e+003 9.6839e+005 1.0630e+004 
1.0000e-001 1.7594e+005 6.2873e+002 8.0079e+003 4.1247e+003 8.0706e+005 8.8878e+003 
8.0000e-002 1.4083e+005 5.0340e+002 6.4119e+003 3.3039e+003 6.4571e+005 7.1294e+003 
6.0000e-002 1.0567e+005 3.7781e+002 4.8069e+003 2.4804e+003 4.8432e+005 5.3584e+003 
4.0000e-002 7.0467e+004 2.5199e+002 3.2003e+003 1.6547e+003 3.2290e+005 3.5777e+003 
2.0000e-002 3.5240e+004 1.2603e+002 1.5974e+003 8.2774e+002 1.6146e+005 1.7905e+003 
