7.9600e+000 6.5282e-001 1.5708e+000 -9.1798e-001 2.2236e+000 -2.4888e+000 4.9821e-001 
7.9400e+000 2.4748e-001 1.4464e+000 -1.3233e+000 1.5710e+000 -2.8941e+000 1.3471e+000 
7.9200e+000 -1.5684e-001 -3.8805e-011 -1.7276e+000 1.6950e+000 2.9848e+000 -2.6459e+000 
7.9000e+000 -5.6014e-001 1.3258e+000 -2.1309e+000 1.1670e-003 2.5815e+000 2.7945e+000 
7.8800e+000 -9.6241e-001 -1.5708e+000 -2.5332e+000 6.0839e-001 2.1792e+000 -1.5527e+000 
7.8600e+000 -1.3637e+000 -1.5708e+000 -2.9345e+000 2.0714e-001 1.7779e+000 -2.5685e+000 
7.8400e+000 1.3777e+000 2.8966e+000 2.9485e+000 -3.1416e+000 -1.7639e+000 -2.8038e+000 
7.8200e+000 9.7847e-001 -3.4877e-001 2.5493e+000 -4.6369e-001 -2.1631e+000 1.9392e+000 
7.8000e+000 5.8027e-001 -1.5708e+000 2.1511e+000 1.5704e+000 -2.5613e+000 -3.0766e+000 
7.7800e+000 1.8309e-001 -1.5708e+000 1.7539e+000 1.4463e+000 -2.9585e+000 8.7468e-001 
7.7600e+000 -2.1307e-001 -7.8540e-001 1.3577e+000 -1.7839e+000 2.9285e+000 1.5742e+000 
7.7400e+000 -6.0822e-001 -1.1071e+000 9.6258e-001 -2.1790e+000 2.5334e+000 1.8373e+000 
7.7200e+000 -1.0023e+000 1.5708e+000 5.6847e-001 -1.8644e-004 2.1393e+000 -2.6762e+000 
7.7000e+000 -1.3954e+000 2.9764e+000 1.7538e-001 -3.1416e+000 1.7462e+000 -1.3148e+000 
7.6800e+000 -1.7875e+000 -1.5708e+000 -2.1673e-001 -1.2434e-001 1.3541e+000 -1.2842e+000 
7.6600e+000 -2.1786e+000 -4.6365e-001 -6.0777e-001 -2.8200e+000 9.6303e-001 2.4988e+000 
7.6400e+000 -2.5686e+000 0.0000e+000 -9.9782e-001 2.1438e+000 5.7298e-001 5.6752e-001 
7.6200e+000 -2.9576e+000 -1.6313e+000 -1.3868e+000 1.7658e-002 1.8396e-001 1.2230e+000 
7.6000e+000 2.9376e+000 -1.8925e+000 -1.7748e+000 1.3668e+000 -2.0404e-001 -1.5543e+000 
7.5800e+000 2.5506e+000 7.8540e-001 -2.1618e+000 -2.3562e+000 -5.9102e-001 2.7092e+000 
7.5600e+000 2.1646e+000 2.3562e+000 -2.5478e+000 1.9703e-004 -9.7699e-001 1.5627e+000 
7.5400e+000 1.7797e+000 -2.7417e-001 -2.9327e+000 1.5696e+000 -1.3619e+000 1.7649e+000 
7.5200e+000 1.3957e+000 1.5708e+000 2.9665e+000 -1.7505e-001 -1.7459e+000 -6.8188e-001 
7.5000e+000 1.0128e+000 3.1416e+000 2.5836e+000 -1.8786e-004 -2.1288e+000 -2.0188e+000 
7.4800e+000 6.3095e-001 -1.8158e+000 2.2017e+000 -5.7440e-004 -2.5106e+000 2.9312e+000 
7.4600e+000 2.5009e-001 1.9296e+000 1.8209e+000 1.5707e+000 -2.8915e+000 -1.2441e-002 
7.4400e+000 -1.2974e-001 -1.5708e+000 1.4411e+000 1.5708e+000 3.0118e+000 1.7321e-001 
7.4200e+000 -5.0857e-001 1.5708e+000 1.0622e+000 -1.5709e+000 2.6330e+000 1.6444e+000 
7.4000e+000 -8.8638e-001 2.9764e+000 6.8442e-001 -3.1415e+000 2.2552e+000 2.3195e-001 
7.3800e+000 -1.2631e+000 -1.5708e+000 3.0765e-001 -1.5714e+000 1.8784e+000 9.9669e-001 
7.3600e+000 -1.6389e+000 2.4498e-001 -6.8133e-002 3.1416e+000 1.5027e+000 -2.2350e+000 
7.3400e+000 -2.0137e+000 -7.2760e-012 -4.4287e-001 1.5499e-004 1.1279e+000 2.2402e+000 
7.3200e+000 -2.3874e+000 -3.1416e+000 -8.1660e-001 -2.0347e+000 7.5420e-001 2.1700e+000 
7.3000e+000 -2.7601e+000 -1.9296e+000 -1.1893e+000 -1.7562e+000 3.8150e-001 -5.0978e-001 
7.2800e+000 -3.1318e+000 -1.5708e+000 -1.5610e+000 1.5708e+000 9.8085e-003 3.1291e+000 
7.2600e+000 2.7807e+000 -1.5708e+000 -1.9317e+000 -2.3563e+000 -3.6085e-001 2.5461e+000 
7.2400e+000 2.4111e+000 1.5708e+000 -2.3013e+000 -2.8967e+000 -7.3050e-001 -8.9757e-001 
7.2200e+000 2.0425e+000 -1.5708e+000 -2.6699e+000 2.9713e+000 -1.0991e+000 -2.3220e+000 
7.2000e+000 1.6749e+000 3.1416e+000 -3.0375e+000 1.0406e-001 -1.4667e+000 -1.5574e+000 
7.1800e+000 1.3083e+000 -1.3258e+000 2.8791e+000 4.6354e-001 -1.8333e+000 1.5938e+000 
7.1600e+000 9.4270e-001 -1.7561e+000 2.5135e+000 -1.0732e-004 -2.1989e+000 -7.7011e-001 
7.1400e+000 5.7815e-001 -1.4773e+000 2.1490e+000 -1.9018e+000 -2.5634e+000 -2.3243e+000 
7.1200e+000 2.1462e-001 1.5708e+000 1.7854e+000 1.5708e+000 -2.9270e+000 -2.0985e+000 
7.1000e+000 -1.4789e-001 1.5708e+000 1.4229e+000 -3.1412e+000 2.9937e+000 -2.2838e+000 
7.0800e+000 -5.0937e-001 -1.5708e+000 1.0614e+000 -2.0802e+000 2.6322e+000 -1.1729e+000 
7.0600e+000 -8.6985e-001 2.8966e+000 7.0095e-001 -1.5719e+000 2.2717e+000 3.1113e+000 
7.0400e+000 -1.2293e+000 1.5708e+000 3.4150e-001 -2.4508e-001 1.9123e+000 -1.5158e+000 
7.0200e+000 -1.5877e+000 -3.1416e+000 -1.6933e-002 3.1247e+000 1.5539e+000 1.6098e+000 
7.0000e+000 -1.9451e+000 -3.1416e+000 -3.7434e-001 1.3265e-004 1.1965e+000 -2.0002e+000 
6.9800e+000 -2.3015e+000 -3.1416e+000 -7.3073e-001 3.1414e+000 8.4007e-001 2.5945e+000 
6.9600e+000 -2.6569e+000 -3.1416e+000 -1.0861e+000 6.3878e-004 4.8470e-001 1.5736e+000 
6.9400e+000 -3.0112e+000 -1.5708e+000 -1.4404e+000 1.7011e+000 1.3035e-001 2.6494e-001 
6.9200e+000 2.9186e+000 -1.5708e+000 -1.7938e+000 1.5708e+000 -2.2297e-001 2.6970e+000 
6.9000e+000 2.5663e+000 1.5708e+000 -2.1461e+000 1.5706e+000 -5.7530e-001 3.1232e+000 
6.8800e+000 2.2150e+000 3.6380e-012 -2.4974e+000 -2.5830e+000 -9.2658e-001 2.2188e+000 
6.8600e+000 1.8647e+000 3.6380e-012 -2.8477e+000 5.1285e-005 -1.2769e+000 1.9953e+000 
6.8400e+000 1.5155e+000 3.6380e-012 3.0863e+000 -9.7372e-006 -1.6261e+000 1.7026e+000 
6.8200e+000 1.1672e+000 -7.8540e-001 2.7380e+000 -1.5707e+000 -1.9743e+000 1.3153e+000 
6.8000e+000 8.2004e-001 0.0000e+000 2.3908e+000 -2.7153e-004 -2.3216e+000 -7.1538e-003 
6.7800e+000 4.7385e-001 -2.3562e+000 2.0446e+000 -7.8544e-001 -2.6677e+000 7.1102e-001 
6.7600e+000 1.2867e-001 -1.5708e+000 1.6995e+000 1.5708e+000 -3.0129e+000 -2.9735e+000 
6.7400e+000 -2.1548e-001 -1.5708e+000 1.3553e+000 -1.7863e+000 2.9261e+000 -2.5255e+000 
6.7200e+000 -5.5861e-001 1.5708e+000 1.0122e+000 -1.5712e+000 2.5830e+000 -2.8003e+000 
6.7000e+000 -9.0073e-001 -2.0344e+000 6.7006e-001 -2.4715e+000 2.2409e+000 -5.4625e-001 
6.6800e+000 -1.2418e+000 -2.8198e+000 3.2896e-001 -3.1415e+000 1.8998e+000 -1.3903e+000 
6.6600e+000 -1.5819e+000 -9.2730e-001 -1.1106e-002 3.1416e+000 1.5597e+000 1.5552e+000 
6.6400e+000 -1.9210e+000 1.1071e+000 -3.5016e-001 3.1416e+000 1.2206e+000 -5.8882e-001 
6.6200e+000 -2.2590e+000 -3.1416e+000 -6.8820e-001 1.4933e-004 8.8260e-001 1.9109e+000 
6.6000e+000 -2.5960e+000 -1.9757e+000 -1.0252e+000 1.8158e+000 5.4558e-001 2.0095e+000 
6.5800e+000 -2.9320e+000 -1.5708e+000 -1.3612e+000 -1.5708e+000 2.0960e-001 -2.6523e+000 
6.5600e+000 3.0162e+000 2.5393e+000 -1.6962e+000 -1.5708e+000 -1.2539e-001 2.2079e-001 
6.5400e+000 2.6822e+000 1.5708e+000 -2.0301e+000 -1.5707e+000 -4.5935e-001 6.4785e-001 
6.5200e+000 2.3493e+000 1.5708e+000 -2.3631e+000 -1.5707e+000 -7.9228e-001 1.4514e+000 
6.5000e+000 2.0174e+000 2.3562e+000 -2.6950e+000 4.4660e-001 -1.1242e+000 2.5498e+000 
6.4800e+000 1.6865e+000 6.2880e-001 -3.0259e+000 1.1570e-001 -1.4551e+000 1.0918e+000 
6.4600e+000 1.3566e+000 3.1416e+000 2.9274e+000 -3.1415e+000 -1.7850e+000 1.5328e+000 
6.4400e+000 1.0278e+000 3.1416e+000 2.5986e+000 -3.1412e+000 -2.1138e+000 -2.0213e+000 
6.4200e+000 6.9993e-001 1.8158e+000 2.2707e+000 -8.7087e-001 -2.4417e+000 3.9495e-001 
6.4000e+000 3.7310e-001 3.2175e-001 1.9439e+000 -1.1977e+000 -2.7685e+000 -8.4037e-002 
6.3800e+000 4.7312e-002 1.5708e+000 1.6181e+000 -1.5235e+000 -3.0943e+000 1.4948e-001 
6.3600e+000 -2.7747e-001 -1.5708e+000 1.2933e+000 -1.5709e+000 2.8641e+000 -2.4118e+000 
6.3400e+000 -6.0123e-001 -1.5708e+000 9.6957e-001 1.5711e+000 2.5404e+000 -1.2838e+000 
6.3200e+000 -9.2397e-001 -1.2925e+000 6.4683e-001 -2.4948e+000 2.2176e+000 -9.4231e-001 
6.3000e+000 -1.2457e+000 -3.6380e-012 3.2510e-001 -2.8165e+000 1.8959e+000 -5.7781e-003 
6.2800e+000 -1.5664e+000 -3.1416e+000 4.4074e-003 -3.1416e+000 1.5752e+000 1.5311e+000 
6.2600e+000 -1.8861e+000 -3.1416e+000 -3.1527e-001 2.8263e+000 1.2555e+000 -1.2401e+000 
6.2400e+000 -2.2047e+000 2.2143e+000 -6.3393e-001 1.3529e-004 9.3686e-001 1.1743e+000 
6.2200e+000 -2.5224e+000 -2.6779e+000 -9.5158e-001 2.1900e+000 6.1922e-001 1.9051e+000 
6.2000e+000 -2.8390e+000 -2.7468e+000 -1.2682e+000 3.1415e+000 3.0260e-001 -1.4722e+000 
6.1800e+000 3.1286e+000 2.3562e+000 -1.5838e+000 1.5578e+000 -1.3007e-002 2.9663e+000 
6.1600e+000 2.8140e+000 -1.5708e+000 -1.8984e+000 -1.5708e+000 -3.2758e-001 2.8844e+000 
6.1400e+000 2.5004e+000 -1.5708e+000 -2.2119e+000 -1.5707e+000 -6.4115e-001 -1.9598e+000 
6.1200e+000 2.1879e+000 2.3562e+000 -2.5245e+000 3.1416e+000 -9.5369e-001 -3.1358e+000 
6.1000e+000 1.8764e+000 2.1294e+000 -2.8360e+000 3.0559e-001 -1.2652e+000 4.4689e-001 
6.0800e+000 1.5659e+000 3.1416e+000 3.1367e+000 -3.1416e+000 -1.5757e+000 -1.5591e+000 
6.0600e+000 1.2564e+000 3.1416e+000 2.8272e+000 -1.0154e-004 -1.8852e+000 1.4411e+000 
6.0400e+000 9.4793e-001 3.1416e+000 2.5187e+000 1.3258e+000 -2.1937e+000 1.0609e+000 
6.0200e+000 6.4049e-001 7.8540e-001 2.2113e+000 -9.3030e-001 -2.5011e+000 -8.1655e-001 
6.0000e+000 3.3406e-001 5.8800e-001 1.9049e+000 -1.2367e+000 -2.8075e+000 -1.8705e+000 
5.9800e+000 2.8655e-002 8.3141e-002 1.5994e+000 -1.5708e+000 -3.1129e+000 -7.9699e-001 
5.9600e+000 -2.7573e-001 1.5708e+000 1.2951e+000 -2.1537e-001 2.8659e+000 -7.1365e-001 
5.9400e+000 -5.7909e-001 -4.6365e-001 9.9170e-001 -2.1499e+000 2.5625e+000 -1.2204e+000 
5.9200e+000 -8.8144e-001 -1.5708e+000 6.8935e-001 -2.4522e+000 2.2602e+000 5.8704e-001 
5.9000e+000 -1.1828e+000 -1.1903e+000 3.8803e-001 -2.7536e+000 1.9588e+000 -1.1908e+000 
5.8800e+000 -1.4831e+000 -1.4619e+000 8.7724e-002 -3.9079e-006 1.6585e+000 -2.3941e-001 
5.8600e+000 -1.7824e+000 -3.1416e+000 -2.1155e-001 2.2474e-005 1.3592e+000 1.5904e-002 
5.8400e+000 -2.0806e+000 -2.8633e+000 -5.0982e-001 2.6318e+000 1.0610e+000 6.4538e-001 
5.8200e+000 -2.3779e+000 -6.3665e-012 -8.0708e-001 2.3345e+000 7.6372e-001 -1.2325e+000 
5.8000e+000 -2.6741e+000 -2.7828e+000 -1.1033e+000 -1.5708e+000 4.6750e-001 2.7862e+000 
5.7800e+000 -2.9693e+000 -4.1241e-001 -1.3985e+000 1.7431e+000 1.7230e-001 9.7253e-001 
5.7600e+000 3.0197e+000 -1.5708e+000 -1.6927e+000 1.5708e+000 -1.2189e-001 1.2976e+000 
5.7400e+000 2.7265e+000 2.3562e+000 -1.9858e+000 1.1558e+000 -4.1507e-001 1.4121e+000 
5.7200e+000 2.4344e+000 1.3258e+000 -2.2780e+000 8.6363e-001 -7.0721e-001 1.6200e+000 
5.7000e+000 2.1433e+000 1.5708e+000 -2.5693e+000 5.7231e-001 -9.9834e-001 -6.9398e-001 
5.6800e+000 1.8531e+000 2.2093e+000 2.8250e-001 -2.8591e+000 -1.2884e+000 2.4577e+000 
5.6600e+000 1.5641e+000 1.6296e+000 -6.7396e-003 3.1349e+000 -1.5775e+000 2.4664e+000 
5.6400e+000 1.2760e+000 1.5224e+000 -2.9481e-001 2.8468e+000 -1.8656e+000 -5.5802e-001 
5.6200e+000 9.8893e-001 1.8753e+000 -5.8186e-001 2.5597e+000 -2.1527e+000 -1.5734e+000 
5.6000e+000 7.0290e-001 -2.7610e-001 -8.6796e-001 -1.5708e+000 -2.4387e+000 2.6717e+000 
5.5800e+000 4.1789e-001 2.7733e+000 1.9887e+000 -1.1529e+000 -2.7237e+000 1.4663e+000 
5.5600e+000 1.3391e-001 -2.7187e+000 1.7047e+000 -1.4369e+000 -3.0077e+000 -4.4570e-006 
5.5400e+000 2.9925e+000 -3.1416e+000 1.4217e+000 -1.7199e+000 -1.4907e-001 -1.3855e+000 
5.5200e+000 2.7106e+000 -3.0488e+000 1.1398e+000 -2.0018e+000 -4.3102e-001 -1.5787e+000 
5.5000e+000 2.4296e+000 -3.0618e+000 8.5885e-001 -2.2827e+000 -7.1195e-001 -2.3584e+000 
5.4800e+000 2.1497e+000 -1.6787e+000 5.7894e-001 -2.5627e+000 -9.9186e-001 -1.5662e+000 
5.4600e+000 1.8708e+000 3.1416e+000 3.0005e-001 -2.8415e+000 -1.2708e+000 3.1821e-002 
5.4400e+000 1.5930e+000 -3.1416e+000 2.2173e-002 -3.1194e+000 -1.5486e+000 7.8303e-003 
5.4200e+000 1.3161e+000 -2.5536e+000 -2.5468e-001 3.1415e+000 -1.8255e+000 -2.5645e+000 
5.4000e+000 1.0403e+000 -2.0344e+000 -5.3051e-001 2.6111e+000 -2.1013e+000 -2.6227e+000 
5.3800e+000 7.6547e-001 -2.4912e+000 -8.0533e-001 2.3363e+000 -2.3761e+000 7.8154e-001 
5.3600e+000 4.9167e-001 -2.3036e+000 -1.0791e+000 2.0625e+000 -2.6499e+000 1.2776e+000 
5.3400e+000 2.1890e-001 1.5708e+000 -1.3519e+000 1.5710e+000 -2.9227e+000 -8.8683e-001 
5.3200e+000 -5.2845e-002 1.5708e+000 -1.6236e+000 1.5180e+000 3.0887e+000 -3.0657e-003 
5.3000e+000 -3.2359e-001 1.8370e+000 -1.8944e+000 1.2472e+000 2.8180e+000 -2.4129e+000 
5.2800e+000 -5.9330e-001 -1.5708e+000 -2.1641e+000 -1.5704e+000 2.5483e+000 2.4463e+000 
5.2600e+000 -8.6199e-001 -1.9693e+000 -2.4328e+000 1.5705e+000 2.2796e+000 -2.1276e+000 
5.2400e+000 -1.1297e+000 1.9881e+000 -2.7005e+000 4.4113e-001 2.0119e+000 -3.0505e+000 
5.2200e+000 -1.3963e+000 3.1416e+000 -2.9671e+000 3.1289e+000 1.7453e+000 -7.3334e-001 
5.2000e+000 -1.6620e+000 3.1416e+000 3.0504e+000 -9.1163e-002 1.4796e+000 -1.5862e+000 
5.1800e+000 -1.9266e+000 1.4552e-010 2.7858e+000 -4.9252e-004 1.2150e+000 -1.6533e+000 
5.1600e+000 -2.1902e+000 -1.2515e-009 2.5222e+000 -6.1938e-001 9.5142e-001 2.1253e+000 
5.1400e+000 -2.4527e+000 -7.9838e-001 2.2596e+000 -7.1203e-004 6.8884e-001 1.4354e+000 
5.1200e+000 -2.7143e+000 -1.0308e-001 1.9981e+000 -1.5691e+000 4.2729e-001 -1.0852e+000 
5.1000e+000 -2.9748e+000 1.5708e+000 1.7376e+000 1.5698e+000 1.6675e-001 1.8548e+000 
5.0800e+000 3.0488e+000 -3.1416e+000 1.4780e+000 1.5710e+000 -9.2768e-002 3.1360e+000 
5.0600e+000 2.7903e+000 -1.5708e+000 1.2195e+000 -1.9221e+000 -3.5127e-001 9.7541e-001 
5.0400e+000 2.5328e+000 1.2793e+000 9.6205e-001 -2.1795e+000 -6.0874e-001 2.0318e+000 
5.0200e+000 2.2764e+000 -3.1416e+000 7.0559e-001 -2.4360e+000 -8.6520e-001 7.6809e-001 
5.0000e+000 2.0210e+000 -1.5832e-008 4.5016e-001 2.2157e+000 -1.1206e+000 1.6971e+000 
4.9800e+000 1.7665e+000 -6.2088e-009 1.9574e-001 -2.9459e+000 -1.3751e+000 1.4305e-001 
4.9600e+000 1.5131e+000 1.5708e+000 -5.7664e-002 2.1004e-004 -1.6285e+000 4.7641e-002 
4.9400e+000 1.2608e+000 1.1071e+000 -3.1004e-001 2.8316e+000 -1.8808e+000 -2.2612e+000 
4.9200e+000 1.0094e+000 -3.1416e+000 -5.6140e-001 7.9459e-004 -2.1322e+000 -4.4812e-001 
4.9000e+000 7.5905e-001 2.8530e+000 -8.1176e-001 2.3298e+000 -2.3825e+000 5.7955e-001 
4.8800e+000 5.0973e-001 -4.6365e-001 -1.0610e+000 1.5717e+000 -2.6319e+000 6.3689e-001 
4.8600e+000 2.6144e-001 2.6779e+000 1.8323e+000 1.5703e+000 -2.8802e+000 -3.8095e-001 
4.8400e+000 1.4159e-002 -1.5708e+000 1.5850e+000 -1.5708e+000 -3.1274e+000 -2.5779e+000 
4.8200e+000 -2.3211e-001 2.7723e+000 1.3387e+000 -3.1380e+000 2.9095e+000 -2.6347e-001 
4.8000e+000 -4.7735e-001 9.6007e-001 1.0934e+000 -2.0481e+000 2.6642e+000 3.0391e+000 
4.7800e+000 -7.2157e-001 2.3562e+000 8.4922e-001 -1.5772e+000 2.4200e+000 3.1006e+000 
4.7600e+000 -9.6477e-001 0.0000e+000 6.0603e-001 -3.1256e+000 2.1768e+000 -5.8477e-001 
4.7400e+000 -1.2070e+000 5.5165e-001 3.6384e-001 -1.3368e-002 1.9346e+000 -1.5706e+000 
4.7200e+000 -1.4481e+000 -3.1416e+000 1.2268e-001 -1.7563e-003 1.6935e+000 -1.4134e+000 
4.7000e+000 -1.6883e+000 -1.5708e+000 -1.1746e-001 2.3727e+000 1.4533e+000 -1.8296e+000 
4.6800e+000 -1.9274e+000 1.7943e+000 -3.5658e-001 2.7850e+000 1.2142e+000 -1.6234e+000 
4.6600e+000 -2.1655e+000 2.3884e+000 -5.9469e-001 2.5469e+000 9.7611e-001 -1.5941e+000 
4.6400e+000 -2.4026e+000 2.1140e+000 -8.3178e-001 -2.3879e+000 7.3902e-001 -3.8938e-001 
4.6200e+000 -2.6386e+000 -1.5708e+000 -1.0678e+000 -4.3972e-002 5.0296e-001 -9.1399e-001 
4.6000e+000 -2.8737e+000 2.8966e+000 -1.3029e+000 -2.7215e-001 2.6792e-001 -2.4120e+000 
4.5800e+000 -3.1077e+000 1.5708e+000 -1.5369e+000 8.7615e-001 3.3893e-002 -6.3953e-001 
4.5600e+000 2.9425e+000 2.3562e+000 -1.7699e+000 -1.5532e+000 -1.9912e-001 8.2186e-002 
4.5400e+000 2.7105e+000 -4.8996e-001 -2.0019e+000 2.1667e+000 -4.3110e-001 2.2286e+000 
4.5200e+000 2.4795e+000 5.9605e-008 -2.2329e+000 1.0776e+000 -6.6206e-001 1.7208e+000 
4.5000e+000 2.2496e+000 -1.6689e-006 -2.4628e+000 2.6744e+000 -8.9201e-001 1.1387e+000 
4.4800e+000 2.0207e+000 -2.3239e+000 -2.6917e+000 3.7572e-001 -1.1209e+000 2.9324e+000 
4.4600e+000 1.7928e+000 -8.1956e-008 -2.9196e+000 2.2196e-001 -1.3488e+000 2.3056e+000 
4.4400e+000 1.5659e+000 3.1416e+000 3.1367e+000 -3.1370e+000 -1.5757e+000 1.6215e+000 
4.4200e+000 1.3400e+000 -4.4703e-007 2.9108e+000 2.7650e+000 -1.8016e+000 7.0335e-001 
4.4000e+000 1.1152e+000 -3.1416e+000 2.6859e+000 -2.3746e+000 -2.0264e+000 -1.4368e+000 
4.3800e+000 8.9132e-001 3.5390e-008 2.4621e+000 -2.3057e+000 -2.2503e+000 7.5180e-002 
4.3600e+000 6.6851e-001 1.5708e+000 2.2393e+000 6.1914e-001 -2.4731e+000 -1.4311e+000 
4.3400e+000 4.4673e-001 -1.5708e+000 2.0175e+000 2.3838e+000 -2.6949e+000 -2.2541e-001 
4.3200e+000 2.2596e-001 -2.6779e+000 1.7968e+000 2.6213e+000 -2.9156e+000 2.9443e+000 
4.3000e+000 6.2113e-003 -2.6779e+000 1.5770e+000 1.5416e+000 -3.1354e+000 -3.1134e+000 
4.2800e+000 -2.1252e-001 -1.9513e+000 1.3583e+000 -7.7335e-001 2.9291e+000 3.1069e-001 
4.2600e+000 -4.3022e-001 1.5708e+000 1.1406e+000 2.8692e+000 2.7114e+000 -1.4991e+000 
4.2400e+000 -6.4692e-001 3.1416e+000 9.2388e-001 3.0788e+000 2.4947e+000 -1.1734e+000 
4.2200e+000 -8.6258e-001 1.7166e-006 7.0821e-001 6.7742e-002 2.2790e+000 -7.3015e-001 
4.2000e+000 -1.0772e+000 1.8158e+000 4.9356e-001 -2.5143e+000 2.0644e+000 6.9216e-001 
4.1800e+000 -1.2909e+000 -1.5708e+000 2.7993e-001 1.0557e-001 1.8507e+000 -2.1833e+000 
4.1600e+000 -1.5035e+000 2.5536e+000 6.7320e-002 2.2278e-001 1.6381e+000 -1.6899e+000 
4.1400e+000 -1.7151e+000 1.0517e+000 -1.4427e-001 2.4894e-001 1.4265e+000 -1.6504e+000 
4.1200e+000 -1.9256e+000 -3.5763e-007 -3.5484e-001 3.1257e+000 1.2160e+000 -1.7393e+000 
4.1000e+000 -2.1352e+000 -2.4981e+000 -5.6439e-001 9.8523e-001 1.0064e+000 -2.6457e+000 
4.0800e+000 -2.3437e+000 3.5877e-001 -7.7293e-001 -3.1318e+000 7.9787e-001 -2.6559e+000 
4.0600e+000 -2.5512e+000 5.1239e-001 -9.8043e-001 2.0446e+000 5.9036e-001 -2.0589e+000 
4.0400e+000 -2.7577e+000 1.5708e+000 -1.1869e+000 4.9888e-001 3.8387e-001 -2.3595e+000 
4.0200e+000 -2.9632e+000 -2.3562e+000 -1.3924e+000 -7.0647e-003 1.7840e-001 -3.0697e+000 
4.0000e+000 3.1155e+000 -1.5708e+000 -1.5969e+000 1.6316e+000 -2.6060e-002 -3.0816e+000 
3.9800e+000 2.9121e+000 2.0344e+000 -1.8003e+000 -2.4537e+000 -2.2949e-001 2.9438e+000 
3.9600e+000 2.7097e+000 1.5708e+000 -2.0027e+000 2.1297e+000 -4.3191e-001 -2.9681e+000 
3.9400e+000 2.5083e+000 0.0000e+000 -2.2041e+000 -7.8221e-001 -6.3330e-001 2.5196e+000 
3.9200e+000 2.3079e+000 -2.1294e+000 -2.4045e+000 1.2328e+000 -8.3367e-001 1.8073e+000 
3.9000e+000 2.1086e+000 -2.2888e-005 -2.6038e+000 -1.4491e+000 -1.0330e+000 2.5902e+000 
3.8800e+000 1.9102e+000 -3.1416e+000 -2.8022e+000 2.9768e+000 -1.2314e+000 1.6730e+000 
3.8600e+000 1.7129e+000 4.7684e-007 -2.9995e+000 -1.5775e+000 -1.4287e+000 1.6592e+000 
3.8400e+000 1.5166e+000 -1.5708e+000 3.0874e+000 6.2542e-001 -1.6250e+000 -1.5734e+000 
3.8200e+000 1.3213e+000 -3.1416e+000 2.8921e+000 -3.1152e+000 -1.8202e+000 -2.5068e+000 
3.8000e+000 1.1271e+000 -3.1416e+000 2.6979e+000 -1.9268e-001 -2.0145e+000 -1.9111e+000 
3.7800e+000 9.3386e-001 -8.3147e-002 2.5047e+000 -3.0676e+000 -2.2077e+000 1.0610e+000 
3.7600e+000 7.4164e-001 -4.1242e-001 2.3124e+000 1.8512e+000 -2.4000e+000 2.4912e+000 
3.7400e+000 5.5044e-001 -1.5708e+000 2.1212e+000 -2.7077e+000 -2.5912e+000 -1.8044e+000 
3.7200e+000 3.6026e-001 -3.1416e+000 1.9311e+000 1.1722e+000 -2.7813e+000 -2.4721e+000 
3.7000e+000 1.7111e-001 -2.2655e+000 1.7419e+000 -2.9400e+000 -2.9705e+000 2.1730e-001 
3.6800e+000 -1.7030e-002 -2.6780e+000 1.5538e+000 1.2570e+000 3.1246e+000 -1.7010e-003 
3.6600e+000 -2.0415e-001 1.2491e+000 1.3666e+000 -1.4997e+000 2.9374e+000 6.8179e-003 
3.6400e+000 -3.9024e-001 3.0519e-005 1.1806e+000 -1.7088e+000 2.7514e+000 1.2967e+000 
3.6200e+000 -5.7532e-001 1.2679e+000 9.9547e-001 -1.6833e+000 2.5663e+000 -2.8422e+000 
3.6000e+000 -7.5938e-001 -1.6952e+000 8.1141e-001 1.9806e+000 2.3822e+000 1.7172e+000 
3.5800e+000 -9.4242e-001 1.5259e-005 6.2838e-001 -9.8522e-001 2.1992e+000 2.5649e+000 
3.5600e+000 -1.1244e+000 9.5367e-006 4.4636e-001 -1.9795e+000 2.0172e+000 -1.5860e+000 
3.5400e+000 -1.3054e+000 4.8320e-005 2.6536e-001 2.8580e+000 1.8362e+000 -1.9068e+000 
3.5200e+000 -1.4854e+000 -2.3562e+000 8.5378e-002 3.0655e+000 1.6562e+000 -1.6249e+000 
3.5000e+000 -1.6644e+000 3.1416e+000 -9.3584e-002 4.4479e-001 1.4772e+000 1.8257e+000 
3.4800e+000 -1.8423e+000 -3.0173e+000 -2.7152e-001 -9.9350e-001 1.2993e+000 -1.8666e+000 
3.4600e+000 -2.0192e+000 3.1416e+000 -4.4844e-001 -1.3858e+000 1.1224e+000 -3.5029e-001 
3.4400e+000 -2.1951e+000 1.5705e+000 -6.2434e-001 -2.4304e+000 9.4645e-001 -1.6416e+000 
3.4200e+000 -2.3700e+000 2.2454e+000 -7.9923e-001 -1.8934e+000 7.7157e-001 -2.1358e+000 
3.4000e+000 -2.5439e+000 7.8542e-001 -9.7309e-001 4.6805e-001 5.9771e-001 9.3829e-001 
3.3800e+000 -2.7167e+000 -1.5707e+000 -1.1459e+000 1.8696e+000 4.2487e-001 -2.6880e+000 
3.3600e+000 -2.8885e+000 -2.4413e-004 -1.3177e+000 4.0224e-001 2.5305e-001 -4.0557e-001 
3.3400e+000 -3.0593e+000 -3.1410e+000 -1.4885e+000 -1.8308e+000 8.2247e-002 3.0179e+000 
3.3200e+000 3.0541e+000 -1.1070e+000 -1.6583e+000 -1.8320e+000 -8.7535e-002 -2.6576e+000 
3.3000e+000 2.8853e+000 2.1293e+000 -1.8271e+000 1.3276e+000 -2.5630e-001 1.4831e-001 
3.2800e+000 2.7175e+000 1.9295e+000 -1.9948e+000 -1.6765e+000 -4.2404e-001 -2.1656e+000 
3.2600e+000 2.5508e+000 -1.1849e+000 -2.1616e+000 -2.0745e+000 -5.9077e-001 -1.1862e+000 
3.2400e+000 2.3851e+000 -1.1071e+000 -2.3273e+000 -1.4734e+000 -7.5647e-001 9.5267e-001 
3.2200e+000 2.2204e+000 1.1069e+000 -2.4919e+000 -2.4050e+000 -9.2115e-001 2.6232e+000 
3.2000e+000 2.0568e+000 -3.1415e+000 -2.6556e+000 -7.3016e-002 -1.0848e+000 -3.0282e+000 
3.1800e+000 1.8941e+000 2.5536e+000 -2.8183e+000 1.9404e-001 -1.2475e+000 2.3378e+000 
3.1600e+000 1.7325e+000 -2.6778e+000 -2.9799e+000 -2.5583e+000 -1.4091e+000 1.8834e+000 
3.1400e+000 1.5719e+000 -2.6776e+000 -3.1405e+000 1.4051e+000 -1.5697e+000 2.2423e+000 
3.1200e+000 1.4123e+000 2.3563e+000 2.9831e+000 -2.4868e+000 -1.7293e+000 -8.5557e-001 
3.1000e+000 1.2537e+000 1.5698e+000 2.8245e+000 5.6200e-001 -1.8878e+000 1.7027e+000 
3.0800e+000 1.0962e+000 -3.0784e+000 2.6670e+000 -2.9216e+000 -2.0454e+000 1.3207e+000 
3.0600e+000 9.3968e-001 -2.8198e+000 2.5105e+000 2.3377e+000 -2.2019e+000 -9.2435e-001 
3.0400e+000 7.8417e-001 2.3567e+000 2.3550e+000 1.9633e+000 -2.3574e+000 -3.9863e-001 
3.0200e+000 6.2968e-001 1.5704e+000 2.2005e+000 2.6693e+000 -2.5119e+000 1.0743e+000 
3.0000e+000 4.7622e-001 -1.5715e+000 2.0470e+000 1.4655e+000 -2.6654e+000 -3.5507e-002 
2.9800e+000 3.2377e-001 2.6012e+000 1.8946e+000 -3.0127e+000 -2.8178e+000 1.0207e+000 
2.9600e+000 1.7234e-001 -1.5709e+000 1.7431e+000 -5.8375e-001 -2.9692e+000 1.1757e-001 
2.9400e+000 2.1935e-002 1.1077e+000 1.5927e+000 1.3701e+000 -3.1197e+000 3.0996e+000 
2.9200e+000 -1.2745e-001 3.9144e-003 1.4433e+000 1.5413e+000 3.0141e+000 2.6308e+000 
2.9000e+000 -2.7582e-001 1.5724e+000 1.2950e+000 -2.0092e+000 2.8658e+000 -7.3822e-002 
2.8800e+000 -4.2317e-001 -1.4103e+000 1.1476e+000 1.0487e+000 2.7184e+000 -8.4309e-001 
2.8600e+000 -5.6950e-001 -2.4684e+000 1.0013e+000 -3.1081e+000 2.5721e+000 -2.8968e+000 
2.8400e+000 -7.1481e-001 9.2823e-001 8.5599e-001 -2.0186e+000 2.4268e+000 -2.5299e+000 
2.8200e+000 -8.5910e-001 2.0333e+000 7.1170e-001 1.3957e+000 2.2825e+000 1.0589e+000 
2.8000e+000 -1.0024e+000 2.3569e+000 5.6843e-001 1.9174e+000 2.1392e+000 -5.2238e-003 
2.7800e+000 -1.1446e+000 -3.1413e+000 4.2618e-001 -1.9971e-001 1.9970e+000 -7.2244e-001 
2.7600e+000 -1.2858e+000 1.4645e-003 2.8495e-001 -1.3833e+000 1.8557e+000 1.8709e+000 
2.7400e+000 -1.4261e+000 1.5698e+000 1.4474e-001 -1.9631e+000 1.7155e+000 -1.0294e+000 
2.7200e+000 -1.5653e+000 -2.6828e+000 5.5433e-003 -2.9893e+000 1.5763e+000 -1.4654e+000 
2.7000e+000 -1.7034e+000 -3.0180e+000 -1.3263e-001 -1.8457e-001 1.4382e+000 -7.1767e-001 
2.6800e+000 -1.8406e+000 3.0769e+000 -2.6978e-001 2.9942e+000 1.3010e+000 9.9979e-002 
2.6600e+000 -1.9767e+000 1.5846e+000 -4.0591e-001 -2.0648e+000 1.1649e+000 1.6884e+000 
2.6400e+000 -2.1118e+000 -2.9782e+000 -5.4102e-001 1.8213e-001 1.0298e+000 2.6037e+000 
2.6200e+000 -2.2459e+000 -1.5724e+000 -6.7512e-001 -2.5431e+000 8.9568e-001 -1.8100e+000 
2.6000e+000 -2.3790e+000 -1.5708e+000 -8.0819e-001 1.2496e+000 7.6261e-001 -2.0370e+000 
2.5800e+000 -2.5110e+000 -7.8735e-001 -9.4024e-001 -8.0380e-001 6.3055e-001 -2.9335e+000 
2.5600e+000 -2.6421e+000 3.1376e+000 -1.0713e+000 2.2209e+000 4.9952e-001 -2.0607e+000 
2.5400e+000 -2.7721e+000 -7.7513e-001 -1.2013e+000 2.1213e+000 3.6951e-001 -1.9304e+000 
2.5200e+000 -2.9011e+000 1.3250e+000 -1.3303e+000 1.4056e+000 2.4051e-001 2.2187e-001 
2.5000e+000 -3.0291e+000 1.3244e+000 -1.4583e+000 -1.8713e+000 1.1254e-001 2.5738e+000 
2.4800e+000 3.1272e+000 -3.1176e+000 -1.5852e+000 1.4499e+000 -1.4414e-002 3.0966e+000 
2.4600e+000 3.0012e+000 -7.7110e-001 -1.7111e+000 1.5464e+000 -1.4035e-001 1.4806e+000 
2.4400e+000 2.8763e+000 -1.8416e+000 -1.8361e+000 1.7450e+000 -2.6526e-001 -3.9485e-001 
2.4200e+000 2.7524e+000 1.0052e+000 -1.9600e+000 -2.1846e+000 -3.8916e-001 3.1454e-001 
2.4000e+000 2.6296e+000 1.5634e+000 -2.0828e+000 1.1450e+000 -5.1204e-001 -1.9159e+000 
2.3800e+000 2.5077e+000 -3.0525e-002 -2.2047e+000 1.6972e+000 -6.3389e-001 5.5932e-001 
2.3600e+000 2.3869e+000 -2.8128e+000 -2.3255e+000 8.7055e-001 -7.5473e-001 2.4027e+000 
2.3400e+000 2.2670e+000 -1.2417e+000 -2.4453e+000 2.2470e+000 -8.7454e-001 2.6578e+000 
2.3200e+000 2.1483e+000 7.7460e-001 -2.5641e+000 -3.2551e-001 -9.9334e-001 2.1000e+000 
2.3000e+000 2.0305e+000 2.9014e+000 -2.6819e+000 2.9334e+000 -1.1111e+000 -2.4345e+000 
2.2800e+000 1.9137e+000 1.5708e+000 -2.7987e+000 -2.9889e+000 -1.2279e+000 -2.5179e+000 
2.2600e+000 1.7980e+000 -9.1143e-003 -2.9144e+000 2.9009e+000 -1.3436e+000 -2.8313e+000 
2.2400e+000 1.6833e+000 2.9059e+000 -3.0291e+000 3.1400e+000 -1.4583e+000 1.2230e+000 
2.2200e+000 1.5696e+000 2.9104e+000 3.1404e+000 3.0792e+000 -1.5720e+000 -1.9123e+000 
2.2000e+000 1.4569e+000 -6.4957e-002 3.0277e+000 -6.0944e-002 -1.6847e+000 5.9940e-001 
2.1800e+000 1.3452e+000 -1.4408e-001 2.9160e+000 2.4448e+000 -1.7964e+000 2.2017e+000 
2.1600e+000 1.2346e+000 -8.9283e-003 2.8054e+000 7.4813e-001 -1.9070e+000 -1.6282e+000 
2.1400e+000 1.1250e+000 -5.8110e-001 2.6958e+000 1.3150e+000 -2.0166e+000 -1.9266e+000 
2.1200e+000 1.0164e+000 8.9529e-001 2.5872e+000 8.4960e-001 -2.1252e+000 2.4211e+000 
2.1000e+000 9.0879e-001 -7.6922e-003 2.4796e+000 7.5375e-001 -2.2328e+000 2.6098e-001 
2.0800e+000 8.0223e-001 1.7721e+000 2.3730e+000 2.4425e+000 -2.3394e+000 1.4598e+000 
2.0600e+000 6.9669e-001 -1.8116e+000 2.2675e+000 -1.3036e+000 -2.4449e+000 -2.1176e+000 
2.0400e+000 5.9217e-001 -4.6778e-001 2.1630e+000 -1.8856e+000 -2.5494e+000 1.8801e+000 
2.0200e+000 4.8867e-001 -1.9423e+000 2.0595e+000 -2.2359e+000 -2.6529e+000 -2.8284e+000 
2.0000e+000 3.8619e-001 1.5857e+000 1.9570e+000 2.9547e+000 -2.7554e+000 1.0716e+000 
1.9800e+000 2.8472e-001 6.2419e-002 1.8555e+000 -1.4111e+000 -2.8569e+000 4.6267e-001 
1.9600e+000 1.8428e-001 -1.7079e+000 1.7551e+000 1.6129e+000 -2.9573e+000 -3.0319e+000 
1.9400e+000 8.4859e-002 -1.4608e+000 1.6557e+000 -6.3147e-001 -3.0567e+000 8.8301e-001 
1.9200e+000 -1.3542e-002 1.5849e+000 1.5573e+000 -1.5227e+000 3.1281e+000 1.0584e+000 
1.9000e+000 -1.1093e-001 1.5864e+000 1.4599e+000 -1.6833e+000 3.0307e+000 2.4310e+000 
1.8800e+000 -2.0729e-001 1.4360e+000 1.3635e+000 -1.6641e+000 2.9343e+000 -2.8404e+000 
1.8600e+000 -3.0263e-001 1.7339e+000 1.2682e+000 -1.8780e+000 2.8390e+000 8.9062e-001 
1.8400e+000 -3.9696e-001 -4.2041e-001 1.1738e+000 -1.8912e+000 2.7446e+000 -5.2686e-001 
1.8200e+000 -4.9026e-001 -1.5168e+000 1.0805e+000 2.4382e+000 2.6513e+000 -1.0814e+000 
1.8000e+000 -5.8254e-001 1.0913e+000 9.8825e-001 7.4409e-001 2.5590e+000 -1.8603e+000 
1.7800e+000 -6.7381e-001 -1.5872e-002 8.9699e-001 -1.3668e+000 2.4678e+000 -8.7652e-001 
1.7600e+000 -7.6405e-001 2.3197e+000 8.0674e-001 2.4434e+000 2.3775e+000 3.5548e-002 
1.7400e+000 -8.5328e-001 1.8063e+000 7.1752e-001 -2.2514e+000 2.2883e+000 -2.4809e-001 
1.7200e+000 -9.4148e-001 -6.5374e-001 6.2931e-001 -2.6915e-001 2.2001e+000 -1.2003e+000 
1.7000e+000 -1.0287e+000 -1.6421e+000 5.4213e-001 -3.0754e+000 2.1129e+000 -7.1590e-002 
1.6800e+000 -1.1148e+000 -1.5624e-002 4.5596e-001 -1.0946e-001 2.0268e+000 3.1191e+000 
1.6600e+000 -1.2000e+000 5.5694e-001 3.7082e-001 -2.0232e-001 1.9416e+000 -2.9334e+000 
1.6400e+000 -1.2841e+000 -3.4374e-001 2.8669e-001 -3.3792e-001 1.8575e+000 2.9333e+000 
1.6200e+000 -1.3672e+000 1.6313e+000 2.0358e-001 3.9129e-001 1.7744e+000 -2.1668e+000 
1.6000e+000 -1.4493e+000 1.4046e-001 1.2150e-001 -2.9554e+000 1.6923e+000 -8.5922e-001 
1.5800e+000 -1.5304e+000 -6.0113e-002 4.0428e-002 -2.6174e-002 1.6112e+000 -1.8591e+000 
1.5600e+000 -1.6104e+000 1.4880e-002 -3.9619e-002 -3.1220e+000 1.5312e+000 -1.8324e+000 
1.5400e+000 -1.6894e+000 2.9267e+000 -1.1865e-001 3.1187e+000 1.4521e+000 1.3552e-001 
1.5200e+000 -1.7675e+000 3.1339e-001 -1.9666e-001 2.0944e+000 1.3741e+000 -6.8682e-001 
1.5000e+000 -1.8444e+000 -4.6365e-001 -2.7364e-001 2.6612e+000 1.2972e+000 -2.9353e+000 
1.4800e+000 -1.9204e+000 -1.4751e+000 -3.4961e-001 1.0422e+000 1.2212e+000 1.7654e+000 
1.4600e+000 -1.9954e+000 1.9302e+000 -4.2456e-001 2.4770e+000 1.1462e+000 2.2555e-001 
1.4400e+000 -2.0693e+000 -3.0820e+000 -4.9849e-001 3.1163e+000 1.0723e+000 2.7790e+000 
1.4200e+000 -2.1422e+000 1.5217e+000 -5.7140e-001 2.9518e+000 9.9940e-001 2.3899e-001 
1.4000e+000 -2.2141e+000 -2.7806e+000 -6.4329e-001 -2.3588e+000 9.2751e-001 -2.2957e+000 
1.3800e+000 -2.2850e+000 1.2429e+000 -7.1416e-001 2.6430e+000 8.5664e-001 -1.5382e+000 
1.3600e+000 -2.3548e+000 -1.2184e-001 -7.8401e-001 -3.0483e+000 7.8679e-001 8.7071e-001 
1.3400e+000 -2.4236e+000 3.1210e+000 -8.5284e-001 -2.6071e+000 7.1795e-001 2.9741e+000 
1.3200e+000 -2.4914e+000 1.9591e+000 -9.2065e-001 2.4120e+000 6.5014e-001 1.0103e+000 
1.3000e+000 -2.5582e+000 3.0019e+000 -9.8744e-001 -1.8275e+000 5.8335e-001 4.1580e-002 
1.2800e+000 -2.6240e+000 -2.3562e+000 -1.0532e+000 -1.3914e+000 5.1758e-001 -3.2333e-001 
1.2600e+000 -2.6888e+000 -1.5508e+000 -1.1180e+000 -2.7365e+000 4.5283e-001 -1.3142e+000 
1.2400e+000 -2.7525e+000 -1.4731e+000 -1.1817e+000 2.5870e+000 3.8910e-001 2.9017e+000 
1.2200e+000 -2.8152e+000 2.4330e+000 -1.2444e+000 1.8290e+000 3.2638e-001 3.1197e+000 
1.2000e+000 -2.8769e+000 1.2577e+000 -1.3061e+000 1.7215e+000 2.6469e-001 -2.2057e+000 
1.1800e+000 -2.9376e+000 -1.7806e+000 -1.3668e+000 2.5668e+000 2.0402e-001 1.8874e+000 
1.1600e+000 -2.9972e+000 1.5189e+000 -1.4264e+000 1.3860e+000 1.4436e-001 -2.3395e+000 
1.1400e+000 -3.0559e+000 -1.4974e+000 -1.4851e+000 -1.6853e+000 8.5731e-002 -5.7411e-001 
1.1200e+000 -3.1135e+000 -1.5602e+000 -1.5427e+000 -1.3128e+000 2.8118e-002 -3.1068e+000 
1.1000e+000 3.1131e+000 -1.6228e+000 -1.5993e+000 1.5333e+000 -2.8478e-002 2.6308e+000 
1.0800e+000 3.0575e+000 -1.5385e+000 -1.6548e+000 1.3356e+000 -8.4052e-002 2.3612e+000 
1.0600e+000 3.0030e+000 1.5500e+000 -1.7094e+000 7.0181e-001 -1.3861e-001 -2.2421e+000 
1.0400e+000 2.9495e+000 -1.8526e+000 -1.7629e+000 1.5415e+000 -1.9214e-001 6.8798e-001 
1.0200e+000 2.8969e+000 -1.6304e+000 -1.8155e+000 1.1105e+000 -2.4466e-001 -1.1914e+000 
1.0000e+000 2.8454e+000 1.2120e+000 -1.8669e+000 9.3302e-001 -2.9615e-001 -2.1389e+000 
9.8000e-001 2.7950e+000 -1.1879e+000 -1.9174e+000 1.1033e+000 -3.4663e-001 -2.7202e+000 
9.6000e-001 2.7455e+000 1.3671e+000 -1.9669e+000 1.2226e+000 -3.9608e-001 2.7056e+000 
9.4000e-001 2.6971e+000 1.7733e+000 -2.0153e+000 1.2805e+000 -4.4452e-001 -2.5710e+000 
9.2000e-001 2.6497e+000 7.3781e-001 -2.0627e+000 6.6192e-001 -4.9194e-001 -7.8876e-001 
9.0000e-001 2.6033e+000 9.2730e-001 -2.1091e+000 4.1203e-001 -5.3833e-001 5.0143e-001 
8.8000e-001 2.5579e+000 1.0158e+000 -2.1545e+000 9.9695e-001 -5.8371e-001 3.9096e-001 
8.6000e-001 2.5135e+000 1.6866e+000 -2.1989e+000 1.0947e+000 -6.2807e-001 2.3005e+000 
8.4000e-001 2.4702e+000 1.5189e+000 -2.2422e+000 4.2909e-002 -6.7141e-001 -1.4982e+000 
8.2000e-001 2.4279e+000 7.6101e-001 -2.2845e+000 2.4331e-001 -7.1373e-001 -2.1760e+000 
8.0000e-001 2.3866e+000 -2.7830e-001 -2.3258e+000 1.2200e+000 -7.5502e-001 1.4662e+000 
7.8000e-001 2.3463e+000 -1.0041e+000 -2.3661e+000 1.4842e+000 -7.9530e-001 -3.3270e-001 
7.6000e-001 2.3070e+000 -1.7771e+000 -2.4054e+000 5.0378e-001 -8.3456e-001 1.7295e+000 
7.4000e-001 2.2688e+000 2.7744e+000 -2.4436e+000 -9.5757e-002 -8.7280e-001 -1.4594e-001 
7.2000e-001 2.2316e+000 -2.8526e+000 -2.4808e+000 7.8316e-001 -9.1002e-001 2.5154e+000 
7.0000e-001 2.1954e+000 -2.4407e+000 -2.5170e+000 7.1313e-001 -9.4622e-001 -3.0243e+000 
6.8000e-001 2.1602e+000 -7.1054e-001 -2.5522e+000 1.1532e+000 -9.8140e-001 -2.7601e-002 
6.6000e-001 2.1260e+000 -2.5732e-001 -2.5864e+000 1.0049e+000 -1.0156e+000 2.6129e+000 
6.4000e-001 2.0929e+000 -2.3818e+000 -2.6195e+000 3.4370e-001 -1.0487e+000 -2.7351e+000 
6.2000e-001 2.0608e+000 -2.2528e-001 -2.6516e+000 1.3182e+000 -1.0808e+000 -4.3914e-001 
6.0000e-001 2.0297e+000 -4.0024e-001 -2.6827e+000 -1.5127e-001 -1.1119e+000 2.9352e+000 
5.8000e-001 1.9996e+000 3.2710e-001 -2.7128e+000 -4.4245e-002 -1.1420e+000 1.0469e+000 
5.6000e-001 1.9705e+000 -3.1834e-001 -2.7419e+000 1.9631e-001 -1.1711e+000 2.9089e+000 
5.4000e-001 1.9425e+000 2.4611e+000 -2.7699e+000 5.0647e-001 -1.1991e+000 -2.5933e+000 
5.2000e-001 1.9155e+000 2.9770e-001 -2.7969e+000 1.8617e+000 -1.2261e+000 5.8689e-001 
5.0000e-001 1.8895e+000 -4.9181e-001 -2.8229e+000 1.9283e-002 -1.2521e+000 9.1841e-001 
4.8000e-001 1.8645e+000 -2.6779e+000 -2.8479e+000 2.9541e-001 -1.2771e+000 1.0313e+000 
4.6000e-001 1.8405e+000 5.4633e-002 -2.8719e+000 1.4484e+000 -1.3011e+000 -1.2095e-003 
4.4000e-001 1.8176e+000 3.0861e+000 -2.8948e+000 1.3624e-001 -1.3240e+000 2.0902e+000 
4.2000e-001 1.7956e+000 2.8450e+000 -2.9167e+000 9.1994e-001 -1.3460e+000 5.9559e-001 
4.0000e-001 1.7747e+000 1.3461e+000 -2.9376e+000 1.8013e-001 -1.3669e+000 -2.5769e+000 
3.8000e-001 1.7549e+000 -5.0959e-001 -2.9575e+000 -6.5707e-002 -1.3867e+000 -2.9847e+000 
3.6000e-001 1.7360e+000 9.7900e-002 -2.9764e+000 1.5169e-001 -1.4056e+000 -2.1569e+000 
3.4000e-001 1.7181e+000 -1.1364e-001 -2.9942e+000 9.6562e-002 -1.4234e+000 -8.9748e-001 
3.2000e-001 1.7013e+000 2.1225e+000 -3.0111e+000 4.8694e-001 -1.4403e+000 3.0697e+000 
3.0000e-001 1.6855e+000 -4.0322e-003 -3.0269e+000 9.9054e-001 -1.4561e+000 -4.5638e-001 
2.8000e-001 1.6707e+000 -3.0840e+000 -3.0417e+000 7.2039e-002 -1.4709e+000 2.9642e+000 
2.6000e-001 1.6570e+000 1.1138e-001 -3.0554e+000 2.7383e+000 -1.4846e+000 -1.8254e-001 
2.4000e-001 1.6442e+000 -2.9562e+000 -3.0682e+000 4.4684e-002 -1.4974e+000 2.8484e+000 
2.2000e-001 1.6325e+000 -3.1041e+000 -3.0799e+000 7.5090e-002 -1.5091e+000 -3.1225e+000 
2.0000e-001 1.6218e+000 4.4643e-003 -3.0906e+000 1.1017e-001 -1.5198e+000 3.0494e+000 
1.8000e-001 1.6121e+000 -5.2807e-001 -3.1003e+000 1.9044e-002 -1.5295e+000 -1.8603e+000 
1.6000e-001 1.6034e+000 6.2499e-003 -3.1090e+000 3.9699e-003 -1.5382e+000 3.1387e+000 
1.4000e-001 1.5958e+000 8.7278e-002 -3.1166e+000 2.9872e+000 -1.5458e+000 2.0450e-002 
1.2000e-001 1.5891e+000 -3.1197e+000 -3.1232e+000 1.1031e-001 -1.5524e+000 -2.9198e+000 
1.0000e-001 1.5835e+000 -1.1160e-002 -3.1288e+000 2.9031e-001 -1.5580e+000 -3.1412e+000 
8.0000e-002 1.5790e+000 1.4322e-002 -3.1334e+000 4.5548e-003 -1.5627e+000 2.4604e+000 
6.0000e-002 1.5755e+000 -1.0156e-002 -3.1370e+000 4.8570e-003 -1.5663e+000 3.1376e+000 
4.0000e-002 1.5723e+000 3.1373e+000 -3.1396e+000 1.0448e-003 -1.5686e+000 3.1414e+000 
2.0000e-002 1.5707e+000 3.1405e+000 -3.1411e+000 2.2174e-004 -1.5715e+000 -6.1335e-004 
