7.9600e+000 1.0017e+002 6.5767e-007 1.1329e-009 5.2581e-006 8.2638e+002 1.3099e-004 
7.9400e+000 8.4284e+001 9.5944e-018 1.1337e-009 5.2771e-006 6.9533e+002 1.1493e-005 
7.9200e+000 6.7416e+001 1.1824e-006 1.1350e-009 4.7329e-006 5.5617e+002 3.6354e-005 
7.9000e+000 4.9543e+001 1.3253e-006 1.1367e-009 4.7399e-006 4.0873e+002 1.1867e-004 
7.8800e+000 3.0651e+001 8.4033e-007 1.1389e-009 3.2742e-009 2.5287e+002 8.4516e-005 
7.8600e+000 1.0721e+001 6.6603e-007 1.1414e-009 9.5347e-006 8.8443e+001 9.7104e-005 
7.8400e+000 1.0263e+001 1.4931e-007 1.1443e-009 9.5526e-006 8.4670e+001 9.3628e-005 
7.8200e+000 3.2320e+001 8.4678e-007 1.1475e-009 1.3552e-005 2.6663e+002 7.9177e-005 
7.8000e+000 5.5459e+001 6.0030e-007 1.1512e-009 4.7996e-006 4.5753e+002 7.8651e-005 
7.7800e+000 7.9693e+001 1.2037e-006 1.1551e-009 3.3209e-009 6.5746e+002 2.5928e-005 
7.7600e+000 1.0504e+002 1.2162e-006 1.1593e-009 9.6576e-006 8.6655e+002 2.2258e-004 
7.7400e+000 1.3150e+002 8.8032e-018 1.1638e-009 1.9957e-005 1.0849e+003 9.1739e-005 
7.7200e+000 1.5909e+002 1.3562e-006 1.1686e-009 3.3598e-009 1.3125e+003 4.0083e-005 
7.7000e+000 1.8783e+002 1.2162e-006 1.1736e-009 1.0032e-005 1.5496e+003 5.8107e-005 
7.6800e+000 2.1771e+002 1.3023e-006 1.1789e-009 9.7516e-006 1.7961e+003 3.7198e-005 
7.6600e+000 2.4874e+002 1.3668e-006 1.1844e-009 1.0936e-005 2.0521e+003 4.1774e-005 
7.6400e+000 2.8093e+002 1.3704e-006 1.1900e-009 3.4214e-009 2.3176e+003 3.0703e-004 
7.6200e+000 3.1427e+002 2.2797e-017 1.1959e-009 3.4381e-009 2.5927e+003 4.1571e-005 
7.6000e+000 3.4878e+002 4.8133e-008 1.2018e-009 1.0078e-005 2.8773e+003 8.9830e-005 
7.5800e+000 3.8444e+002 1.3813e-006 1.2079e-009 9.8807e-006 3.1716e+003 1.0568e-004 
7.5600e+000 4.2127e+002 4.1547e-017 1.2141e-009 9.9078e-006 3.4754e+003 1.6819e-004 
7.5400e+000 4.5925e+002 2.2592e-017 1.2204e-009 3.5087e-009 3.7887e+003 8.7497e-005 
7.5200e+000 4.9837e+002 4.6699e-007 1.2268e-009 1.0036e-005 4.1114e+003 2.6491e-004 
7.5000e+000 5.3865e+002 1.2871e-006 1.2332e-009 1.0300e-005 4.4437e+003 3.7034e-004 
7.4800e+000 5.8005e+002 1.2520e-006 1.2396e-009 1.0018e-005 4.7853e+003 1.4742e-004 
7.4600e+000 6.2258e+002 3.3247e-017 1.2460e-009 1.0039e-005 5.1361e+003 1.6274e-004 
7.4400e+000 6.6622e+002 1.2587e-006 1.2525e-009 2.0136e-005 5.4961e+003 1.2651e-004 
7.4200e+000 7.1095e+002 1.4111e-006 1.2588e-009 2.0818e-005 5.8651e+003 9.6595e-005 
7.4000e+000 7.5676e+002 1.4149e-006 1.2652e-009 5.0592e-006 6.2430e+003 4.1711e-004 
7.3800e+000 8.0363e+002 3.5832e-017 1.2714e-009 2.0306e-005 6.6297e+003 6.4954e-004 
7.3600e+000 8.5155e+002 6.3619e-007 1.2776e-009 3.6731e-009 7.0249e+003 9.4198e-005 
7.3400e+000 9.0048e+002 8.7714e-007 1.2836e-009 1.2743e-006 7.4286e+003 2.3680e-004 
7.3200e+000 9.5039e+002 1.9190e-006 1.2895e-009 1.1444e-005 7.8403e+003 1.1454e-004 
7.3000e+000 1.0013e+003 2.5657e-006 1.2953e-009 3.7239e-009 8.2600e+003 1.6551e-004 
7.2800e+000 1.0531e+003 2.8466e-017 1.3008e-009 3.7399e-009 8.6875e+003 1.1826e-004 
7.2600e+000 1.1058e+003 1.6124e-007 1.3062e-009 2.0803e-005 9.1223e+003 2.6653e-004 
7.2400e+000 1.1594e+003 2.5869e-006 1.3114e-009 3.7703e-009 9.5643e+003 2.0431e-004 
7.2200e+000 1.2138e+003 1.3770e-017 1.3163e-009 1.0380e-005 1.0013e+004 1.7354e-004 
7.2000e+000 1.2690e+003 1.3007e-006 1.3210e-009 1.0401e-005 1.0469e+004 1.1241e-003 
7.1800e+000 1.3250e+003 2.6888e-006 1.3254e-009 1.0435e-005 1.0930e+004 2.8001e-004 
7.1600e+000 1.3816e+003 1.1895e-017 1.3295e-009 2.1092e-005 1.1397e+004 4.3588e-004 
7.1400e+000 1.4389e+003 1.3116e-006 1.3334e-009 1.0496e-005 1.1870e+004 4.4922e-004 
7.1200e+000 1.4968e+003 1.8601e-006 1.3368e-009 3.8434e-009 1.2348e+004 5.2660e-004 
7.1000e+000 1.5553e+003 5.4383e-006 1.3400e-009 2.1100e-005 1.2830e+004 2.9956e-004 
7.0800e+000 1.6143e+003 3.1196e-006 1.3428e-009 2.7272e-005 1.3317e+004 1.5663e-004 
7.0600e+000 1.6737e+003 1.3264e-006 1.3452e-009 5.3087e-006 1.3807e+004 8.5784e-004 
7.0400e+000 1.7336e+003 2.4196e-017 1.3472e-009 2.3798e-005 1.4301e+004 1.7054e-003 
7.0200e+000 1.7937e+003 1.0852e-017 1.3488e-009 3.8778e-009 1.4797e+004 4.2692e-004 
7.0000e+000 1.8541e+003 2.6756e-006 1.3500e-009 2.2061e-005 1.5295e+004 4.0046e-004 
6.9800e+000 1.9147e+003 2.0125e-006 1.3507e-009 3.8833e-009 1.5795e+004 1.2718e-003 
6.9600e+000 1.9754e+003 1.3455e-006 1.3510e-009 3.8842e-009 1.6295e+004 5.0490e-004 
6.9400e+000 2.0362e+003 2.6988e-006 1.3508e-009 2.1594e-005 1.6797e+004 2.7396e-004 
6.9200e+000 2.0969e+003 4.9232e-018 1.3501e-009 3.8817e-009 1.7298e+004 1.7391e-003 
6.9000e+000 2.1576e+003 5.4288e-006 1.3490e-009 2.2387e-005 1.7798e+004 1.1842e-003 
6.8800e+000 2.2180e+003 4.9518e-018 1.3473e-009 5.4415e-006 1.8296e+004 7.4031e-004 
6.8600e+000 2.2782e+003 2.0106e-017 1.3450e-009 2.1846e-005 1.8793e+004 3.7831e-004 
6.8400e+000 2.3381e+003 5.4764e-006 1.3422e-009 2.1910e-005 1.9287e+004 8.7912e-004 
6.8200e+000 2.3975e+003 3.0704e-006 1.3389e-009 1.0983e-005 1.9777e+004 7.9186e-004 
6.8000e+000 2.4564e+003 5.1644e-007 1.3350e-009 1.3745e-006 2.0262e+004 4.4502e-004 
6.7800e+000 2.5147e+003 3.0885e-006 1.3305e-009 1.1053e-005 2.0743e+004 5.4443e-004 
6.7600e+000 2.5722e+003 2.8313e-017 1.3254e-009 2.2169e-005 2.1217e+004 8.2252e-004 
6.7400e+000 2.6290e+003 3.9299e-006 1.3198e-009 4.9706e-005 2.1685e+004 4.3455e-004 
6.7200e+000 2.6848e+003 1.1336e-017 1.3134e-009 3.7762e-009 2.2146e+004 6.9870e-004 
6.7000e+000 2.7397e+003 2.4460e-006 1.3065e-009 1.3948e-006 2.2598e+004 3.6508e-004 
6.6800e+000 2.7934e+003 7.6501e-018 1.2989e-009 5.0156e-005 2.3041e+004 4.9847e-005 
6.6600e+000 2.8459e+003 1.2788e-017 1.2907e-009 2.2501e-005 2.3473e+004 1.7134e-003 
6.6400e+000 2.8970e+003 2.8207e-006 1.2818e-009 3.6852e-009 2.3895e+004 1.2224e-003 
6.6200e+000 2.9467e+003 1.4146e-006 1.2723e-009 3.6577e-009 2.4305e+004 1.0656e-003 
6.6000e+000 2.9949e+003 7.0945e-007 1.2620e-009 5.6787e-006 2.4702e+004 3.7521e-004 
6.5800e+000 3.0414e+003 5.6928e-006 1.2511e-009 3.5969e-009 2.5085e+004 5.7568e-004 
6.5600e+000 3.0861e+003 4.6451e-017 1.2395e-009 4.5685e-005 2.5454e+004 2.5608e-003 
6.5400e+000 3.1289e+003 2.9468e-017 1.2272e-009 3.5281e-009 2.5806e+004 9.1822e-005 
6.5200e+000 3.1696e+003 7.1815e-006 1.2141e-009 1.7233e-005 2.6142e+004 8.7390e-004 
6.5000e+000 3.2082e+003 2.1611e-006 1.2004e-009 4.0343e-005 2.6460e+004 6.1341e-004 
6.4800e+000 3.2446e+003 4.8419e-017 1.1859e-009 2.3119e-005 2.6760e+004 2.0895e-004 
6.4600e+000 3.2785e+003 2.1259e-017 1.1707e-009 4.6392e-005 2.7039e+004 1.1494e-003 
6.4400e+000 3.3099e+003 2.1812e-017 1.1547e-009 3.3199e-009 2.7298e+004 2.6747e-004 
6.4200e+000 3.3386e+003 1.4587e-006 1.1381e-009 2.3336e-005 2.7534e+004 2.8781e-004 
6.4000e+000 3.3646e+003 5.1213e-006 1.1206e-009 1.1703e-005 2.7748e+004 1.1316e-003 
6.3800e+000 3.3876e+003 2.9356e-006 1.1024e-009 2.3482e-005 2.7938e+004 6.5465e-004 
6.3600e+000 3.4076e+003 5.8897e-006 1.0835e-009 3.1150e-009 2.8102e+004 1.2993e-003 
6.3400e+000 3.4243e+003 1.9375e-017 1.0638e-009 3.0583e-009 2.8240e+004 1.4021e-003 
6.3200e+000 3.4378e+003 2.9635e-006 1.0433e-009 4.7414e-005 2.8350e+004 8.4390e-004 
6.3000e+000 3.4478e+003 5.9921e-006 1.0220e-009 5.3183e-005 2.8432e+004 4.7124e-004 
6.2800e+000 3.4542e+003 4.3405e-017 1.0000e-009 2.3862e-005 2.8484e+004 1.0498e-003 
6.2600e+000 3.4568e+003 4.5614e-017 9.7721e-010 2.8095e-009 2.8505e+004 1.1660e-003 
6.2400e+000 3.4556e+003 1.7265e-017 9.5364e-010 2.7417e-009 2.8495e+004 2.0165e-003 
6.2200e+000 3.4503e+003 1.5056e-006 9.2928e-010 2.6717e-009 2.8451e+004 6.3304e-004 
6.2000e+000 3.4409e+003 1.5104e-006 9.0415e-010 4.8711e-005 2.8373e+004 1.9110e-003 
6.1800e+000 3.4272e+003 6.7767e-006 8.7823e-010 2.5249e-009 2.8259e+004 1.3742e-004 
6.1600e+000 3.4090e+003 4.4245e-017 8.5152e-010 2.4481e-009 2.8109e+004 1.9469e-004 
6.1400e+000 3.3862e+003 6.1008e-006 8.2402e-010 6.9022e-005 2.7920e+004 8.1607e-004 
6.1200e+000 3.3587e+003 1.2618e-005 7.9575e-010 2.2878e-009 2.7693e+004 2.1154e-004 
6.1000e+000 3.3263e+003 4.6056e-006 7.6669e-010 1.2284e-005 2.7425e+004 6.2554e-004 
6.0800e+000 3.2890e+003 3.0805e-006 7.3683e-010 2.4642e-005 2.7117e+004 6.9004e-004 
6.0600e+000 3.2464e+003 5.3037e-017 7.0619e-010 2.0303e-009 2.6765e+004 2.3134e-003 
6.0400e+000 3.1986e+003 6.2018e-006 6.7477e-010 4.9616e-005 2.6370e+004 2.3133e-003 
6.0200e+000 3.1453e+003 4.6667e-017 6.4257e-010 2.4888e-005 2.5930e+004 1.2120e-003 
6.0000e+000 3.0865e+003 5.9281e-017 6.0958e-010 1.2488e-005 2.5445e+004 2.1365e-003 
5.9800e+000 3.0219e+003 3.1320e-006 5.7581e-010 5.0114e-005 2.4911e+004 5.3159e-004 
5.9600e+000 2.9514e+003 2.6963e-017 5.4126e-010 1.5561e-009 2.4330e+004 1.3534e-003 
5.9400e+000 2.8750e+003 5.2878e-017 5.0593e-010 5.0450e-005 2.3699e+004 1.5049e-003 
5.9200e+000 2.7924e+003 4.9505e-017 4.6984e-010 1.0124e-004 2.3017e+004 2.7634e-003 
5.9000e+000 2.7035e+003 1.5872e-006 4.3297e-010 2.5397e-005 2.2284e+004 1.0666e-003 
5.8800e+000 2.6082e+003 3.1853e-006 3.9533e-010 1.1366e-009 2.1498e+004 1.6986e-003 
5.8600e+000 2.5064e+003 6.3923e-006 3.5692e-010 1.0261e-009 2.0658e+004 6.8328e-004 
5.8400e+000 2.3978e+003 6.4142e-006 3.1774e-010 9.1351e-010 1.9763e+004 8.0188e-004 
5.8200e+000 2.2825e+003 1.2872e-005 2.7781e-010 1.1513e-004 1.8811e+004 7.3556e-004 
5.8000e+000 2.1602e+003 5.5414e-017 2.3713e-010 6.8174e-010 1.7802e+004 6.5367e-004 
5.7800e+000 2.0308e+003 4.0505e-007 1.9570e-010 9.7217e-006 1.6736e+004 2.2872e-003 
5.7600e+000 1.8942e+003 4.7410e-017 1.5351e-010 4.4134e-010 1.5609e+004 7.5036e-004 
5.7400e+000 1.7502e+003 6.5259e-006 1.1059e-010 5.2208e-005 1.4422e+004 7.5837e-004 
5.7200e+000 1.5989e+003 1.3097e-005 6.6918e-011 1.9239e-010 1.3174e+004 2.5634e-003 
5.7000e+000 1.4399e+003 1.5540e-016 2.2521e-011 6.4747e-011 1.1864e+004 8.6716e-004 
5.6800e+000 1.2732e+003 1.4445e-016 2.2605e-011 2.6380e-005 1.0490e+004 1.8048e-003 
5.6600e+000 1.0987e+003 8.2727e-007 6.8446e-011 6.6183e-006 9.0516e+003 2.1272e-004 
5.6400e+000 9.1622e+002 6.6416e-006 1.1502e-010 3.3069e-010 7.5481e+003 1.4877e-003 
5.6200e+000 7.2571e+002 1.3824e-016 1.6231e-010 4.6663e-010 5.9783e+003 8.6650e-004 
5.6000e+000 5.2703e+002 4.7690e-016 5.0847e-011 1.4618e-010 4.3414e+003 2.1445e-003 
5.5800e+000 3.2008e+002 2.9357e-016 3.4260e-010 9.8496e-010 2.6365e+003 1.0747e-004 
5.5600e+000 1.0474e+002 7.2677e-016 8.3290e-010 2.3946e-009 8.6268e+002 3.0318e-004 
5.5400e+000 1.1907e+002 1.3523e-005 1.4410e-009 4.1428e-009 9.8070e+002 1.7444e-003 
5.5200e+000 3.5149e+002 6.2308e-016 2.1920e-009 5.4294e-005 2.8947e+003 4.8557e-004 
5.5000e+000 5.9258e+002 8.5840e-016 3.1163e-009 8.9593e-009 4.8800e+003 3.1309e-004 
5.4800e+000 8.4246e+002 9.7492e-016 4.2504e-009 1.2220e-008 6.9374e+003 2.4917e-003 
5.4600e+000 1.1012e+003 6.8606e-006 5.5348e-009 1.5913e-008 9.0677e+003 2.2429e-003 
5.4400e+000 1.3690e+003 1.7215e-006 6.6518e-009 1.9124e-008 1.1271e+004 4.7884e-004 
5.4200e+000 1.6457e+003 2.1482e-016 7.9771e-009 2.2934e-008 1.3549e+004 2.3680e-003 
5.4000e+000 1.9316e+003 1.3874e-005 9.5451e-009 2.7442e-008 1.5902e+004 1.8364e-003 
5.3800e+000 2.2268e+003 2.9591e-015 1.1395e-008 1.1143e-004 1.8331e+004 1.4135e-003 
5.3600e+000 2.5312e+003 1.1000e-015 1.3570e-008 3.9015e-008 2.0835e+004 9.2037e-004 
5.3400e+000 2.8450e+003 7.0148e-006 1.6119e-008 5.6073e-005 2.3416e+004 4.7473e-003 
5.3200e+000 3.1683e+003 1.7603e-006 1.9096e-008 2.8219e-005 2.6075e+004 1.0030e-003 
5.3000e+000 3.5010e+003 1.1556e-015 2.2557e-008 2.8332e-005 2.8811e+004 2.4800e-003 
5.2800e+000 3.8434e+003 5.3587e-015 2.6565e-008 2.2707e-004 3.1626e+004 1.9816e-003 
5.2600e+000 4.1953e+003 2.0142e-005 3.1182e-008 8.9649e-008 3.4519e+004 2.9567e-003 
5.2400e+000 4.5570e+003 1.1221e-014 3.6474e-008 1.0486e-007 3.7491e+004 3.7902e-003 
5.2200e+000 4.9284e+003 3.1811e-015 4.2503e-008 1.2220e-007 4.0543e+004 1.2401e-003 
5.2000e+000 5.3096e+003 3.6018e-006 4.9324e-008 2.8956e-005 4.3675e+004 3.4520e-004 
5.1800e+000 5.7006e+003 3.6157e-006 5.6980e-008 1.1555e-004 4.6887e+004 3.9052e-003 
5.1600e+000 6.1016e+003 1.3282e-014 6.5494e-008 1.1600e-004 5.0179e+004 7.8136e-003 
5.1400e+000 6.5124e+003 1.6319e-014 7.4859e-008 2.1522e-007 5.3553e+004 3.9694e-003 
5.1200e+000 6.9333e+003 3.2719e-005 8.5022e-008 1.1684e-004 5.7007e+004 2.8942e-003 
5.1000e+000 7.3641e+003 3.3204e-014 9.5867e-008 2.7562e-007 6.0543e+004 3.4284e-003 
5.0800e+000 7.8049e+003 7.3738e-006 1.0719e-007 5.9297e-005 6.4160e+004 7.0929e-003 
5.0600e+000 8.2558e+003 1.1104e-005 1.1867e-007 2.4399e-004 6.7859e+004 1.5204e-003 
5.0400e+000 8.7168e+003 6.5390e-014 1.2982e-007 2.4543e-004 7.1639e+004 1.9193e-003 
5.0200e+000 9.1878e+003 9.8280e-015 1.3996e-007 4.0238e-007 7.5501e+004 6.7463e-003 
5.0000e+000 9.6690e+003 5.2446e-014 1.4810e-007 2.3935e-004 7.9445e+004 4.4533e-003 
4.9800e+000 1.0160e+004 1.5044e-005 1.5292e-007 1.1992e-004 8.3471e+004 1.4367e-003 
4.9600e+000 1.0662e+004 7.5522e-006 1.5262e-007 4.3879e-007 8.7579e+004 1.3583e-003 
4.9400e+000 1.1173e+004 7.5827e-006 1.4481e-007 2.4668e-004 9.1768e+004 1.4425e-002 
4.9200e+000 1.1695e+004 3.1392e-005 1.2632e-007 3.6318e-007 9.6040e+004 1.4924e-003 
4.9000e+000 1.2227e+004 3.0578e-005 9.3026e-008 2.6745e-007 1.0039e+005 3.5278e-003 
4.8800e+000 1.2769e+004 3.0704e-005 3.9579e-008 2.4569e-004 1.0483e+005 5.4888e-003 
4.8600e+000 1.3321e+004 1.9315e-013 4.0947e-008 1.1772e-007 1.0934e+005 7.4544e-003 
4.8400e+000 1.3883e+004 1.5479e-005 1.5738e-007 4.5247e-007 1.1394e+005 5.3469e-003 
4.8200e+000 1.4455e+004 1.5543e-005 3.2101e-007 2.5636e-004 1.1862e+005 2.9474e-003 
4.8000e+000 1.5037e+004 1.5608e-005 5.4613e-007 9.2255e-005 1.2337e+005 6.2942e-003 
4.7800e+000 1.5630e+004 4.4330e-005 8.5083e-007 1.2723e-004 1.2821e+005 7.9258e-003 
4.7600e+000 1.6232e+004 9.1069e-013 1.2579e-006 3.6163e-006 1.3313e+005 4.9232e-003 
4.7400e+000 1.6844e+004 4.4704e-005 1.7957e-006 5.1626e-006 1.3813e+005 9.5382e-004 
4.7200e+000 1.7467e+004 3.1745e-005 2.5000e-006 2.4682e-004 1.4320e+005 2.5813e-003 
4.7000e+000 1.8099e+004 4.5085e-005 3.4152e-006 2.8862e-004 1.4836e+005 1.2741e-002 
4.6800e+000 1.8741e+004 6.4530e-005 4.5963e-006 7.6554e-005 1.5359e+005 9.2699e-003 
4.6600e+000 1.9393e+004 8.0383e-006 6.1117e-006 5.0717e-005 1.5890e+005 6.5016e-003 
4.6400e+000 2.0055e+004 3.6104e-005 8.0459e-006 2.6664e-004 1.6429e+005 1.0094e-002 
4.6200e+000 2.0727e+004 3.2432e-005 1.0503e-005 2.7528e-004 1.6976e+005 3.6253e-003 
4.6000e+000 2.1408e+004 6.5146e-005 1.3610e-005 2.2309e-004 1.7530e+005 7.5779e-003 
4.5800e+000 2.2099e+004 4.6266e-005 1.7525e-005 2.6820e-004 1.8092e+005 1.0467e-003 
4.5600e+000 2.2799e+004 9.8575e-005 2.2440e-005 6.3212e-004 1.8661e+005 1.2134e-002 
4.5400e+000 2.3509e+004 1.3608e-004 2.8589e-005 5.6733e-004 1.9238e+005 7.9232e-003 
4.5200e+000 2.4229e+004 2.5022e-012 3.6260e-005 1.0425e-004 1.9822e+005 4.0762e-003 
4.5000e+000 2.4958e+004 1.6648e-005 4.5799e-005 7.7851e-004 2.0413e+005 7.2813e-003 
4.4800e+000 2.5697e+004 3.3445e-005 5.7631e-005 2.4594e-004 2.1012e+005 2.4754e-003 
4.4600e+000 2.6444e+004 3.3595e-005 7.2269e-005 3.3796e-004 2.1618e+005 4.3053e-003 
4.4400e+000 2.7201e+004 4.6362e-012 9.0335e-005 7.9966e-004 2.2231e+005 5.3090e-003 
4.4200e+000 2.7968e+004 7.5801e-005 1.1258e-004 3.7038e-004 2.2851e+005 1.3237e-002 
4.4000e+000 2.8743e+004 6.8637e-005 1.3991e-004 2.5506e-004 2.3478e+005 1.5042e-002 
4.3800e+000 2.9528e+004 7.0524e-005 1.7342e-004 3.0380e-004 2.4112e+005 1.1159e-002 
4.3600e+000 3.0321e+004 5.1549e-005 2.1442e-004 4.9549e-004 2.4752e+005 1.5742e-002 
4.3400e+000 3.1123e+004 3.4283e-011 2.6449e-004 6.8778e-004 2.5399e+005 6.1305e-003 
4.3200e+000 3.1934e+004 3.4684e-005 3.2552e-004 4.9675e-004 2.6053e+005 6.4710e-003 
4.3000e+000 3.2755e+004 7.7917e-005 3.9978e-004 2.4457e-004 2.6714e+005 1.5585e-002 
4.2800e+000 3.3583e+004 1.2622e-004 4.8998e-004 8.5817e-004 2.7381e+005 2.4392e-002 
4.2600e+000 3.4420e+004 8.7931e-005 5.9935e-004 7.6524e-004 2.8054e+005 1.2411e-002 
4.2400e+000 3.5266e+004 2.3191e-005 7.3176e-004 2.2036e-004 2.8733e+005 1.8842e-002 
4.2200e+000 3.6121e+004 7.1012e-005 8.9180e-004 5.6534e-004 2.9419e+005 9.4965e-003 
4.2000e+000 3.6983e+004 3.5675e-005 1.0849e-003 1.1849e-004 3.0111e+005 1.5560e-002 
4.1800e+000 3.7854e+004 3.5846e-005 1.3177e-003 2.2347e-004 3.0809e+005 2.6717e-002 
4.1600e+000 3.8734e+004 7.2036e-005 1.5977e-003 3.1020e-004 3.1512e+005 4.0576e-002 
4.1400e+000 3.9621e+004 1.5070e-010 1.9341e-003 2.2040e-004 3.2222e+005 5.0734e-003 
4.1200e+000 4.0517e+004 1.0286e-004 2.3378e-003 1.9281e-004 3.2937e+005 3.8384e-002 
4.1000e+000 4.1420e+004 2.7409e-005 2.8214e-003 5.6764e-004 3.3657e+005 5.0111e-002 
4.0800e+000 4.2332e+004 1.0558e-004 3.4001e-003 2.3269e-004 3.4384e+005 2.9640e-002 
4.0600e+000 4.3251e+004 3.6905e-005 4.0916e-003 2.7117e-004 3.5115e+005 3.5831e-002 
4.0400e+000 4.4178e+004 1.4835e-004 4.9168e-003 2.5538e-004 3.5852e+005 4.0025e-002 
4.0200e+000 4.5113e+004 5.2842e-010 5.9002e-003 8.6089e-004 3.6594e+005 5.7973e-002 
4.0000e+000 4.6056e+004 1.4984e-004 7.0710e-003 1.1453e-003 3.7342e+005 4.6055e-002 
3.9800e+000 4.7006e+004 1.1294e-004 8.4627e-003 1.5163e-004 3.8094e+005 6.3040e-003 
3.9600e+000 4.7963e+004 1.3642e-004 1.0115e-002 5.3322e-004 3.8851e+005 3.1410e-002 
3.9400e+000 4.8928e+004 1.1409e-004 1.2075e-002 6.1956e-004 3.9613e+005 4.4656e-002 
3.9200e+000 4.9900e+004 8.3442e-005 1.4397e-002 1.6223e-004 4.0379e+005 1.8968e-002 
3.9000e+000 5.0880e+004 9.6049e-005 1.7144e-002 1.3862e-004 4.1150e+005 1.5423e-002 
3.8800e+000 5.1867e+004 8.6353e-005 2.0390e-002 3.3761e-004 4.1926e+005 1.4676e-002 
3.8600e+000 5.2861e+004 7.7635e-005 2.4222e-002 1.9375e-003 4.2706e+005 2.2264e-002 
3.8400e+000 5.3862e+004 7.8040e-005 2.8740e-002 1.3633e-003 4.3490e+005 4.4312e-002 
3.8200e+000 5.4870e+004 1.1094e-004 3.4061e-002 3.5176e-004 4.4279e+005 3.6874e-002 
3.8000e+000 5.5886e+004 3.9430e-005 4.0321e-002 6.5367e-004 4.5071e+005 5.0940e-002 
3.7800e+000 5.6908e+004 1.1892e-004 4.7678e-002 1.1607e-003 4.5868e+005 2.0785e-002 
3.7600e+000 5.7937e+004 1.7434e-004 5.6315e-002 6.2874e-004 4.6668e+005 2.9319e-002 
3.7400e+000 5.8973e+004 8.2593e-005 6.6442e-002 2.4159e-004 4.7472e+005 3.6410e-002 
3.7200e+000 6.0015e+004 1.6607e-004 7.8305e-002 8.1961e-004 4.8280e+005 2.1921e-002 
3.7000e+000 6.1065e+004 8.0991e-005 9.2186e-002 1.0696e-003 4.9092e+005 1.7715e-003 
3.6800e+000 6.2121e+004 2.3033e-004 1.0841e-001 1.2975e-003 4.9906e+005 1.0743e-001 
3.6600e+000 6.3184e+004 5.9672e-009 1.2736e-001 4.5094e-004 5.0725e+005 6.2644e-002 
3.6400e+000 6.4253e+004 1.8409e-004 1.4946e-001 8.8647e-004 5.1546e+005 1.2263e-002 
3.6200e+000 6.5329e+004 2.0696e-004 1.7521e-001 7.9595e-004 5.2371e+005 2.2823e-002 
3.6000e+000 6.6411e+004 1.6648e-004 2.0520e-001 3.3534e-004 5.3198e+005 3.1469e-002 
3.5800e+000 6.7500e+004 1.7034e-004 2.4006e-001 7.6628e-004 5.4029e+005 3.2777e-002 
3.5600e+000 6.8596e+004 5.0550e-004 2.8057e-001 4.2403e-004 5.4862e+005 5.6846e-002 
3.5400e+000 6.9698e+004 1.6931e-004 3.2758e-001 1.4265e-004 5.5698e+005 2.5159e-002 
3.5200e+000 7.0807e+004 8.5130e-005 3.8209e-001 2.0530e-003 5.6537e+005 2.6538e-002 
3.5000e+000 7.1922e+004 2.7076e-004 4.4523e-001 3.1692e-003 5.7379e+005 5.5466e-002 
3.4800e+000 7.3043e+004 2.5834e-004 5.1829e-001 2.6847e-003 5.8222e+005 3.6439e-002 
3.4600e+000 7.4171e+004 1.4234e-008 6.0275e-001 5.6757e-004 5.9069e+005 5.1131e-002 
3.4400e+000 7.5305e+004 8.7111e-005 7.0030e-001 1.0843e-003 5.9917e+005 7.8785e-003 
3.4200e+000 7.6446e+004 1.7522e-004 8.1286e-001 1.2432e-003 6.0768e+005 3.1950e-002 
3.4000e+000 7.7594e+004 2.4734e-004 9.4261e-001 1.1416e-003 6.1621e+005 2.8742e-002 
3.3800e+000 7.8748e+004 1.8279e-004 1.0920e+000 2.3199e-003 6.2476e+005 5.5741e-002 
3.3600e+000 7.9908e+004 1.7835e-004 1.2640e+000 5.9013e-004 6.3332e+005 1.5727e-002 
3.3400e+000 8.1075e+004 8.9693e-005 1.4616e+000 1.9029e-003 6.4191e+005 7.3657e-002 
3.3200e+000 8.2249e+004 1.8049e-004 1.6885e+000 1.4519e-003 6.5051e+005 1.9583e-002 
3.3000e+000 8.3429e+004 3.2747e-004 1.9489e+000 6.6034e-004 6.5913e+005 2.2919e-002 
3.2800e+000 8.4616e+004 1.8271e-004 2.2473e+000 6.4181e-004 6.6776e+005 1.1572e-001 
3.2600e+000 8.5809e+004 2.7570e-004 2.5891e+000 2.3798e-003 6.7641e+005 3.8210e-002 
3.2400e+000 8.7010e+004 1.8503e-004 2.9801e+000 3.5222e-004 6.8507e+005 4.1712e-002 
3.2200e+000 8.8217e+004 2.3273e-004 3.4271e+000 3.6076e-003 6.9375e+005 1.2661e-002 
3.2000e+000 8.9431e+004 2.1198e-004 3.9376e+000 3.9559e-003 7.0243e+005 5.6336e-002 
3.1800e+000 9.0652e+004 1.8840e-004 4.5200e+000 1.3614e-003 7.1113e+005 1.6118e-002 
3.1600e+000 9.1880e+004 3.9100e-004 5.1840e+000 8.9955e-004 7.1983e+005 3.6753e-002 
3.1400e+000 9.3115e+004 3.9343e-004 5.9402e+000 3.4441e-003 7.2855e+005 2.3142e-002 
3.1200e+000 9.4357e+004 2.1485e-004 6.8007e+000 5.5116e-003 7.3727e+005 2.7223e-002 
3.1000e+000 9.5607e+004 2.7336e-004 7.7791e+000 3.6017e-003 7.4600e+005 4.4993e-002 
3.0800e+000 9.6864e+004 2.7536e-004 8.8903e+000 1.7001e-003 7.5474e+005 5.5174e-002 
3.0600e+000 9.8128e+004 2.7695e-004 1.0151e+001 1.6175e-003 7.6347e+005 6.7391e-002 
3.0400e+000 9.9400e+004 3.1561e-004 1.1581e+001 4.8474e-003 7.7222e+005 1.9103e-002 
3.0200e+000 1.0068e+005 6.2765e-004 1.3201e+001 4.3433e-004 7.8097e+005 1.0908e-001 
3.0000e+000 1.0197e+005 4.1776e-004 1.5035e+001 1.0823e-003 7.8972e+005 6.6765e-002 
2.9800e+000 1.0326e+005 1.2548e-004 1.7108e+001 4.9021e-003 7.9846e+005 8.0556e-002 
2.9600e+000 1.0457e+005 5.0836e-005 1.9451e+001 1.7569e-003 8.0722e+005 2.6260e-002 
2.9400e+000 1.0588e+005 6.1192e-004 2.2096e+001 1.1775e-003 8.1596e+005 1.6153e-002 
2.9200e+000 1.0720e+005 3.7042e-004 2.5079e+001 5.0467e-003 8.2471e+005 1.2435e-001 
2.9000e+000 1.0853e+005 4.6199e-004 2.8441e+001 2.2461e-003 8.3346e+005 9.3769e-002 
2.8800e+000 1.0986e+005 5.7928e-007 3.2226e+001 3.7270e-003 8.4219e+005 2.2956e-001 
2.8600e+000 1.1121e+005 5.6438e-004 3.6485e+001 6.5720e-003 8.5093e+005 1.4967e-001 
2.8400e+000 1.1256e+005 4.3561e-004 4.1272e+001 3.0765e-003 8.5965e+005 8.2720e-002 
2.8200e+000 1.1393e+005 8.5638e-004 4.6647e+001 2.5449e-003 8.6837e+005 7.7087e-002 
2.8000e+000 1.1530e+005 2.1416e-004 5.2680e+001 1.5607e-003 8.7709e+005 6.7859e-002 
2.7800e+000 1.1668e+005 2.2050e-004 5.9442e+001 2.7488e-003 8.8578e+005 4.6827e-002 
2.7600e+000 1.1808e+005 4.3526e-004 6.7019e+001 4.1857e-003 8.9447e+005 1.3732e-001 
2.7400e+000 1.1948e+005 2.4373e-004 7.5498e+001 9.7259e-003 9.0314e+005 2.3030e-002 
2.7200e+000 1.2089e+005 6.9760e-004 8.4981e+001 2.1389e-003 9.1181e+005 4.4121e-002 
2.7000e+000 1.2231e+005 2.2275e-004 9.5576e+001 4.1877e-003 9.2045e+005 3.3413e-002 
2.6800e+000 1.2374e+005 6.7090e-004 1.0741e+002 1.0656e-003 9.2908e+005 1.0948e-001 
2.6600e+000 1.2519e+005 4.4931e-004 1.2060e+002 3.5411e-003 9.3768e+005 6.3300e-002 
2.6400e+000 1.2664e+005 4.9574e-007 1.3531e+002 4.7720e-003 9.4627e+005 8.7051e-002 
2.6200e+000 1.2810e+005 4.5751e-004 1.5169e+002 1.3276e-003 9.5483e+005 3.6787e-002 
2.6000e+000 1.2958e+005 4.7631e-004 1.6991e+002 4.1559e-004 9.6337e+005 7.4688e-002 
2.5800e+000 1.3107e+005 7.0706e-004 1.9017e+002 4.5725e-003 9.7189e+005 7.9186e-002 
2.5600e+000 1.3256e+005 9.4521e-004 2.1268e+002 5.0137e-003 9.8038e+005 1.1459e-001 
2.5400e+000 1.3407e+005 3.1383e-004 2.3766e+002 7.6640e-004 9.8883e+005 5.7559e-002 
2.5200e+000 1.3560e+005 4.8019e-004 2.6537e+002 1.5139e-002 9.9726e+005 1.0416e-001 
2.5000e+000 1.3713e+005 3.0279e-004 2.9607e+002 6.7143e-003 1.0056e+006 2.1178e-001 
2.4800e+000 1.3867e+005 4.9690e-004 3.3006e+002 6.0955e-003 1.0140e+006 2.9990e-002 
2.4600e+000 1.4023e+005 1.4666e-003 3.6767e+002 8.6583e-003 1.0223e+006 7.0558e-002 
2.4400e+000 1.4180e+005 1.7213e-003 4.0925e+002 2.2036e-003 1.0306e+006 6.0604e-002 
2.4200e+000 1.4338e+005 5.5748e-004 4.5516e+002 2.6067e-003 1.0388e+006 2.2505e-001 
2.4000e+000 1.4498e+005 9.0310e-004 5.0584e+002 2.8345e-003 1.0470e+006 7.4455e-002 
2.3800e+000 1.4658e+005 8.0349e-004 5.6172e+002 4.9282e-003 1.0551e+006 1.8276e-001 
2.3600e+000 1.4820e+005 7.6187e-004 6.2329e+002 4.3482e-003 1.0632e+006 2.0785e-001 
2.3400e+000 1.4983e+005 7.7340e-004 6.9108e+002 1.1217e-002 1.0713e+006 1.2863e-001 
2.3200e+000 1.5148e+005 1.0404e-003 7.6566e+002 3.7764e-003 1.0792e+006 4.1278e-002 
2.3000e+000 1.5314e+005 3.2879e-004 8.4763e+002 4.9245e-003 1.0871e+006 2.1288e-002 
2.2800e+000 1.5481e+005 6.1767e-004 9.3766e+002 1.0209e-002 1.0950e+006 2.2913e-001 
2.2600e+000 1.5649e+005 5.3456e-004 1.0365e+003 3.0989e-003 1.1028e+006 1.1197e-001 
2.2400e+000 1.5819e+005 5.9220e-004 1.1448e+003 6.1488e-003 1.1105e+006 1.6036e-001 
2.2200e+000 1.5989e+005 5.4916e-004 1.2635e+003 3.5586e-004 1.1181e+006 7.6559e-002 
2.2000e+000 1.6162e+005 1.6408e-003 1.3935e+003 1.1371e-002 1.1256e+006 4.2810e-002 
2.1800e+000 1.6335e+005 5.5636e-004 1.5357e+003 2.6795e-003 1.1331e+006 1.1083e-001 
2.1600e+000 1.6509e+005 6.3792e-004 1.6911e+003 5.0198e-003 1.1405e+006 1.9939e-001 
2.1400e+000 1.6685e+005 8.6221e-004 1.8609e+003 1.0152e-003 1.1478e+006 8.8883e-002 
2.1200e+000 1.6862e+005 3.0703e-004 2.0462e+003 1.0631e-002 1.1549e+006 5.5232e-002 
2.1000e+000 1.7039e+005 2.1659e-003 2.2483e+003 5.1992e-003 1.1620e+006 1.9464e-001 
2.0800e+000 1.7218e+005 1.2113e-003 2.4686e+003 1.4386e-002 1.1690e+006 1.3951e-001 
2.0600e+000 1.7398e+005 1.8420e-003 2.7084e+003 5.9862e-003 1.1759e+006 1.9757e-001 
2.0400e+000 1.7579e+005 5.9750e-004 2.9693e+003 3.2314e-003 1.1826e+006 1.9686e-001 
2.0200e+000 1.7761e+005 1.2061e-003 3.2530e+003 8.3157e-003 1.1893e+006 4.9284e-001 
2.0000e+000 1.7943e+005 7.3346e-004 3.5612e+003 1.4418e-002 1.1957e+006 8.4519e-002 
1.9800e+000 1.8127e+005 2.0896e-004 3.8958e+003 7.7196e-003 1.2021e+006 6.6473e-002 
1.9600e+000 1.8311e+005 1.7953e-003 4.2587e+003 3.8725e-003 1.2083e+006 1.3469e-001 
1.9400e+000 1.8495e+005 2.4619e-003 4.6522e+003 2.2751e-002 1.2144e+006 2.1605e-001 
1.9200e+000 1.8680e+005 6.9458e-004 5.0783e+003 3.9516e-003 1.2203e+006 9.4931e-002 
1.9000e+000 1.8866e+005 1.2688e-003 5.5395e+003 3.4179e-002 1.2261e+006 2.4279e-001 
1.8800e+000 1.9052e+005 6.8618e-004 6.0383e+003 1.1904e-002 1.2317e+006 3.2142e-001 
1.8600e+000 1.9238e+005 3.6643e-004 6.5774e+003 2.6441e-002 1.2371e+006 2.1270e-001 
1.8400e+000 1.9424e+005 6.9912e-004 7.1596e+003 1.4521e-002 1.2423e+006 2.6197e-002 
1.8200e+000 1.9609e+005 6.3077e-004 7.7878e+003 7.2951e-003 1.2474e+006 1.0124e-001 
1.8000e+000 1.9795e+005 1.3908e-003 8.4653e+003 1.1851e-002 1.2522e+006 3.3557e-001 
1.7800e+000 1.9980e+005 5.2167e-004 9.1953e+003 6.3941e-003 1.2569e+006 7.7548e-002 
1.7600e+000 2.0165e+005 2.4796e-003 9.9814e+003 1.5186e-003 1.2613e+006 9.7348e-002 
1.7400e+000 2.0349e+005 1.0155e-004 1.0827e+004 2.7705e-002 1.2655e+006 3.7092e-001 
1.7200e+000 2.0531e+005 4.2409e-003 1.1737e+004 1.1376e-002 1.2695e+006 1.5302e-001 
1.7000e+000 2.0713e+005 3.9734e-003 1.2714e+004 1.5411e-002 1.2733e+006 2.0128e-001 
1.6800e+000 2.0893e+005 1.4461e-003 1.3764e+004 2.8488e-002 1.2768e+006 9.8078e-002 
1.6600e+000 2.1072e+005 2.3049e-003 1.4890e+004 9.1184e-003 1.2800e+006 1.8609e-001 
1.6400e+000 2.1249e+005 3.3525e-003 1.6097e+004 1.3051e-002 1.2830e+006 4.1357e-001 
1.6200e+000 2.1424e+005 8.3858e-004 1.7391e+004 5.9931e-003 1.2857e+006 1.0695e-001 
1.6000e+000 2.1596e+005 1.8198e-003 1.8776e+004 2.3153e-002 1.2881e+006 3.2773e-002 
1.5800e+000 2.1766e+005 7.1263e-004 2.0259e+004 4.0702e-002 1.2903e+006 7.6879e-002 
1.5600e+000 2.1933e+005 6.4210e-004 2.1844e+004 6.3596e-003 1.2921e+006 1.5545e-001 
1.5400e+000 2.2096e+005 2.0214e-004 2.3538e+004 3.2939e-002 1.2936e+006 3.0678e-001 
1.5200e+000 2.2256e+005 1.6602e-003 2.5347e+004 2.1570e-002 1.2948e+006 2.4652e-001 
1.5000e+000 2.2412e+005 6.2431e-004 2.7278e+004 1.4187e-002 1.2957e+006 1.3550e-001 
1.4800e+000 2.2565e+005 4.9174e-003 2.9338e+004 1.5746e-002 1.2962e+006 3.5609e-001 
1.4600e+000 2.2712e+005 2.0275e-003 3.1534e+004 3.5657e-002 1.2964e+006 1.1041e-001 
1.4400e+000 2.2855e+005 1.0975e-003 3.3873e+004 2.2734e-002 1.2962e+006 9.2175e-002 
1.4200e+000 2.2992e+005 1.8653e-003 3.6362e+004 3.6254e-003 1.2957e+006 2.0881e-001 
1.4000e+000 2.3124e+005 1.0054e-003 3.9012e+004 1.6809e-002 1.2947e+006 3.2227e-001 
1.3800e+000 2.3250e+005 4.1409e-003 4.1829e+004 2.5495e-002 1.2934e+006 3.8363e-001 
1.3600e+000 2.3369e+005 3.7023e-003 4.4823e+004 2.4871e-002 1.2917e+006 9.7586e-002 
1.3400e+000 2.3482e+005 1.8280e-003 4.8003e+004 7.2111e-002 1.2895e+006 2.7472e-001 
1.3200e+000 2.3587e+005 8.1903e-003 5.1378e+004 3.4586e-002 1.2869e+006 2.0436e-001 
1.3000e+000 2.3685e+005 5.1406e-003 5.4960e+004 4.5989e-002 1.2839e+006 2.1048e-001 
1.2800e+000 2.3775e+005 3.8987e-003 5.8758e+004 3.3938e-002 1.2805e+006 1.6934e-001 
1.2600e+000 2.3856e+005 5.0971e-003 6.2783e+004 8.1874e-002 1.2766e+006 9.5689e-002 
1.2400e+000 2.3929e+005 3.2765e-003 6.7047e+004 2.4849e-002 1.2723e+006 7.9057e-002 
1.2200e+000 2.3991e+005 5.3068e-003 7.1561e+004 1.8974e-002 1.2674e+006 2.6987e-001 
1.2000e+000 2.4045e+005 2.1611e-003 7.6339e+004 5.3004e-002 1.2621e+006 5.2106e-001 
1.1800e+000 2.4088e+005 1.2591e-002 8.1393e+004 2.2383e-002 1.2563e+006 4.5168e-001 
1.1600e+000 2.4120e+005 2.0385e-003 8.6738e+004 5.3541e-002 1.2500e+006 4.8581e-001 
1.1400e+000 2.4141e+005 1.2127e-003 9.2386e+004 1.7224e-002 1.2432e+006 2.2605e-001 
1.1200e+000 2.4150e+005 1.3512e-002 9.8354e+004 8.0328e-003 1.2359e+006 7.3754e-001 
1.1000e+000 2.4148e+005 1.4031e-002 1.0466e+005 8.2515e-003 1.2281e+006 5.0808e-001 
1.0800e+000 2.4133e+005 4.0614e-003 1.1131e+005 8.2976e-002 1.2197e+006 5.2723e-001 
1.0600e+000 2.4105e+005 1.2687e-003 1.1834e+005 2.4094e-002 1.2108e+006 5.3606e-001 
1.0400e+000 2.4063e+005 8.2436e-003 1.2575e+005 1.2605e-001 1.2014e+006 3.1339e-001 
1.0200e+000 2.4008e+005 4.8281e-003 1.3357e+005 3.9909e-002 1.1914e+006 3.8255e-001 
1.0000e+000 2.3939e+005 1.4984e-003 1.4181e+005 5.2703e-002 1.1809e+006 2.0375e-001 
9.8000e-001 2.3855e+005 9.6459e-003 1.5051e+005 1.6045e-001 1.1698e+006 1.6562e-001 
9.6000e-001 2.3756e+005 4.8516e-003 1.5967e+005 1.5341e-001 1.1581e+006 3.6461e-001 
9.4000e-001 2.3642e+005 3.4336e-003 1.6934e+005 9.4430e-002 1.1458e+006 9.6110e-001 
9.2000e-001 2.3512e+005 5.9640e-003 1.7952e+005 1.6505e-001 1.1330e+006 3.9777e-001 
9.0000e-001 2.3366e+005 5.0084e-003 1.9026e+005 1.1052e-001 1.1196e+006 2.1895e-001 
8.8000e-001 2.3203e+005 1.1900e-002 2.0158e+005 1.3457e-001 1.1056e+006 2.7324e-001 
8.6000e-001 2.3024e+005 1.0177e-002 2.1351e+005 1.6094e-001 1.0911e+006 4.2417e-001 
8.4000e-001 2.2828e+005 7.3546e-003 2.2609e+005 3.9129e-002 1.0759e+006 4.4727e-001 
8.2000e-001 2.2615e+005 1.4121e-002 2.3936e+005 8.5442e-002 1.0602e+006 1.2040e+000 
8.0000e-001 2.2384e+005 5.4541e-003 2.5335e+005 1.2309e-001 1.0439e+006 7.7053e-001 
7.8000e-001 2.2135e+005 1.2638e-002 2.6812e+005 1.7969e-001 1.0270e+006 1.2207e+000 
7.6000e-001 2.1869e+005 1.2970e-002 2.8371e+005 3.1335e-001 1.0095e+006 6.8620e-001 
7.4000e-001 2.1584e+005 9.7863e-003 3.0017e+005 1.3894e-001 9.9147e+005 7.2923e-001 
7.2000e-001 2.1282e+005 3.0042e-002 3.1757e+005 3.5394e-001 9.7283e+005 1.1516e+000 
7.0000e-001 2.0961e+005 1.1399e-002 3.3597e+005 2.0014e-001 9.5362e+005 6.7660e-001 
6.8000e-001 2.0621e+005 1.1384e-002 3.5544e+005 3.6219e-001 9.3383e+005 7.3491e-001 
6.6000e-001 2.0264e+005 2.6475e-003 3.7607e+005 1.7108e-001 9.1348e+005 6.2258e-001 
6.4000e-001 1.9888e+005 1.0677e-002 3.9794e+005 1.2114e-001 8.9256e+005 3.6393e-001 
6.2000e-001 1.9493e+005 2.1757e-002 4.2117e+005 9.9304e-002 8.7110e+005 3.3907e-001 
6.0000e-001 1.9081e+005 3.0483e-003 4.4585e+005 1.3923e-001 8.4908e+005 4.7201e-001 
5.8000e-001 1.8650e+005 1.2826e-002 4.7214e+005 1.0602e-001 8.2653e+005 5.4235e-001 
5.6000e-001 1.8201e+005 1.9117e-002 5.0017e+005 1.8818e-001 8.0344e+005 2.8185e-001 
5.4000e-001 1.7734e+005 1.5096e-002 5.3013e+005 3.4028e-001 7.7983e+005 1.7158e+000 
5.2000e-001 1.7250e+005 1.8171e-002 5.6220e+005 1.7392e-001 7.5571e+005 6.5855e-001 
5.0000e-001 1.6748e+005 2.6803e-003 5.9662e+005 6.9445e-001 7.3110e+005 1.1379e+000 
4.8000e-001 1.6229e+005 8.3993e-003 6.3367e+005 6.5919e-001 7.0600e+005 1.2280e+000 
4.6000e-001 1.5693e+005 1.5638e-002 6.7364e+005 3.7309e-001 6.8042e+005 7.4418e-001 
4.4000e-001 1.5141e+005 6.8447e-003 7.1693e+005 1.0280e+000 6.5438e+005 3.4037e-001 
4.2000e-001 1.4573e+005 1.3391e-002 7.6397e+005 2.7434e-001 6.2789e+005 7.9207e-001 
4.0000e-001 1.3990e+005 1.1351e-002 8.1531e+005 6.1753e-001 6.0097e+005 6.5849e-001 
3.8000e-001 1.3391e+005 2.1925e-002 8.7158e+005 5.7306e-001 5.7364e+005 1.6520e+000 
3.6000e-001 1.2777e+005 3.3362e-003 9.3358e+005 9.9145e-001 5.4590e+005 1.3766e+000 
3.4000e-001 1.2150e+005 6.0143e-003 1.0023e+006 8.8573e-001 5.1778e+005 1.0090e+000 
3.2000e-001 1.1509e+005 2.8313e-002 1.0789e+006 6.7635e-001 4.8929e+005 1.0421e+000 
3.0000e-001 1.0855e+005 7.7947e-002 1.1651e+006 2.2338e-001 4.6045e+005 5.0839e-001 
2.8000e-001 1.0189e+005 1.7529e-002 1.2627e+006 5.9208e-001 4.3129e+005 4.7752e-001 
2.6000e-001 9.5115e+004 2.1252e-002 1.3745e+006 1.2346e+000 4.0181e+005 7.2955e-001 
2.4000e-001 8.8230e+004 3.4963e-002 1.5038e+006 8.5029e-001 3.7204e+005 1.5696e+000 
2.2000e-001 8.1244e+004 3.0025e-002 1.6556e+006 4.5032e-001 3.4201e+005 8.0388e-001 
2.0000e-001 7.4164e+004 5.3995e-002 1.8363e+006 3.3168e-001 3.1172e+005 4.9162e+000 
1.8000e-001 6.6998e+004 2.3441e-002 2.0558e+006 6.9676e-002 2.8121e+005 1.3248e+000 
1.6000e-001 5.9754e+004 4.1242e-002 2.3284e+006 9.8926e-001 2.5049e+005 1.4330e+000 
1.4000e-001 5.2440e+004 1.2415e-001 2.6768e+006 1.6960e-001 2.1958e+005 6.2602e+000 
1.2000e-001 4.5064e+004 5.1677e-003 3.1391e+006 1.9579e+000 1.8852e+005 1.4292e+000 
1.0000e-001 3.7635e+004 5.9934e-002 3.7834e+006 4.0040e+000 1.5731e+005 3.7796e+000 
8.0000e-002 3.0162e+004 1.4984e-002 4.7461e+006 5.1207e+000 1.2599e+005 5.9522e+000 
6.0000e-002 2.2653e+004 5.9952e-002 6.3457e+006 5.0295e+000 9.4575e+004 2.4788e+001 
4.0000e-002 1.5117e+004 7.4918e-002 9.5374e+006 9.1624e+000 6.3089e+004 9.7917e+000 
2.0000e-002 7.5629e+003 1.7980e-001 1.9097e+007 1.6332e+001 3.1556e+004 4.9147e+000 
