7.9600e+000 1.0017e+002 5.8823e-007 1.1329e-009 3.2570e-009 8.2638e+002 4.1849e-005 
7.9400e+000 8.4284e+001 1.7297e-017 1.1337e-009 4.7209e-006 6.9533e+002 4.0520e-005 
7.9200e+000 6.7416e+001 2.2170e-007 1.1350e-009 4.7696e-006 5.5617e+002 3.6045e-005 
7.9000e+000 4.9543e+001 1.2219e-006 1.1367e-009 2.3725e-006 4.0873e+002 5.9250e-005 
7.8800e+000 3.0651e+001 5.9421e-007 1.1389e-009 3.2742e-009 2.5287e+002 6.5370e-005 
7.8600e+000 1.0721e+001 1.4893e-007 1.1414e-009 3.2815e-009 8.8443e+001 4.3250e-005 
7.8400e+000 1.0263e+001 6.1562e-007 1.1443e-009 1.9108e-005 8.4670e+001 5.8553e-005 
7.8200e+000 3.2320e+001 2.5496e-017 1.1475e-009 1.0714e-005 2.6663e+002 1.0141e-004 
7.8000e+000 5.5459e+001 6.0030e-007 1.1512e-009 4.7996e-006 4.5753e+002 2.7668e-005 
7.7800e+000 7.9693e+001 2.6274e-017 1.1551e-009 9.7013e-006 6.5746e+002 7.2159e-005 
7.7600e+000 1.0504e+002 1.8626e-017 1.1593e-009 3.3330e-009 8.6655e+002 1.3275e-004 
7.7400e+000 1.3150e+002 1.3527e-006 1.1638e-009 3.3460e-009 1.0849e+003 7.8071e-005 
7.7200e+000 1.5909e+002 1.1033e-017 1.1686e-009 9.7015e-006 1.3125e+003 1.5407e-004 
7.7000e+000 1.8783e+002 2.6913e-017 1.1736e-009 1.9462e-005 1.5496e+003 6.9659e-005 
7.6800e+000 2.1771e+002 3.0484e-007 1.1789e-009 1.9658e-005 1.7961e+003 6.0388e-005 
7.6600e+000 2.4874e+002 1.3668e-006 1.1844e-009 1.5466e-005 2.0521e+003 1.0043e-004 
7.6400e+000 2.8093e+002 1.1148e-018 1.1900e-009 3.4214e-009 2.3176e+003 1.4935e-004 
7.6200e+000 3.1427e+002 1.2312e-006 1.1959e-009 1.9143e-007 2.5927e+003 1.2811e-004 
7.6000e+000 3.4878e+002 1.4176e-017 1.2018e-009 3.4552e-009 2.8773e+003 3.6970e-005 
7.5800e+000 3.8444e+002 1.7472e-006 1.2079e-009 1.3974e-005 3.1716e+003 1.9458e-004 
7.5600e+000 4.2127e+002 1.7518e-006 1.2141e-009 9.9126e-006 3.4754e+003 2.2979e-004 
7.5400e+000 4.5925e+002 1.2902e-006 1.2204e-009 2.7952e-006 3.7887e+003 1.9319e-004 
7.5200e+000 4.9837e+002 6.2265e-007 1.2268e-009 3.5270e-009 4.1114e+003 2.8551e-004 
7.5000e+000 5.3865e+002 1.2486e-006 1.2332e-009 9.9920e-006 4.4437e+003 1.7870e-004 
7.4800e+000 5.8005e+002 9.3896e-018 1.2396e-009 5.0100e-006 4.7853e+003 5.6648e-004 
7.4600e+000 6.2258e+002 1.3407e-006 1.2460e-009 1.0039e-005 5.1361e+003 2.0170e-004 
7.4400e+000 6.6622e+002 1.2587e-006 1.2525e-009 1.0066e-005 5.4961e+003 4.4916e-004 
7.4200e+000 7.1095e+002 1.3774e-017 1.2588e-009 2.0197e-005 5.8651e+003 1.7082e-005 
7.4000e+000 7.5676e+002 2.8004e-017 1.2652e-009 2.0251e-005 6.2430e+003 2.4771e-004 
7.3800e+000 8.0363e+002 1.5862e-007 1.2714e-009 5.7113e-006 6.6297e+003 1.4370e-004 
7.3600e+000 8.5154e+002 1.9085e-017 1.2776e-009 2.0362e-005 7.0249e+003 1.0424e-004 
7.3400e+000 9.0048e+002 1.2758e-006 1.2836e-009 1.0203e-005 7.4286e+003 5.4494e-005 
7.3200e+000 9.5039e+002 6.3966e-007 1.2895e-009 1.1441e-005 7.8403e+003 3.0055e-004 
7.3000e+000 1.0013e+003 2.7401e-006 1.2953e-009 2.0880e-005 8.2601e+003 1.6299e-004 
7.2800e+000 1.0531e+003 1.2864e-006 1.3008e-009 1.0295e-005 8.6875e+003 2.0648e-004 
7.2600e+000 1.1058e+003 1.4078e-017 1.3062e-009 1.4590e-005 9.1223e+003 5.9676e-004 
7.2400e+000 1.1594e+003 1.2935e-006 1.3114e-009 2.1329e-005 9.5643e+003 2.6760e-004 
7.2200e+000 1.2138e+003 5.0666e-007 1.3163e-009 2.1054e-005 1.0013e+004 4.2380e-004 
7.2000e+000 1.2690e+003 2.6013e-006 1.3210e-009 3.7979e-009 1.0469e+004 2.9104e-004 
7.1800e+000 1.3250e+003 9.7819e-018 1.3254e-009 2.3334e-005 1.0930e+004 7.0776e-004 
7.1600e+000 1.3816e+003 9.6822e-018 1.3295e-009 2.0930e-005 1.1397e+004 5.4479e-004 
7.1400e+000 1.4389e+003 2.6347e-006 1.3334e-009 2.2193e-005 1.1870e+004 6.3845e-004 
7.1200e+000 1.4968e+003 5.2611e-006 1.3368e-009 2.1040e-005 1.2348e+004 2.4814e-004 
7.1000e+000 1.5553e+003 2.6379e-006 1.3400e-009 1.0552e-005 1.2830e+004 6.4519e-005 
7.0800e+000 1.6143e+003 1.3227e-006 1.3428e-009 3.8605e-009 1.3317e+004 2.1164e-004 
7.0600e+000 1.6737e+003 2.7345e-006 1.3452e-009 2.6554e-006 1.3807e+004 5.9717e-004 
7.0400e+000 1.7336e+003 6.6511e-007 1.3472e-009 2.1935e-005 1.4301e+004 1.4508e-003 
7.0200e+000 1.7937e+003 2.6680e-006 1.3488e-009 3.8778e-009 1.4797e+004 6.8486e-004 
7.0000e+000 1.8541e+003 2.6756e-006 1.3500e-009 1.0699e-005 1.5295e+004 2.7957e-004 
6.9800e+000 1.9147e+003 1.3416e-006 1.3507e-009 1.0736e-005 1.5795e+004 1.1605e-003 
6.9600e+000 1.9754e+003 1.3455e-006 1.3510e-009 5.3802e-006 1.6295e+004 6.0682e-004 
6.9400e+000 2.0362e+003 2.6988e-006 1.3508e-009 3.8836e-009 1.6797e+004 1.8036e-004 
6.9200e+000 2.0969e+003 2.7066e-006 1.3501e-009 2.1656e-005 1.7298e+004 2.8632e-004 
6.9000e+000 2.1576e+003 2.0358e-006 1.3490e-009 1.0861e-005 1.7798e+004 2.5792e-004 
6.8800e+000 2.2180e+003 2.7223e-006 1.3473e-009 2.5678e-005 1.8296e+004 9.3362e-004 
6.8600e+000 2.2782e+003 2.7302e-006 1.3450e-009 2.1846e-005 1.8793e+004 5.7676e-004 
6.8400e+000 2.3381e+003 2.7382e-006 1.3422e-009 2.1910e-005 1.9287e+004 8.8528e-004 
6.8200e+000 2.3975e+003 3.8838e-006 1.3389e-009 4.3941e-005 1.9777e+004 5.4071e-004 
6.8000e+000 2.4564e+003 2.5050e-018 1.3350e-009 9.6429e-006 2.0262e+004 5.7713e-004 
6.7800e+000 2.5147e+003 3.9067e-006 1.3305e-009 3.1257e-005 2.0743e+004 9.3972e-004 
6.7600e+000 2.5722e+003 2.7706e-006 1.3254e-009 4.4326e-005 2.1217e+004 6.2948e-004 
6.7400e+000 2.6290e+003 2.7788e-006 1.3198e-009 3.7943e-009 2.1685e+004 5.4819e-004 
6.7200e+000 2.6848e+003 2.0903e-006 1.3134e-009 5.5774e-006 2.2146e+004 9.4941e-004 
6.7000e+000 2.7397e+003 2.2740e-017 1.3065e-009 3.7562e-009 2.2598e+004 3.5987e-004 
6.6800e+000 2.7934e+003 1.6128e-017 1.2989e-009 2.2434e-005 2.3041e+004 1.0930e-003 
6.6600e+000 2.8459e+003 1.2788e-017 1.2907e-009 2.2501e-005 2.3473e+004 1.1700e-003 
6.6400e+000 2.8970e+003 6.3073e-006 1.2818e-009 3.3852e-005 2.3895e+004 4.8250e-004 
6.6200e+000 2.9467e+003 3.7133e-006 1.2723e-009 1.5558e-005 2.4305e+004 2.9111e-004 
6.6000e+000 2.9949e+003 3.9312e-017 1.2620e-009 4.6805e-005 2.4702e+004 4.3258e-004 
6.5800e+000 3.0414e+003 5.6928e-006 1.2511e-009 2.2768e-005 2.5085e+004 5.2081e-004 
6.5600e+000 3.0861e+003 2.5209e-017 1.2395e-009 2.2837e-005 2.5454e+004 6.5837e-004 
6.5400e+000 3.1289e+003 7.1596e-007 1.2272e-009 1.1452e-005 2.5806e+004 9.2302e-004 
6.5200e+000 3.1696e+003 1.0450e-017 1.2141e-009 2.2978e-005 2.6142e+004 1.2057e-003 
6.5000e+000 3.2082e+003 2.2237e-017 1.2004e-009 3.4511e-009 2.6460e+004 1.4929e-003 
6.4800e+000 3.2446e+003 3.5755e-017 1.1859e-009 3.4095e-009 2.6760e+004 4.2014e-004 
6.4600e+000 3.2785e+003 1.4496e-006 1.1707e-009 1.1594e-005 2.7039e+004 2.5967e-003 
6.4400e+000 3.3099e+003 7.8387e-007 1.1547e-009 4.8595e-006 2.7298e+004 6.2028e-004 
6.4200e+000 3.3386e+003 6.0143e-006 1.1381e-009 3.2719e-009 2.7534e+004 7.1273e-004 
6.4000e+000 3.3646e+003 3.3667e-017 1.1206e-009 3.2218e-009 2.7748e+004 1.2203e-003 
6.3800e+000 3.3876e+003 5.8713e-006 1.1024e-009 3.1695e-009 2.7938e+004 1.2320e-003 
6.3600e+000 3.4076e+003 1.4724e-006 1.0835e-009 1.1782e-005 2.8102e+004 1.1418e-003 
6.3400e+000 3.4243e+003 1.4771e-006 1.0638e-009 5.9058e-006 2.8240e+004 5.0091e-004 
6.3200e+000 3.4378e+003 3.9244e-017 1.0433e-009 2.9995e-009 2.8350e+004 2.1120e-003 
6.3000e+000 3.4478e+003 5.9458e-006 1.0220e-009 2.9384e-009 2.8432e+004 5.1432e-004 
6.2800e+000 3.4542e+003 2.9824e-006 1.0000e-009 4.7721e-005 2.8484e+004 2.2893e-003 
6.2600e+000 3.4568e+003 7.4797e-007 9.7721e-010 2.8095e-009 2.8505e+004 2.6351e-003 
6.2400e+000 3.4556e+003 7.5037e-006 9.5364e-010 1.2004e-005 2.8495e+004 1.9817e-003 
6.2200e+000 3.4503e+003 2.4495e-017 9.2928e-010 2.6717e-009 2.8451e+004 1.1794e-003 
6.2000e+000 3.4409e+003 3.5717e-017 9.0415e-010 4.8335e-005 2.8373e+004 1.9337e-003 
6.1800e+000 3.4272e+003 8.5720e-006 8.7823e-010 2.5249e-009 2.8259e+004 5.9094e-004 
6.1600e+000 3.4090e+003 7.6012e-007 8.5152e-010 2.7362e-005 2.8109e+004 1.5562e-003 
6.1400e+000 3.3862e+003 6.1008e-006 8.2402e-010 2.4401e-005 2.7920e+004 1.4720e-003 
6.1200e+000 3.3587e+003 8.6560e-006 7.9575e-010 4.8964e-005 2.7693e+004 5.2945e-004 
6.1000e+000 3.3264e+003 2.6344e-017 7.6669e-010 2.2042e-009 2.7425e+004 2.2948e-003 
6.0800e+000 3.2890e+003 3.0805e-006 7.3683e-010 4.9286e-005 2.7117e+004 3.9433e-004 
6.0600e+000 3.2464e+003 1.5453e-006 7.0619e-010 6.1832e-006 2.6765e+004 1.5833e-003 
6.0400e+000 3.1986e+003 6.2018e-006 6.7477e-010 1.0228e-004 2.6370e+004 1.6485e-003 
6.0200e+000 3.1453e+003 3.2013e-017 6.4257e-010 1.8474e-009 2.5930e+004 2.3309e-003 
6.0000e+000 3.0865e+003 4.0945e-017 6.0958e-010 1.7525e-009 2.5445e+004 3.3521e-003 
5.9800e+000 3.0219e+003 3.4301e-017 5.7581e-010 2.5058e-005 2.4911e+004 2.8681e-004 
5.9600e+000 2.9514e+003 1.5713e-006 5.4126e-010 1.0294e-004 2.4330e+004 1.8540e-003 
5.9400e+000 2.8750e+003 3.8475e-017 5.0593e-010 1.4546e-009 2.3699e+004 3.2329e-003 
5.9200e+000 2.7924e+003 6.3275e-006 4.6984e-010 1.3508e-009 2.3017e+004 1.8164e-003 
5.9000e+000 2.7035e+003 6.2192e-017 4.3297e-010 1.2448e-009 2.2284e+004 1.0870e-003 
5.8800e+000 2.6082e+003 4.6628e-017 3.9533e-010 2.5481e-005 2.1498e+004 8.3281e-004 
5.8600e+000 2.5064e+003 1.9976e-006 3.5692e-010 9.5874e-006 2.0658e+004 4.0237e-004 
5.8400e+000 2.3978e+003 4.2470e-017 3.1774e-010 9.1352e-010 1.9763e+004 1.5356e-003 
5.8200e+000 2.2825e+003 6.4362e-006 2.7781e-010 7.9872e-010 1.8811e+004 1.8422e-003 
5.8000e+000 2.1602e+003 5.0187e-017 2.3713e-010 5.1667e-005 1.7802e+004 1.7635e-003 
5.7800e+000 2.0308e+003 1.2867e-017 1.9570e-010 5.6263e-010 1.6736e+004 2.0137e-003 
5.7600e+000 1.8942e+003 1.6766e-006 1.5351e-010 4.4714e-006 1.5609e+004 1.0848e-003 
5.7400e+000 1.7502e+003 2.5181e-017 1.1059e-010 3.1794e-010 1.4422e+004 1.6935e-003 
5.7200e+000 1.5989e+003 4.9115e-017 6.6918e-011 1.9239e-010 1.3174e+004 4.3897e-003 
5.7000e+000 1.4399e+003 2.2712e-016 2.2521e-011 6.4748e-011 1.1864e+004 1.6542e-003 
5.6800e+000 1.2732e+003 5.9756e-017 2.2605e-011 6.4989e-011 1.0490e+004 1.3570e-003 
5.6600e+000 1.0987e+003 2.0501e-016 6.8446e-011 1.9678e-010 9.0516e+003 5.3997e-004 
5.6400e+000 9.1622e+002 3.7495e-016 1.1502e-010 3.3069e-010 7.5481e+003 1.5052e-003 
5.6200e+000 7.2571e+002 4.4481e-016 1.6231e-010 4.6663e-010 5.9783e+003 1.2731e-003 
5.6000e+000 5.2703e+002 1.8969e-016 5.0847e-011 1.0703e-004 4.3414e+003 1.9205e-003 
5.5800e+000 3.2008e+002 3.0104e-016 3.4260e-010 9.8496e-010 2.6365e+003 1.0935e-003 
5.5600e+000 1.0474e+002 6.7193e-017 8.3290e-010 2.3946e-009 8.6268e+002 4.3117e-004 
5.5400e+000 1.1907e+002 1.3523e-005 1.4410e-009 4.1428e-009 9.8070e+002 8.8055e-004 
5.5200e+000 3.5149e+002 5.3307e-016 2.1920e-009 6.3020e-009 2.8947e+003 8.6184e-004 
5.5000e+000 5.9258e+002 3.1070e-016 3.1163e-009 8.9593e-009 4.8800e+003 2.1527e-003 
5.4800e+000 8.4246e+002 1.5008e-015 4.2504e-009 1.2220e-008 6.9374e+003 1.4970e-003 
5.4600e+000 1.1012e+003 3.4303e-006 5.5348e-009 1.5913e-008 9.0677e+003 4.3243e-004 
5.4400e+000 1.3690e+003 8.6073e-007 6.6518e-009 1.9124e-008 1.1271e+004 1.7650e-003 
5.4200e+000 1.6457e+003 3.6261e-016 7.9771e-009 5.5312e-005 1.3549e+004 3.6862e-003 
5.4000e+000 1.9316e+003 3.1022e-005 9.5451e-009 2.7442e-008 1.5902e+004 3.5947e-003 
5.3800e+000 2.2268e+003 2.9282e-015 1.1395e-008 3.2761e-008 1.8331e+004 1.2752e-003 
5.3600e+000 2.5312e+003 1.3682e-015 1.3570e-008 3.9015e-008 2.0835e+004 2.3215e-003 
5.3400e+000 2.8450e+003 3.5074e-006 1.6119e-008 4.2134e-005 2.3416e+004 2.3316e-003 
5.3200e+000 3.1683e+003 3.5206e-006 1.9096e-008 5.4900e-008 2.6075e+004 5.7757e-004 
5.3000e+000 3.5011e+003 2.3453e-015 2.2557e-008 6.4852e-008 2.8811e+004 2.7280e-003 
5.2800e+000 3.8434e+003 1.4189e-005 2.6565e-008 1.1345e-004 3.1626e+004 1.7828e-003 
5.2600e+000 4.1953e+003 8.5456e-015 3.1182e-008 2.2794e-004 3.4519e+004 4.3119e-003 
5.2400e+000 4.5570e+003 2.7310e-015 3.6474e-008 1.0486e-007 3.7491e+004 5.9758e-003 
5.2200e+000 4.9284e+003 1.7940e-006 4.2503e-008 1.6738e-006 4.0543e+004 1.2231e-003 
5.2000e+000 5.3096e+003 7.2036e-006 4.9324e-008 1.4181e-007 4.3675e+004 9.3733e-004 
5.1800e+000 5.7006e+003 1.4463e-005 5.6980e-008 1.1586e-004 4.6887e+004 5.6171e-003 
5.1600e+000 6.1016e+003 1.4519e-005 6.5494e-008 1.8830e-007 5.0179e+004 4.4134e-003 
5.1400e+000 6.5124e+003 2.3098e-014 7.4859e-008 2.3334e-004 5.3553e+004 6.1478e-003 
5.1200e+000 6.9333e+003 4.9663e-014 8.5022e-008 5.8752e-005 5.7007e+004 5.7959e-003 
5.1000e+000 7.3641e+003 5.5086e-006 9.5867e-008 4.3797e-005 6.0543e+004 5.4073e-003 
5.0800e+000 7.8049e+003 2.9495e-005 1.0719e-007 1.1767e-004 6.4160e+004 3.3210e-003 
5.0600e+000 8.2558e+003 1.4806e-005 1.1867e-007 3.4118e-007 6.7859e+004 3.4528e-003 
5.0400e+000 8.7168e+003 1.8067e-014 1.2982e-007 3.7325e-007 7.1639e+004 4.2681e-003 
5.0200e+000 9.1878e+003 1.4924e-005 1.3996e-007 4.0238e-007 7.5501e+004 7.3304e-003 
5.0000e+000 9.6690e+003 3.7459e-006 1.4810e-007 2.9975e-004 7.9445e+004 3.7968e-003 
4.9800e+000 1.0160e+004 1.1283e-005 1.5292e-007 4.3965e-007 8.3471e+004 3.4296e-003 
4.9600e+000 1.0662e+004 3.0209e-005 1.5262e-007 1.2040e-004 8.7579e+004 5.1467e-004 
4.9400e+000 1.1173e+004 3.3911e-005 1.4481e-007 4.1632e-007 9.1768e+004 7.5787e-003 
4.9200e+000 1.1695e+004 3.0454e-005 1.2632e-007 2.4333e-004 9.6040e+004 2.2216e-003 
4.9000e+000 1.2227e+004 1.1883e-013 9.3026e-008 2.6745e-007 1.0039e+005 5.4238e-003 
4.8800e+000 1.2769e+004 3.4328e-005 3.9579e-008 6.1507e-005 1.0483e+005 7.3938e-003 
4.8600e+000 1.3321e+004 3.4469e-005 4.0947e-008 6.1547e-005 1.0934e+005 8.0307e-003 
4.8400e+000 1.3883e+004 1.5479e-005 1.5738e-007 2.4811e-004 1.1394e+005 2.8380e-003 
4.8200e+000 1.4455e+004 4.8119e-013 3.2101e-007 2.4890e-004 1.1862e+005 9.7620e-003 
4.8000e+000 1.5037e+004 1.7743e-013 5.4613e-007 1.5701e-006 1.2337e+005 1.6574e-002 
4.7800e+000 1.5630e+004 1.2386e-013 8.5083e-007 2.5261e-004 1.2821e+005 1.4020e-002 
4.7600e+000 1.6232e+004 3.1478e-005 1.2579e-006 1.2890e-004 1.3313e+005 9.1115e-003 
4.7400e+000 1.6844e+004 6.0315e-005 1.7957e-006 1.3744e-004 1.3813e+005 1.1220e-002 
4.7200e+000 1.7467e+004 1.5872e-005 2.5000e-006 5.0078e-004 1.4320e+005 6.2557e-003 
4.7000e+000 1.8099e+004 3.1880e-005 3.4152e-006 3.6844e-004 1.4836e+005 2.2349e-003 
4.6800e+000 1.8741e+004 1.3454e-012 4.5963e-006 1.3214e-005 1.5359e+005 1.6488e-002 
4.6600e+000 1.9393e+004 6.5675e-013 6.1117e-006 1.7571e-005 1.5890e+005 8.3796e-003 
4.6400e+000 2.0055e+004 4.6549e-013 8.0459e-006 7.2998e-004 1.6429e+005 1.1244e-002 
4.6200e+000 2.0727e+004 3.8513e-005 1.0503e-005 5.0484e-004 1.6976e+005 1.0575e-002 
4.6000e+000 2.1408e+004 6.7151e-005 1.3610e-005 1.0714e-003 1.7530e+005 3.1946e-003 
4.5800e+000 2.2099e+004 3.2715e-005 1.7525e-005 4.0620e-004 1.8092e+005 3.4333e-003 
4.5600e+000 2.2799e+004 4.6469e-005 2.2440e-005 7.2548e-004 1.8661e+005 4.8717e-003 
4.5400e+000 2.3509e+004 2.0901e-012 2.8589e-005 4.0923e-004 1.9238e+005 2.4913e-003 
4.5200e+000 2.4229e+004 1.6575e-005 3.6260e-005 6.9550e-004 1.9822e+005 1.7226e-002 
4.5000e+000 2.4958e+004 8.3241e-006 4.5799e-005 1.8356e-004 2.0413e+005 1.4221e-002 
4.4800e+000 2.5697e+004 9.1689e-005 5.7631e-005 1.9635e-004 2.1012e+005 9.1070e-003 
4.4600e+000 2.6444e+004 6.7191e-005 7.2269e-005 2.0777e-004 2.1618e+005 5.8694e-003 
4.4400e+000 2.7201e+004 3.3747e-005 9.0335e-005 2.8024e-004 2.2231e+005 8.8701e-003 
4.4200e+000 2.7968e+004 3.3899e-005 1.1258e-004 5.3607e-004 2.2851e+005 2.3314e-003 
4.4000e+000 2.8743e+004 6.8107e-005 1.3991e-004 2.5506e-004 2.3478e+005 2.7613e-003 
4.3800e+000 2.9528e+004 6.8418e-005 1.7342e-004 2.3786e-004 2.4112e+005 8.0381e-003 
4.3600e+000 3.0321e+004 1.7183e-005 2.1442e-004 4.6919e-004 2.4752e+005 7.2931e-003 
4.3400e+000 3.1123e+004 2.5893e-005 2.6449e-004 3.0822e-004 2.5399e+005 6.7967e-003 
4.3200e+000 3.1934e+004 7.7556e-005 3.2552e-004 3.9791e-004 2.6053e+005 1.2160e-002 
4.3000e+000 3.2754e+004 7.7917e-005 3.9978e-004 2.4457e-004 2.6714e+005 2.1302e-002 
4.2800e+000 3.3583e+004 3.3711e-011 4.8998e-004 3.6755e-004 2.7381e+005 1.7057e-002 
4.2600e+000 3.4420e+004 7.0345e-005 5.9935e-004 4.5404e-004 2.8054e+005 1.2281e-002 
4.2400e+000 3.5266e+004 7.0677e-005 7.3176e-004 2.7911e-004 2.8733e+005 2.6285e-002 
4.2200e+000 3.6121e+004 2.2191e-005 8.9181e-004 5.3928e-004 2.9419e+005 2.2566e-002 
4.2000e+000 3.6983e+004 7.3546e-005 1.0849e-003 5.7277e-004 3.0111e+005 1.6459e-002 
4.1800e+000 3.7854e+004 7.1691e-005 1.3177e-003 9.5272e-004 3.0809e+005 5.5127e-003 
4.1600e+000 3.8734e+004 1.2986e-004 1.5977e-003 1.2098e-003 3.1512e+005 2.2140e-002 
4.1400e+000 3.9621e+004 6.9568e-011 1.9341e-003 8.9451e-004 3.2222e+005 4.4127e-002 
4.1200e+000 4.0517e+004 7.2736e-005 2.3378e-003 4.8366e-004 3.2937e+005 2.2916e-002 
4.1000e+000 4.1420e+004 9.1363e-005 2.8214e-003 2.9503e-004 3.3657e+005 1.7839e-002 
4.0800e+000 4.2332e+004 7.8443e-005 3.4001e-003 5.3443e-004 3.4384e+005 4.2907e-002 
4.0600e+000 4.3251e+004 4.0381e-010 4.0916e-003 1.1584e-004 3.5115e+005 4.2190e-002 
4.0400e+000 4.4178e+004 7.4176e-005 4.9168e-003 7.2893e-004 3.5852e+005 3.6003e-002 
4.0200e+000 4.5113e+004 2.1084e-004 5.9002e-003 5.6802e-004 3.6594e+005 4.9111e-002 
4.0000e+000 4.6056e+004 7.4918e-005 7.0710e-003 1.1453e-003 3.7342e+005 1.9671e-002 
3.9800e+000 4.7006e+004 8.4181e-005 8.4627e-003 6.3271e-004 3.8094e+005 4.7701e-002 
3.9600e+000 4.7963e+004 7.5674e-005 1.0115e-002 4.4693e-004 3.8851e+005 3.8901e-002 
3.9400e+000 4.8928e+004 3.8030e-005 1.2075e-002 8.7113e-004 3.9613e+005 9.1524e-003 
3.9200e+000 4.9900e+004 9.0149e-005 1.4397e-002 3.1849e-004 4.0379e+005 1.7165e-002 
3.9000e+000 5.0880e+004 3.8420e-005 1.7144e-002 5.7573e-004 4.1150e+005 2.7096e-002 
3.8800e+000 5.1867e+004 1.1585e-004 2.0390e-002 2.2168e-003 4.1926e+005 4.5516e-002 
3.8600e+000 5.2861e+004 1.5527e-004 2.4222e-002 6.9482e-004 4.2706e+005 4.3053e-002 
3.8400e+000 5.3862e+004 7.8040e-005 2.8740e-002 8.8874e-004 4.3490e+005 2.0734e-002 
3.8200e+000 5.4870e+004 7.8447e-005 3.4061e-002 4.9801e-004 4.4279e+005 1.2114e-002 
3.8000e+000 5.5886e+004 7.8859e-005 4.0321e-002 1.2570e-003 4.5071e+005 2.3291e-003 
3.7800e+000 5.6908e+004 2.3866e-004 4.7678e-002 1.4297e-003 4.5868e+005 3.7966e-002 
3.7600e+000 5.7937e+004 1.7399e-004 5.6315e-002 1.0854e-003 4.6668e+005 1.1890e-003 
3.7400e+000 5.8973e+004 1.2019e-004 6.6442e-002 1.5024e-003 4.7472e+005 2.7668e-002 
3.7200e+000 6.0015e+004 8.0557e-005 7.8305e-002 3.5632e-003 4.8280e+005 1.1899e-002 
3.7000e+000 6.1065e+004 2.4131e-009 9.2186e-002 2.3191e-004 4.9091e+005 5.0143e-002 
3.6800e+000 6.2121e+004 1.8209e-004 1.0841e-001 1.8000e-003 4.9906e+005 3.7073e-002 
3.6600e+000 6.3184e+004 2.5892e-004 1.2736e-001 1.5730e-003 5.0725e+005 1.0435e-001 
3.6400e+000 6.4253e+004 4.1161e-005 1.4946e-001 9.1255e-004 5.1546e+005 1.4355e-002 
3.6200e+000 6.5329e+004 1.7346e-004 1.7521e-001 1.4631e-003 5.2371e+005 7.0945e-002 
3.6000e+000 6.6411e+004 1.6778e-004 2.0520e-001 1.0932e-003 5.3198e+005 9.9016e-003 
3.5800e+000 6.7500e+004 4.1853e-004 2.4006e-001 1.4840e-003 5.4029e+005 1.0034e-002 
3.5600e+000 6.8596e+004 3.3671e-004 2.8057e-001 7.9050e-004 5.4862e+005 6.5557e-002 
3.5400e+000 6.9698e+004 2.5395e-004 3.2758e-001 7.0060e-004 5.5698e+005 3.0899e-002 
3.5200e+000 7.0807e+004 1.2040e-004 3.8209e-001 4.1217e-003 5.6537e+005 3.7967e-002 
3.5000e+000 7.1922e+004 3.4249e-004 4.4523e-001 2.5945e-003 5.7379e+005 2.4292e-002 
3.4800e+000 7.3043e+004 3.4713e-004 5.1829e-001 3.1976e-004 5.8222e+005 6.8161e-002 
3.4600e+000 7.4171e+004 3.4642e-004 6.0275e-001 9.8408e-004 5.9069e+005 5.3246e-003 
3.4400e+000 7.5305e+004 1.9071e-005 7.0030e-001 1.8331e-003 5.9917e+005 5.7423e-003 
3.4200e+000 7.6446e+004 2.8052e-004 8.1286e-001 1.2774e-003 6.0768e+005 5.6259e-002 
3.4000e+000 7.7594e+004 2.4931e-004 9.4261e-001 8.8470e-004 6.1621e+005 4.2718e-002 
3.3800e+000 7.8748e+004 2.6594e-004 1.0920e+000 1.4393e-003 6.2476e+005 5.6132e-002 
3.3600e+000 7.9908e+004 8.9193e-005 1.2640e+000 1.5033e-003 6.3332e+005 6.6276e-002 
3.3400e+000 8.1075e+004 8.9705e-005 1.4616e+000 2.6484e-003 6.4191e+005 7.6224e-002 
3.3200e+000 8.2249e+004 2.0180e-004 1.6885e+000 7.7488e-004 6.5051e+005 2.0010e-002 
3.3000e+000 8.3429e+004 4.2832e-004 1.9489e+000 3.4884e-003 6.5913e+005 6.7253e-002 
3.2800e+000 8.4616e+004 3.9026e-004 2.2473e+000 8.2681e-004 6.6776e+005 4.4136e-002 
3.2600e+000 8.5809e+004 3.9693e-004 2.5891e+000 2.9364e-003 6.7641e+005 4.0817e-002 
3.2400e+000 8.7010e+004 1.8935e-008 2.9801e+000 5.8232e-004 6.8507e+005 3.2734e-002 
3.2200e+000 8.8217e+004 2.0807e-004 3.4271e+000 8.7907e-004 6.9375e+005 4.2254e-002 
3.2000e+000 8.9431e+004 6.5555e-004 3.9376e+000 2.3602e-003 7.0243e+005 6.0546e-002 
3.1800e+000 9.0652e+004 3.3974e-004 4.5200e+000 3.2289e-003 7.1113e+005 2.7029e-002 
3.1600e+000 9.1880e+004 2.1203e-004 5.1840e+000 2.8130e-003 7.1983e+005 3.6529e-002 
3.1400e+000 9.3115e+004 2.1350e-004 5.9402e+000 2.0983e-003 7.2855e+005 2.9272e-003 
3.1200e+000 9.4357e+004 2.7157e-004 6.8007e+000 1.0864e-003 7.3727e+005 4.2562e-002 
3.1000e+000 9.5607e+004 9.6562e-005 7.7791e+000 2.1091e-003 7.4600e+005 1.9938e-002 
3.0800e+000 9.6864e+004 1.9491e-004 8.8903e+000 7.6541e-003 7.5474e+005 5.1471e-002 
3.0600e+000 9.8128e+004 6.1948e-004 1.0151e+001 1.8773e-003 7.6347e+005 7.9598e-002 
3.0400e+000 9.9400e+004 2.7890e-004 1.1581e+001 2.4707e-003 7.7222e+005 7.0694e-002 
3.0200e+000 1.0068e+005 1.9834e-004 1.3201e+001 2.2627e-003 7.8097e+005 7.7559e-002 
3.0000e+000 1.0197e+005 3.9978e-004 1.5035e+001 3.4842e-003 7.8972e+005 5.7306e-002 
2.9800e+000 1.0326e+005 1.4315e-007 1.7108e+001 4.6344e-004 7.9846e+005 5.6546e-002 
2.9600e+000 1.0457e+005 2.0253e-004 1.9451e+001 2.8238e-003 8.0722e+005 1.1310e-001 
2.9400e+000 1.0588e+005 2.2791e-004 2.2096e+001 2.8416e-003 8.1596e+005 1.2060e-001 
2.9200e+000 1.0720e+005 1.0241e-004 2.5079e+001 3.8719e-003 8.2471e+005 2.3912e-002 
2.9000e+000 1.0853e+005 2.0722e-004 2.8441e+001 1.0956e-003 8.3346e+005 4.0722e-002 
2.8800e+000 1.0986e+005 6.3285e-004 3.2226e+001 4.2371e-003 8.4219e+005 6.9165e-002 
2.8600e+000 1.1121e+005 3.3528e-004 3.6485e+001 3.5879e-003 8.5093e+005 1.2409e-001 
2.8400e+000 1.1256e+005 5.2825e-004 4.1272e+001 2.2104e-003 8.5965e+005 2.5646e-002 
2.8200e+000 1.1393e+005 2.3771e-004 4.6647e+001 4.9897e-003 8.6837e+005 3.8844e-002 
2.8000e+000 1.1530e+005 6.0572e-004 5.2680e+001 6.2860e-004 8.7708e+005 5.0255e-002 
2.7800e+000 1.1668e+005 4.3171e-004 5.9442e+001 7.2273e-003 8.8578e+005 5.8487e-002 
2.7600e+000 1.1808e+005 4.3441e-004 6.7019e+001 3.4860e-003 8.9447e+005 6.3373e-002 
2.7400e+000 1.1948e+005 5.4738e-004 7.5498e+001 2.5536e-003 9.0314e+005 3.4876e-002 
2.7200e+000 1.2089e+005 2.4744e-004 8.4981e+001 3.3992e-003 9.1181e+005 3.8437e-002 
2.7000e+000 1.2231e+005 8.9387e-004 9.5576e+001 2.0234e-003 9.2045e+005 4.4432e-002 
2.6800e+000 1.2374e+005 4.4646e-004 1.0741e+002 5.1384e-003 9.2908e+005 1.6143e-002 
2.6600e+000 1.2519e+005 1.2719e-004 1.2060e+002 3.1753e-003 9.3768e+005 1.0871e-001 
2.6400e+000 1.2664e+005 6.9071e-004 1.3531e+002 6.2411e-004 9.4627e+005 1.4583e-001 
2.6200e+000 1.2810e+005 5.7055e-004 1.5169e+002 2.6557e-003 9.5483e+005 1.0391e-001 
2.6000e+000 1.2958e+005 2.2961e-004 1.6991e+002 3.4949e-003 9.6337e+005 1.6751e-001 
2.5800e+000 1.3107e+005 3.2820e-004 1.9017e+002 4.7895e-003 9.7189e+005 1.8129e-001 
2.5600e+000 1.3256e+005 2.3069e-004 2.1268e+002 5.9532e-003 9.8038e+005 7.3245e-002 
2.5400e+000 1.3407e+005 3.3323e-004 2.3766e+002 5.8800e-003 9.8883e+005 1.3976e-001 
2.5200e+000 1.3560e+005 9.8416e-004 2.6537e+002 3.6266e-003 9.9726e+005 2.2650e-002 
2.5000e+000 1.3713e+005 9.9073e-004 2.9607e+002 2.7662e-003 1.0056e+006 7.0313e-002 
2.4800e+000 1.3867e+005 1.1792e-004 3.3006e+002 1.1795e-002 1.0140e+006 9.2212e-002 
2.4600e+000 1.4023e+005 3.4412e-004 3.6767e+002 4.6195e-003 1.0223e+006 3.4567e-002 
2.4400e+000 1.4180e+005 5.0785e-004 4.0925e+002 6.1168e-003 1.0306e+006 1.4760e-001 
2.4200e+000 1.4338e+005 5.8326e-004 4.5516e+002 9.1427e-003 1.0388e+006 4.3254e-002 
2.4000e+000 1.4498e+005 4.9459e-004 5.0584e+002 5.6507e-003 1.0470e+006 8.4742e-002 
2.3800e+000 1.4658e+005 1.2892e-004 5.6172e+002 3.2629e-003 1.0551e+006 4.7432e-002 
2.3600e+000 1.4820e+005 7.9871e-004 6.2329e+002 9.5507e-003 1.0632e+006 1.1508e-001 
2.3400e+000 1.4983e+005 8.1408e-004 6.9108e+002 8.2778e-003 1.0713e+006 1.4716e-001 
2.3200e+000 1.5148e+005 7.2716e-004 7.6566e+002 1.1253e-002 1.0792e+006 1.8660e-001 
2.3000e+000 1.5314e+005 1.0742e-003 8.4763e+002 1.7576e-002 1.0871e+006 1.1951e-001 
2.2800e+000 1.5481e+005 2.4849e-004 9.3766e+002 1.7483e-002 1.0950e+006 1.6185e-001 
2.2600e+000 1.5649e+005 7.9562e-004 1.0365e+003 6.8416e-003 1.1028e+006 6.2103e-002 
2.2400e+000 1.5819e+005 5.4389e-004 1.1448e+003 1.7623e-002 1.1105e+006 4.1842e-002 
2.2200e+000 1.5989e+005 5.5687e-004 1.2635e+003 1.3233e-002 1.1181e+006 1.1394e-001 
2.2000e+000 1.6162e+005 2.1968e-003 1.3935e+003 1.1204e-002 1.1256e+006 1.2866e-001 
2.1800e+000 1.6335e+005 5.4042e-004 1.5357e+003 7.3521e-003 1.1331e+006 1.0711e-001 
2.1600e+000 1.6509e+005 5.4629e-004 1.6911e+003 4.3150e-003 1.1405e+006 1.4955e-001 
2.1400e+000 1.6685e+005 6.5966e-004 1.8609e+003 6.7975e-003 1.1478e+006 7.6929e-002 
2.1200e+000 1.6862e+005 8.9717e-004 2.0462e+003 1.0838e-002 1.1549e+006 4.7093e-002 
2.1000e+000 1.7039e+005 1.1595e-003 2.2483e+003 9.1175e-003 1.1620e+006 5.9654e-002 
2.0800e+000 1.7218e+005 2.9270e-003 2.4686e+003 9.0511e-003 1.1690e+006 2.8308e-002 
2.0600e+000 1.7398e+005 1.2007e-003 2.7084e+003 1.8025e-002 1.1759e+006 1.5903e-001 
2.0400e+000 1.7579e+005 1.9852e-003 2.9693e+003 1.3084e-002 1.1826e+006 1.0293e-002 
2.0200e+000 1.7761e+005 1.6220e-003 3.2530e+003 6.8318e-003 1.1893e+006 1.0420e-001 
2.0000e+000 1.7943e+005 6.2750e-004 3.5612e+003 2.8092e-003 1.1957e+006 1.5965e-001 
1.9800e+000 1.8127e+005 3.0329e-004 3.8958e+003 1.1802e-002 1.2021e+006 6.2143e-002 
1.9600e+000 1.8311e+005 1.2058e-003 4.2587e+003 1.0953e-002 1.2083e+006 1.0179e-001 
1.9400e+000 1.8495e+005 1.2530e-003 4.6522e+003 7.5555e-003 1.2144e+006 1.1686e-001 
1.9200e+000 1.8680e+005 1.2975e-003 5.0783e+003 2.4723e-002 1.2203e+006 1.5213e-001 
1.9000e+000 1.8866e+005 1.2619e-003 5.5395e+003 7.3956e-003 1.2261e+006 1.4069e-001 
1.8800e+000 1.9052e+005 1.9504e-003 6.0383e+003 1.5764e-002 1.2317e+006 1.6664e-001 
1.8600e+000 1.9238e+005 2.0614e-003 6.5774e+003 1.9723e-002 1.2371e+006 7.6325e-002 
1.8400e+000 1.9424e+005 1.4216e-003 7.1596e+003 1.8774e-002 1.2423e+006 7.7281e-002 
1.8200e+000 1.9609e+005 2.6692e-003 7.7878e+003 7.6846e-003 1.2474e+006 1.3911e-001 
1.8000e+000 1.9795e+005 1.4660e-003 8.4653e+003 7.3050e-003 1.2522e+006 2.5410e-001 
1.7800e+000 1.9980e+005 6.6298e-004 9.1953e+003 1.4935e-003 1.2569e+006 1.6046e-002 
1.7600e+000 2.0165e+005 5.5645e-003 9.9814e+003 1.3392e-002 1.2613e+006 1.7636e-001 
1.7400e+000 2.0349e+005 1.3837e-003 1.0827e+004 1.8731e-002 1.2655e+006 3.3808e-001 
1.7200e+000 2.0531e+005 1.7010e-003 1.1737e+004 1.7322e-002 1.2695e+006 5.7242e-002 
1.7000e+000 2.0713e+005 6.1854e-004 1.2714e+004 2.2304e-002 1.2733e+006 2.4459e-001 
1.6800e+000 2.0893e+005 7.1359e-004 1.3764e+004 9.7463e-003 1.2768e+006 2.1802e-001 
1.6600e+000 2.1072e+005 4.3330e-003 1.4890e+004 2.5604e-002 1.2800e+006 2.6847e-001 
1.6400e+000 2.1249e+005 6.4046e-003 1.6097e+004 7.3719e-003 1.2830e+006 1.4319e-001 
1.6200e+000 2.1424e+005 3.8222e-004 1.7391e+004 1.0405e-002 1.2857e+006 2.0399e-001 
1.6000e+000 2.1596e+005 2.8846e-003 1.8776e+004 2.1262e-002 1.2881e+006 1.1130e-001 
1.5800e+000 2.1766e+005 3.8477e-003 2.0259e+004 4.4729e-002 1.2903e+006 3.6268e-002 
1.5600e+000 2.1933e+005 3.0259e-003 2.1844e+004 6.5661e-002 1.2921e+006 2.0492e-001 
1.5400e+000 2.2096e+005 1.4440e-003 2.3538e+004 3.0169e-002 1.2936e+006 1.7133e-001 
1.5200e+000 2.2256e+005 4.1967e-003 2.5347e+004 2.2179e-003 1.2948e+006 3.3393e-001 
1.5000e+000 2.2412e+005 2.3453e-003 2.7278e+004 9.4900e-003 1.2957e+006 8.2842e-002 
1.4800e+000 2.2565e+005 1.5891e-003 2.9338e+004 1.0589e-002 1.2962e+006 3.9914e-002 
1.4600e+000 2.2712e+005 2.4804e-003 3.1534e+004 8.9959e-003 1.2964e+006 1.7652e-001 
1.4400e+000 2.2855e+005 6.9839e-003 3.3873e+004 5.1366e-002 1.2962e+006 1.0773e-001 
1.4200e+000 2.2992e+005 3.2222e-003 3.6362e+004 3.3631e-002 1.2957e+006 5.3672e-001 
1.4000e+000 2.3124e+005 2.8028e-003 3.9012e+004 1.4719e-002 1.2947e+006 3.3257e-001 
1.3800e+000 2.3250e+005 5.5623e-003 4.1829e+004 8.1686e-002 1.2934e+006 3.9076e-001 
1.3600e+000 2.3369e+005 2.7194e-003 4.4823e+004 3.7567e-002 1.2917e+006 1.7989e-001 
1.3400e+000 2.3482e+005 8.1644e-003 4.8003e+004 5.0871e-002 1.2895e+006 6.4431e-001 
1.3200e+000 2.3587e+005 1.3491e-003 5.1378e+004 3.0227e-002 1.2869e+006 2.0404e-001 
1.3000e+000 2.3685e+005 3.7245e-003 5.4960e+004 2.3148e-002 1.2839e+006 4.5682e-001 
1.2800e+000 2.3775e+005 2.2349e-003 5.8758e+004 1.7221e-002 1.2805e+006 4.5805e-001 
1.2600e+000 2.3856e+005 8.9205e-003 6.2783e+004 5.4391e-002 1.2766e+006 2.9995e-001 
1.2400e+000 2.3929e+005 6.1921e-003 6.7047e+004 5.6447e-002 1.2723e+006 1.3449e-001 
1.2200e+000 2.3991e+005 5.6615e-004 7.1561e+004 5.0620e-002 1.2674e+006 3.7879e-001 
1.2000e+000 2.4045e+005 8.0059e-003 7.6339e+004 5.4180e-002 1.2621e+006 3.9593e-001 
1.1800e+000 2.4088e+005 3.5053e-003 8.1393e+004 2.5927e-002 1.2563e+006 4.4376e-001 
1.1600e+000 2.4120e+005 1.3064e-002 8.6738e+004 5.0263e-002 1.2500e+006 2.8257e-001 
1.1400e+000 2.4141e+005 2.2404e-003 9.2386e+004 6.8929e-002 1.2432e+006 1.5973e-001 
1.1200e+000 2.4150e+005 7.8935e-003 9.8354e+004 8.4399e-003 1.2359e+006 1.8076e-001 
1.1000e+000 2.4148e+005 2.0460e-003 1.0466e+005 6.8632e-002 1.2281e+006 2.0550e-001 
1.0800e+000 2.4133e+005 1.2909e-002 1.1131e+005 2.9104e-002 1.2197e+006 3.0564e-001 
1.0600e+000 2.4105e+005 1.5270e-002 1.1834e+005 1.0400e-002 1.2108e+006 7.0858e-002 
1.0400e+000 2.4063e+005 2.8498e-003 1.2575e+005 1.3513e-001 1.2014e+006 1.9501e-001 
1.0200e+000 2.4008e+005 1.2950e-002 1.3357e+005 4.9682e-002 1.1914e+006 4.1228e-001 
1.0000e+000 2.3939e+005 2.5604e-003 1.4181e+005 6.5460e-002 1.1809e+006 3.1659e-001 
9.8000e-001 2.3855e+005 1.7802e-002 1.5051e+005 1.3214e-001 1.1698e+006 3.1046e-001 
9.6000e-001 2.3756e+005 7.3311e-003 1.5967e+005 1.2545e-001 1.1581e+006 6.6336e-002 
9.4000e-001 2.3642e+005 9.1126e-003 1.6934e+005 2.3207e-001 1.1458e+006 7.3893e-001 
9.2000e-001 2.3512e+005 2.4211e-003 1.7952e+005 8.5323e-002 1.1330e+006 3.5145e-001 
9.0000e-001 2.3366e+005 7.4917e-003 1.9026e+005 8.7301e-002 1.1196e+006 3.7544e-001 
8.8000e-001 2.3203e+005 1.0017e-002 2.0158e+005 2.0183e-001 1.1056e+006 5.7302e-001 
8.6000e-001 2.3024e+005 1.5084e-002 2.1351e+005 1.1595e-001 1.0911e+006 5.6740e-001 
8.4000e-001 2.2828e+005 2.7507e-002 2.2609e+005 1.1435e-001 1.0759e+006 3.9695e-001 
8.2000e-001 2.2615e+005 5.2990e-003 2.3936e+005 7.9639e-002 1.0602e+006 9.8762e-001 
8.0000e-001 2.2384e+005 5.4541e-003 2.5335e+005 1.6294e-001 1.0439e+006 6.5329e-001 
7.8000e-001 2.2135e+005 1.5028e-002 2.6812e+005 2.5095e-001 1.0270e+006 1.0264e-001 
7.6000e-001 2.1869e+005 1.7322e-002 2.8371e+005 3.2631e-001 1.0095e+006 8.8111e-001 
7.4000e-001 2.1584e+005 1.1281e-002 3.0017e+005 2.2660e-001 9.9147e+005 1.0708e+000 
7.2000e-001 2.1282e+005 1.6066e-002 3.1757e+005 3.6089e-001 9.7283e+005 7.5792e-001 
7.0000e-001 2.0961e+005 1.7924e-002 3.3597e+005 2.8613e-001 9.5362e+005 4.1791e-001 
6.8000e-001 2.0621e+005 2.4999e-002 3.5544e+005 2.7276e-001 9.3383e+005 7.9443e-001 
6.6000e-001 2.0264e+005 8.9206e-003 3.7607e+005 1.9392e-001 9.1348e+005 3.9069e-001 
6.4000e-001 1.9888e+005 1.2917e-002 3.9794e+005 1.4000e-001 8.9256e+005 1.2464e-001 
6.2000e-001 1.9493e+005 1.1901e-002 4.2117e+005 1.6922e-001 8.7110e+005 7.1904e-001 
6.0000e-001 1.9081e+005 7.0500e-003 4.4585e+005 4.1428e-002 8.4908e+005 5.5927e-001 
5.8000e-001 1.8650e+005 1.5277e-002 4.7214e+005 3.8840e-001 8.2652e+005 1.3530e-001 
5.6000e-001 1.8201e+005 2.4791e-002 5.0017e+005 1.6941e-001 8.0344e+005 5.7386e-001 
5.4000e-001 1.7734e+005 1.4994e-002 5.3013e+005 5.7972e-001 7.7983e+005 4.6657e-001 
5.2000e-001 1.7250e+005 2.6523e-002 5.6220e+005 2.8830e-001 7.5571e+005 3.9623e-001 
5.0000e-001 1.6748e+005 1.9038e-002 5.9662e+005 4.1962e-001 7.3110e+005 1.3357e+000 
4.8000e-001 1.6229e+005 9.7721e-003 6.3367e+005 7.0283e-001 7.0600e+005 8.4100e-001 
4.6000e-001 1.5693e+005 4.1756e-002 6.7364e+005 2.0003e-001 6.8042e+005 6.7328e-001 
4.4000e-001 1.5141e+005 1.2278e-002 7.1693e+005 4.7261e-001 6.5438e+005 1.4063e-001 
4.2000e-001 1.4573e+005 1.3429e-002 7.6397e+005 2.4024e-001 6.2789e+005 9.1017e-001 
4.0000e-001 1.3990e+005 1.3449e-002 8.1531e+005 7.4017e-001 6.0097e+005 4.9487e-001 
3.8000e-001 1.3391e+005 3.0715e-002 8.7158e+005 4.1886e-001 5.7363e+005 8.1837e-001 
3.6000e-001 1.2777e+005 2.3420e-002 9.3358e+005 6.5346e-001 5.4590e+005 2.1670e-001 
3.4000e-001 1.2150e+005 4.0807e-002 1.0023e+006 7.1992e-001 5.1778e+005 9.6819e-001 
3.2000e-001 1.1509e+005 3.5736e-003 1.0789e+006 1.6636e-001 4.8929e+005 9.9993e-001 
3.0000e-001 1.0855e+005 6.1932e-002 1.1651e+006 1.8767e-001 4.6045e+005 2.4593e-001 
2.8000e-001 1.0189e+005 2.7873e-002 1.2627e+006 8.4662e-001 4.3129e+005 1.6103e+000 
2.6000e-001 9.5115e+004 4.4071e-002 1.3745e+006 1.0150e-001 4.0181e+005 5.0398e-002 
2.4000e-001 8.8230e+004 5.0815e-003 1.5038e+006 6.3243e-001 3.7204e+005 9.4951e-001 
2.2000e-001 8.1244e+004 1.3631e-002 1.6556e+006 3.6882e-001 3.4201e+005 8.3923e-001 
2.0000e-001 7.4164e+004 1.2586e-001 1.8363e+006 5.8943e-001 3.1172e+005 2.2436e+000 
1.8000e-001 6.6998e+004 1.1564e-002 2.0558e+006 1.0191e+000 2.8121e+005 6.9974e-002 
1.6000e-001 5.9754e+004 9.3649e-002 2.3284e+006 2.7570e+000 2.5049e+005 1.8505e+000 
1.4000e-001 5.2440e+004 2.1487e-002 2.6768e+006 5.1990e-002 2.1959e+005 2.1409e+000 
1.2000e-001 4.5064e+004 2.4978e-002 3.1391e+006 4.5225e-001 1.8852e+005 2.9695e-001 
1.0000e-001 3.7635e+004 8.3913e-002 3.7834e+006 1.5638e-001 1.5731e+005 4.6389e+000 
8.0000e-002 3.0162e+004 1.3487e-001 4.7461e+006 5.0308e+000 1.2599e+005 1.0126e-001 
6.0000e-002 2.2653e+004 9.9895e-002 6.3457e+006 2.4623e+000 9.4575e+004 1.6157e+001 
4.0000e-002 1.5117e+004 1.3485e-001 9.5374e+006 3.7534e+000 6.3089e+004 1.0751e+001 
2.0000e-002 7.5629e+003 1.7980e-001 1.9097e+007 1.6332e+001 3.1556e+004 3.1765e+001 
