7.9600e+000 2.4888e+000 -2.0344e+000 9.1798e-001 1.1073e+000 -6.5282e-001 1.6494e+000 
7.9400e+000 2.8941e+000 2.6779e+000 1.3233e+000 -1.1076e+000 -2.4748e-001 -1.5463e-001 
7.9200e+000 -2.9848e+000 1.5708e+000 1.7276e+000 -1.5707e+000 1.5684e-001 1.6971e+000 
7.9000e+000 -2.5815e+000 -1.1071e+000 2.1309e+000 -3.1410e+000 5.6014e-001 -1.3209e+000 
7.8800e+000 -2.1792e+000 7.8540e-001 2.5332e+000 -6.0839e-001 9.6241e-001 -2.6591e+000 
7.8600e+000 -1.7779e+000 2.6779e+000 2.9345e+000 -7.0779e-005 1.3637e+000 -3.7915e-003 
7.8400e+000 1.7639e+000 -1.5708e+000 -2.9485e+000 3.1415e+000 -1.3777e+000 -3.0426e+000 
7.8200e+000 2.1631e+000 2.3562e+000 -2.5493e+000 7.8535e-001 -9.7847e-001 1.0395e+000 
7.8000e+000 2.5613e+000 2.1828e-011 -2.1511e+000 -1.5704e+000 -5.8027e-001 1.5556e+000 
7.7800e+000 2.9585e+000 1.5708e+000 -1.7539e+000 1.3877e+000 -1.8309e-001 -7.0746e-001 
7.7600e+000 -2.9285e+000 1.4464e+000 -1.3577e+000 1.5709e+000 2.1307e-001 1.8359e+000 
7.7400e+000 -2.5334e+000 -1.5708e+000 -9.6258e-001 1.3259e+000 6.0822e-001 2.4216e+000 
7.7200e+000 -2.1393e+000 2.6779e+000 -5.6847e-001 2.5731e+000 1.0023e+000 1.6239e+000 
7.7000e+000 -1.7462e+000 3.6380e-012 -1.7538e-001 -2.8968e+000 1.3954e+000 -1.6022e+000 
7.6800e+000 -1.3541e+000 3.5877e-001 2.1673e-001 -7.4740e-005 1.7875e+000 1.8218e-001 
7.6600e+000 -9.6303e-001 2.6779e+000 6.0777e-001 2.6782e+000 2.1786e+000 2.9429e+000 
7.6400e+000 -5.7298e-001 -2.0344e+000 9.9782e-001 -2.1438e+000 2.5686e+000 -8.8436e-001 
7.6200e+000 -1.8396e-001 1.3734e+000 1.3868e+000 -1.7548e+000 2.9576e+000 1.0905e+000 
7.6000e+000 2.0404e-001 -9.3132e-011 1.7748e+000 -1.3629e+000 -2.9376e+000 -4.8518e-001 
7.5800e+000 5.9102e-001 -2.0344e+000 2.1618e+000 1.5706e+000 -2.5506e+000 -2.7329e+000 
7.5600e+000 9.7699e-001 2.9229e+000 2.5478e+000 1.5705e+000 -2.1646e+000 -2.3406e+000 
7.5400e+000 1.3619e+000 0.0000e+000 2.9327e+000 -2.0887e-001 -1.7797e+000 2.0185e+000 
7.5200e+000 1.7459e+000 -1.5708e+000 -2.9665e+000 -3.0173e+000 -1.3957e+000 9.1333e-001 
7.5000e+000 2.1288e+000 -2.8966e+000 -2.5836e+000 2.4508e-001 -1.0128e+000 2.0096e+000 
7.4800e+000 2.5106e+000 1.5708e+000 -2.2017e+000 2.8726e-004 -6.3095e-001 -2.5024e+000 
7.4600e+000 2.8915e+000 1.2925e+000 -1.8209e+000 -1.5707e+000 -2.5009e-001 -1.3174e+000 
7.4400e+000 -3.0118e+000 1.5708e+000 -1.4411e+000 -1.5708e+000 1.2974e-001 -6.5846e-001 
7.4200e+000 -2.6330e+000 2.0344e+000 -1.0622e+000 1.8158e+000 5.0857e-001 -3.9572e-001 
7.4000e+000 -2.2552e+000 1.1071e+000 -6.8442e-001 4.5455e-004 8.8638e-001 8.9665e-001 
7.3800e+000 -1.8784e+000 -2.8810e+000 -3.0765e-001 3.1415e+000 1.2631e+000 -1.5122e+000 
7.3600e+000 -1.5027e+000 1.5708e+000 6.8133e-002 -3.0735e+000 1.6389e+000 2.7022e+000 
7.3400e+000 -1.1279e+000 1.5708e+000 4.4287e-001 1.5734e+000 2.0137e+000 1.2331e+000 
7.3200e+000 -7.5420e-001 -1.5708e+000 8.1660e-001 2.6783e+000 2.3874e+000 -2.3996e+000 
7.3000e+000 -3.8150e-001 -1.5708e+000 1.1893e+000 -1.9523e+000 2.7601e+000 -3.1222e+000 
7.2800e+000 -9.8085e-003 1.7359e+000 1.5610e+000 -1.5806e+000 3.1318e+000 -2.3408e+000 
7.2600e+000 3.6085e-001 3.1416e+000 1.9317e+000 -1.4464e+000 -2.7807e+000 -2.2327e+000 
7.2400e+000 7.3050e-001 -1.5708e+000 2.3013e+000 -8.4030e-001 -2.4111e+000 -2.1693e-001 
7.2200e+000 1.0991e+000 2.3865e+000 2.6699e+000 -1.6566e-004 -2.0425e+000 1.9138e+000 
7.2000e+000 1.4667e+000 3.1416e+000 3.0375e+000 -3.1416e+000 -1.6749e+000 1.5482e+000 
7.1800e+000 1.8333e+000 2.4498e-001 -2.8791e+000 1.5704e+000 -1.3083e+000 -1.0915e+000 
7.1600e+000 2.1989e+000 -1.5708e+000 -2.5135e+000 -1.2423e-001 -9.4270e-001 2.4881e-001 
7.1400e+000 2.5634e+000 1.5708e+000 -2.1490e+000 1.5706e+000 -5.7816e-001 1.5679e+000 
7.1200e+000 2.9270e+000 7.8540e-001 -1.7854e+000 1.3562e+000 -2.1462e-001 2.8503e+000 
7.1000e+000 -2.9937e+000 -1.8158e+000 -1.4229e+000 -1.5708e+000 1.4789e-001 -3.0224e+000 
7.0800e+000 -2.6322e+000 -2.1294e+000 -1.0614e+000 2.2531e+000 5.0937e-001 2.5504e+000 
7.0600e+000 -2.2717e+000 -7.2760e-012 -7.0095e-001 3.1411e+000 8.6985e-001 -2.7380e+000 
7.0400e+000 -1.9123e+000 -9.2730e-001 -3.4150e-001 2.0346e+000 1.2293e+000 1.5306e+000 
7.0200e+000 -1.5539e+000 -2.0344e+000 1.6933e-002 -3.1247e+000 1.5877e+000 -1.5833e+000 
7.0000e+000 -1.1965e+000 1.8190e-012 3.7434e-001 -2.4508e-001 1.9451e+000 -2.2847e+000 
6.9800e+000 -8.4007e-001 1.5708e+000 7.3073e-001 -2.4109e+000 2.3015e+000 -2.0666e+000 
6.9600e+000 -4.8470e-001 1.5708e+000 1.0861e+000 -2.0555e+000 2.6569e+000 -1.0368e+000 
6.9400e+000 -1.3035e-001 1.5708e+000 1.4404e+000 -1.5708e+000 3.0112e+000 -3.1552e-001 
6.9200e+000 2.2297e-001 0.0000e+000 1.7938e+000 -1.3478e+000 -2.9186e+000 8.4919e-002 
6.9000e+000 5.7530e-001 1.5708e+000 2.1461e+000 -1.3258e+000 -2.5663e+000 -3.0258e-001 
6.8800e+000 9.2658e-001 3.1416e+000 2.4974e+000 -3.1412e+000 -2.2150e+000 -3.0181e+000 
6.8600e+000 1.2769e+000 1.7258e+000 2.8477e+000 -5.1285e-005 -1.8647e+000 1.9731e+000 
6.8400e+000 1.6261e+000 1.8190e-012 -3.0863e+000 9.7372e-006 -1.5155e+000 1.5895e+000 
6.8200e+000 1.9743e+000 4.6365e-001 -2.7380e+000 -1.5705e+000 -1.1672e+000 1.6194e+000 
6.8000e+000 2.3216e+000 -1.5708e+000 -2.3908e+000 -1.5688e+000 -8.2004e-001 1.5615e+000 
6.7800e+000 2.6677e+000 -4.6365e-001 -2.0446e+000 1.5706e+000 -4.7385e-001 2.8825e+000 
6.7600e+000 3.0129e+000 -1.9348e+000 -1.6995e+000 1.5708e+000 -1.2867e-001 2.8897e+000 
6.7400e+000 -2.9261e+000 2.3562e+000 -1.3553e+000 -2.0345e+000 2.1548e-001 -2.0030e+000 
6.7200e+000 -2.5830e+000 -2.0344e+000 -1.0122e+000 2.1294e+000 5.5861e-001 -2.6918e+000 
6.7000e+000 -2.2409e+000 3.1416e+000 -6.7006e-001 1.6725e-003 9.0073e-001 3.1339e+000 
6.6800e+000 -1.8998e+000 0.0000e+000 -3.2896e-001 -2.0345e+000 1.2418e+000 3.0854e+000 
6.6600e+000 -1.5597e+000 -9.2730e-001 1.1106e-002 -3.1416e+000 1.5819e+000 -1.5207e+000 
6.6400e+000 -1.2206e+000 -3.1416e+000 3.5016e-001 -2.7914e+000 1.9210e+000 -1.0963e+000 
6.6200e+000 -8.8260e-001 -1.5708e+000 6.8820e-001 -2.4534e+000 2.2590e+000 -1.9232e+000 
6.6000e+000 -5.4558e-001 -1.5708e+000 1.0252e+000 -1.5711e+000 2.5960e+000 2.9205e+000 
6.5800e+000 -2.0960e-001 1.5708e+000 1.3612e+000 -1.7804e+000 2.9320e+000 -3.3504e-001 
6.5600e+000 1.2539e-001 -4.6365e-001 1.6962e+000 -1.5708e+000 -3.0162e+000 -5.6333e-002 
6.5400e+000 4.5935e-001 7.8540e-001 2.0301e+000 -1.1114e+000 -2.6822e+000 -6.2411e-002 
6.5200e+000 7.9228e-001 -9.2730e-001 2.3631e+000 -3.1415e+000 -2.3493e+000 -5.5768e-001 
6.5000e+000 1.1242e+000 3.1416e+000 2.6950e+000 -3.6946e-005 -2.0174e+000 -2.6685e+000 
6.4800e+000 1.4551e+000 1.0525e+000 3.0259e+000 -3.1416e+000 -1.6865e+000 1.9911e+000 
6.4600e+000 1.7850e+000 2.6224e+000 -2.9274e+000 1.5420e-005 -1.3566e+000 -1.3197e+000 
6.4400e+000 2.1138e+000 1.8158e+000 -2.5986e+000 5.4304e-001 -1.0278e+000 -2.3870e+000 
6.4200e+000 2.4417e+000 -1.5708e+000 -2.2707e+000 -1.5707e+000 -6.9993e-001 1.3873e+000 
6.4000e+000 2.7685e+000 1.5708e+000 -1.9439e+000 -1.5707e+000 -3.7310e-001 4.3299e-001 
6.3800e+000 3.0943e+000 -1.5708e+000 -1.6181e+000 -1.5708e+000 -4.7312e-002 4.4843e-003 
6.3600e+000 -2.8641e+000 1.5708e+000 -1.2933e+000 1.8483e+000 2.7747e-001 2.8019e+000 
6.3400e+000 -2.5404e+000 -2.1588e+000 -9.6957e-001 2.1720e+000 6.0123e-001 6.3360e-001 
6.3200e+000 -2.2176e+000 -3.1416e+000 -6.4683e-001 3.8125e-005 9.2397e-001 -1.1095e+000 
6.3000e+000 -1.8959e+000 -1.6952e+000 -3.2510e-001 2.0345e+000 1.2457e+000 -9.3991e-001 
6.2800e+000 -1.5752e+000 -1.5864e+000 -4.4075e-003 3.1416e+000 1.5664e+000 -1.5751e+000 
6.2600e+000 -1.2555e+000 -1.2679e+000 3.1527e-001 -2.8263e+000 1.8861e+000 -9.6785e-001 
6.2400e+000 -9.3686e-001 -1.2490e+000 6.3393e-001 -2.5077e+000 2.2047e+000 -1.2716e+000 
6.2200e+000 -6.1922e-001 1.5708e+000 9.5158e-001 -2.1900e+000 2.5224e+000 -1.9663e+000 
6.2000e+000 -3.0260e-001 1.5708e+000 1.2682e+000 3.0173e+000 2.8390e+000 7.8386e-001 
6.1800e+000 1.3007e-002 -4.6365e-001 1.5838e+000 -1.5578e+000 -3.1286e+000 -8.4783e-001 
6.1600e+000 3.2758e-001 0.0000e+000 1.8984e+000 -1.2432e+000 -2.8140e+000 -3.1103e+000 
6.1400e+000 6.4114e-001 -1.5708e+000 2.2119e+000 7.8536e-001 -2.5004e+000 2.0612e+000 
6.1200e+000 9.5369e-001 1.8158e+000 2.5245e+000 -6.1711e-001 -2.1879e+000 2.4848e-001 
6.1000e+000 1.2652e+000 3.1416e+000 2.8360e+000 -5.3987e-005 -1.8764e+000 -1.8811e+000 
6.0800e+000 1.5757e+000 1.0914e-011 -3.1367e+000 3.1416e+000 -1.5659e+000 1.5641e+000 
6.0600e+000 1.8852e+000 2.1294e+000 -2.8272e+000 3.1440e-001 -1.2564e+000 -7.5327e-001 
6.0400e+000 2.1937e+000 3.1416e+000 -2.5187e+000 2.2809e-005 -9.4793e-001 -1.0285e+000 
6.0200e+000 2.5011e+000 2.8966e+000 -2.2113e+000 -1.5708e+000 -6.4049e-001 1.6737e+000 
6.0000e+000 2.8075e+000 2.8501e+000 -1.9049e+000 1.5708e+000 -3.3406e-001 2.9507e+000 
5.9800e+000 3.1129e+000 1.5708e+000 -1.5994e+000 1.5708e+000 -2.8656e-002 -2.7676e+000 
5.9600e+000 -2.8659e+000 -2.5830e+000 -1.2951e+000 1.8465e+000 2.7573e-001 -4.5949e-001 
5.9400e+000 -2.5625e+000 -2.2794e+000 -9.9170e-001 3.1416e+000 5.7909e-001 8.3876e-001 
5.9200e+000 -2.2602e+000 -2.5213e+000 -6.8935e-001 -1.5708e+000 8.8144e-001 -2.2954e+000 
5.9000e+000 -1.9588e+000 -3.1416e+000 -3.8803e-001 3.1416e+000 1.1828e+000 2.8518e+000 
5.8800e+000 -1.6585e+000 -3.1416e+000 -8.7724e-002 3.0539e+000 1.4831e+000 -1.3308e+000 
5.8600e+000 -1.3592e+000 -3.1416e+000 2.1155e-001 -2.9300e+000 1.7824e+000 -4.7619e-001 
5.8400e+000 -1.0610e+000 -1.0914e-011 5.0982e-001 -2.6318e+000 2.0806e+000 1.5868e+000 
5.8200e+000 -7.6372e-001 -6.8212e-012 8.0708e-001 4.6365e-001 2.3779e+000 2.7470e-001 
5.8000e+000 -4.6750e-001 -5.5860e-001 1.1033e+000 -2.0383e+000 2.6741e+000 6.5932e-001 
5.7800e+000 -1.7230e-001 -1.5708e+000 1.3985e+000 -1.5708e+000 2.9693e+000 -9.5794e-001 
5.7600e+000 1.2189e-001 6.2419e-002 1.6927e+000 -1.4489e+000 -3.0197e+000 2.7652e-001 
5.7400e+000 4.1507e-001 1.5708e+000 1.9858e+000 -1.5708e+000 -2.7265e+000 5.8323e-001 
5.7200e+000 7.0721e-001 1.5708e+000 2.2780e+000 -8.6364e-001 -2.4344e+000 -2.1801e+000 
5.7000e+000 9.9834e-001 1.5708e+000 2.5693e+000 -5.7232e-001 -2.1433e+000 2.2935e-001 
5.6800e+000 1.2884e+000 1.4877e+000 -2.8249e-001 3.1416e+000 -1.8531e+000 -1.2095e+000 
5.6600e+000 1.5775e+000 -3.1416e+000 6.7417e-003 -3.1416e+000 -1.5641e+000 -2.9854e+000 
5.6400e+000 1.8656e+000 3.1416e+000 2.9481e-001 -2.8468e+000 -1.2760e+000 1.5663e+000 
5.6200e+000 2.1527e+000 -2.8753e+000 5.8186e-001 -2.5597e+000 -9.8894e-001 1.5631e+000 
5.6000e+000 2.4387e+000 1.1642e+000 8.6797e-001 -2.2736e+000 -7.0290e-001 -6.4600e-001 
5.5800e+000 2.7237e+000 2.8462e+000 -1.9887e+000 1.1529e+000 -4.1789e-001 -3.1283e-002 
5.5600e+000 3.0077e+000 -1.0135e-001 -1.7047e+000 1.4369e+000 -1.3391e-001 3.1305e+000 
5.5400e+000 1.4907e-001 5.4570e-012 -1.4217e+000 1.7199e+000 -2.9925e+000 -1.4464e+000 
5.5200e+000 4.3103e-001 -2.5536e+000 -1.1398e+000 1.5708e+000 -2.7106e+000 2.0344e+000 
5.5000e+000 7.1195e-001 1.9245e+000 -8.5885e-001 2.2827e+000 -2.4296e+000 7.7001e-001 
5.4800e+000 9.9186e-001 -3.0394e+000 -5.7894e-001 2.5627e+000 -2.1497e+000 9.0205e-001 
5.4600e+000 1.2708e+000 -3.1416e+000 -3.0005e-001 2.8415e+000 -1.8708e+000 -2.9508e+000 
5.4400e+000 1.5486e+000 3.1416e+000 -2.2173e-002 3.1194e+000 -1.5930e+000 -3.8308e-001 
5.4200e+000 1.8255e+000 1.2120e+000 2.5468e-001 -2.8869e+000 -1.3161e+000 2.4135e+000 
5.4000e+000 2.1013e+000 -1.5708e+000 5.3051e-001 -2.6111e+000 -1.0403e+000 1.8130e+000 
5.3800e+000 2.3761e+000 2.4775e+000 8.0533e-001 -1.5710e+000 -7.6547e-001 3.1558e-001 
5.3600e+000 2.6499e+000 -2.5536e+000 1.0791e+000 -2.0625e+000 -4.9167e-001 -1.8085e+000 
5.3400e+000 2.9227e+000 1.5708e+000 1.3519e+000 1.5710e+000 -2.1890e-001 1.2397e+000 
5.3200e+000 -3.0887e+000 -1.5708e+000 1.6236e+000 -1.5707e+000 5.2846e-002 -2.0370e+000 
5.3000e+000 -2.8180e+000 2.1341e+000 1.8944e+000 -1.5701e+000 3.2359e-001 1.9813e+000 
5.2800e+000 -2.5483e+000 -2.5135e+000 2.1641e+000 -2.7887e-004 5.9330e-001 1.9914e+000 
5.2600e+000 -2.2796e+000 -2.3562e+000 2.4328e+000 -7.0880e-001 8.6199e-001 1.1805e+000 
5.2400e+000 -2.0119e+000 1.3843e+000 2.7005e+000 -4.4113e-001 1.1297e+000 2.8940e+000 
5.2200e+000 -1.7453e+000 -2.7367e+000 2.9671e+000 -1.7447e-001 1.3963e+000 1.9596e+000 
5.2000e+000 -1.4796e+000 5.2387e-009 -3.0504e+000 4.4584e-004 1.6620e+000 1.6019e+000 
5.1800e+000 -1.2150e+000 -7.9162e-009 -2.7858e+000 3.1411e+000 1.9266e+000 2.5573e+000 
5.1600e+000 -9.5142e-001 -2.4519e+000 -2.5222e+000 3.1407e+000 2.1902e+000 -1.6349e+000 
5.1400e+000 -6.8884e-001 1.5660e-001 -2.2596e+000 8.8195e-001 2.4527e+000 -7.8796e-001 
5.1200e+000 -4.2729e-001 -4.6365e-001 -1.9981e+000 -1.5699e+000 2.7143e+000 -2.5208e+000 
5.1000e+000 -1.6675e-001 2.0750e-001 -1.7376e+000 1.4040e+000 2.9748e+000 -2.8235e-001 
5.0800e+000 9.2768e-002 1.5708e+000 -1.4780e+000 1.5713e+000 -3.0488e+000 -3.0727e+000 
5.0600e+000 3.5127e-001 1.5708e+000 -1.2195e+000 -2.4382e-001 -2.7903e+000 -1.2415e+000 
5.0400e+000 6.0874e-001 -2.4053e+000 -9.6205e-001 2.8956e+000 -2.5328e+000 -1.5923e+000 
5.0200e+000 8.6520e-001 7.8540e-001 -7.0559e-001 2.4360e+000 -2.2764e+000 -1.0287e+000 
5.0000e+000 1.1206e+000 -1.5042e+000 -4.5016e-001 7.7402e-004 -2.0210e+000 -1.2906e+000 
4.9800e+000 1.3751e+000 -2.5611e-009 -1.9574e-001 7.1304e-004 -1.7665e+000 -1.5593e+000 
4.9600e+000 1.6285e+000 3.1416e+000 5.7664e-002 -3.0839e+000 -1.5131e+000 2.3398e+000 
4.9400e+000 1.8808e+000 -3.1416e+000 3.1004e-001 1.3869e+000 -1.2608e+000 2.3530e+000 
4.9200e+000 2.1322e+000 1.3258e+000 5.6140e-001 -2.5802e+000 -1.0094e+000 2.9383e+000 
4.9000e+000 2.3825e+000 -1.5708e+000 8.1176e-001 -2.3298e+000 -7.5905e-001 1.2912e+000 
4.8800e+000 2.6319e+000 -4.1910e-009 1.0610e+000 -3.1412e+000 -5.0973e-001 -1.1043e+000 
4.8600e+000 2.8802e+000 8.3798e-001 -1.8323e+000 1.3093e+000 -2.6144e-001 9.2926e-001 
4.8400e+000 3.1274e+000 -1.5708e+000 -1.5850e+000 1.5566e+000 -1.4159e-002 2.7557e+000 
4.8200e+000 -2.9095e+000 -1.5708e+000 -1.3387e+000 2.4858e-001 2.3211e-001 1.7859e-001 
4.8000e+000 -2.6642e+000 -1.5708e+000 -1.0934e+000 -1.5786e+000 4.7735e-001 -2.6454e+000 
4.7800e+000 -2.4200e+000 -2.3562e+000 -8.4922e-001 1.5835e+000 7.2157e-001 3.1413e+000 
4.7600e+000 -2.1768e+000 1.6352e+000 -6.0603e-001 2.5356e+000 9.6477e-001 -2.1607e-001 
4.7400e+000 -1.9346e+000 7.8540e-001 -3.6384e-001 2.7778e+000 1.2070e+000 2.6382e+000 
4.7200e+000 -1.6935e+000 -3.1416e+000 -1.2268e-001 3.5634e-003 1.4481e+000 -9.6033e-001 
4.7000e+000 -1.4533e+000 -7.8540e-001 1.1746e-001 2.0665e+000 1.6883e+000 -1.3316e+000 
4.6800e+000 -1.2142e+000 1.6952e+000 3.5658e-001 -3.0813e+000 1.9274e+000 1.1712e+000 
4.6600e+000 -9.7611e-001 2.9802e-007 5.9469e-001 -1.9534e-001 2.1655e+000 2.9329e-001 
4.6400e+000 -7.3902e-001 -1.1071e+000 8.3178e-001 1.1307e+000 2.4026e+000 3.6156e-001 
4.6200e+000 -5.0296e-001 1.5708e+000 1.0678e+000 -3.0453e+000 2.6386e+000 2.1225e+000 
4.6000e+000 -2.6792e-001 -1.5708e+000 1.3029e+000 1.6172e+000 2.8737e+000 -1.7197e-002 
4.5800e+000 -3.3893e-002 -7.8540e-001 1.5369e+000 -2.9527e+000 3.1077e+000 1.2266e+000 
4.5600e+000 1.9912e-001 1.5708e+000 1.7699e+000 5.5122e-001 -2.9425e+000 4.5166e-001 
4.5400e+000 4.3110e-001 -2.4498e-001 2.0019e+000 -1.3201e-001 -2.7105e+000 -1.0102e+000 
4.5200e+000 6.6206e-001 1.6109e-001 2.2329e+000 -9.0873e-001 -2.4795e+000 -2.3664e+000 
4.5000e+000 8.9201e-001 1.5708e+000 2.4628e+000 6.1642e-001 -2.2496e+000 2.2051e-001 
4.4800e+000 1.1209e+000 -8.1956e-008 2.6917e+000 9.1894e-001 -2.0207e+000 -1.6947e+000 
4.4600e+000 1.3488e+000 -3.1292e-007 2.9196e+000 -3.0058e+000 -1.7928e+000 -1.4638e-002 
4.4400e+000 1.5757e+000 -2.9229e+000 -3.1367e+000 1.6015e-003 -1.5659e+000 -1.7607e+000 
4.4200e+000 1.8016e+000 2.0344e+000 -2.9108e+000 2.9403e+000 -1.3400e+000 -1.8837e+000 
4.4000e+000 2.0264e+000 -1.6952e+000 -2.6859e+000 2.3746e+000 -1.1152e+000 2.0755e+000 
4.3800e+000 2.2503e+000 1.3258e+000 -2.4621e+000 -2.2622e+000 -8.9132e-001 1.6895e+000 
4.3600e+000 2.4731e+000 -3.1416e+000 -2.2393e+000 1.3528e+000 -6.6851e-001 1.5589e+000 
4.3400e+000 2.6949e+000 -1.1206e+000 -2.0175e+000 1.4947e+000 -4.4673e-001 2.9676e+000 
4.3200e+000 2.9156e+000 -3.1416e+000 -1.7968e+000 2.3393e+000 -2.2596e-001 2.6642e+000 
4.3000e+000 3.1354e+000 -4.6365e-001 -1.5770e+000 -1.5416e+000 -6.2114e-003 3.0638e+000 
4.2800e+000 -2.9291e+000 9.8279e-001 -1.3583e+000 1.2593e+000 2.1252e-001 -2.7975e+000 
4.2600e+000 -2.7114e+000 -1.5708e+000 -1.1406e+000 -2.7910e+000 4.3022e-001 -2.7032e+000 
4.2400e+000 -2.4947e+000 -1.5708e+000 -9.2388e-001 2.2429e+000 6.4692e-001 1.3354e+000 
4.2200e+000 -2.2790e+000 1.5708e+000 -7.0821e-001 -9.5833e-001 8.6258e-001 2.4486e+000 
4.2000e+000 -2.0644e+000 -1.5708e+000 -4.9356e-001 4.4280e-001 1.0772e+000 -1.9444e+000 
4.1800e+000 -1.8507e+000 -1.5708e+000 -2.7993e-001 -2.6757e+000 1.2909e+000 -1.9101e+000 
4.1600e+000 -1.6381e+000 1.4901e-006 -6.7320e-002 1.4825e+000 1.5035e+000 -1.6757e+000 
4.1400e+000 -1.4265e+000 1.8019e+000 1.4427e-001 -1.5784e+000 1.7151e+000 7.5078e-001 
4.1200e+000 -1.2160e+000 7.8540e-001 3.5484e-001 -3.1018e+000 1.9256e+000 -1.1107e+000 
4.1000e+000 -1.0064e+000 -3.1416e+000 5.6439e-001 6.3967e-001 2.1352e+000 -1.1044e+000 
4.0800e+000 -7.9787e-001 4.9757e-007 7.7293e-001 1.8182e+000 2.3437e+000 -1.6243e+000 
4.0600e+000 -5.9036e-001 3.1416e+000 9.8043e-001 1.7670e+000 2.5512e+000 1.9297e-001 
4.0400e+000 -3.8387e-001 -1.5708e+000 1.1869e+000 -2.9363e+000 2.7577e+000 -2.8810e-001 
4.0200e+000 -1.7840e-001 -1.9138e+000 1.3924e+000 -2.3828e+000 2.9632e+000 -1.5308e-001 
4.0000e+000 2.6060e-002 -1.5708e+000 1.5969e+000 -1.6316e+000 -3.1155e+000 2.1569e-002 
3.9800e+000 2.2949e-001 -1.5708e+000 1.8003e+000 7.2477e-001 -2.9121e+000 -4.2783e-001 
3.9600e+000 4.3191e-001 -2.1588e+000 2.0027e+000 1.4472e+000 -2.7097e+000 1.4650e+000 
3.9400e+000 6.3330e-001 -1.5708e+000 2.2041e+000 -1.8031e+000 -2.5083e+000 1.4015e+000 
3.9200e+000 8.3367e-001 2.7292e+000 2.4045e+000 -1.1424e+000 -2.3079e+000 8.2999e-001 
3.9000e+000 1.0330e+000 -2.4981e+000 2.6038e+000 2.2198e+000 -2.1086e+000 2.1612e+000 
3.8800e+000 1.2314e+000 -2.6779e+000 2.8022e+000 -2.9785e+000 -1.9102e+000 4.8443e-001 
3.8600e+000 1.4287e+000 -3.1416e+000 2.9995e+000 -2.8640e-001 -1.7129e+000 1.4169e+000 
3.8400e+000 1.6250e+000 -1.5708e+000 -3.0874e+000 2.5780e+000 -1.5166e+000 1.5696e+000 
3.8200e+000 1.8202e+000 2.3562e+000 -2.8921e+000 1.1930e+000 -1.3213e+000 1.4817e+000 
3.8000e+000 2.0145e+000 -3.1416e+000 -2.6979e+000 2.1241e+000 -1.1271e+000 1.5602e+000 
3.7800e+000 2.2077e+000 -1.2715e-005 -2.5047e+000 2.8411e+000 -9.3386e-001 1.9367e+000 
3.7600e+000 2.4000e+000 -3.1416e+000 -2.3124e+000 -2.2604e+000 -7.4164e-001 2.5484e+000 
3.7400e+000 2.5912e+000 -1.3258e+000 -2.1212e+000 -3.1029e+000 -5.5044e-001 -2.6326e+000 
3.7200e+000 2.7813e+000 1.8158e+000 -1.9311e+000 -1.0380e+000 -3.6026e-001 2.4110e+000 
3.7000e+000 2.9705e+000 -1.5707e+000 -1.7419e+000 4.3427e-002 -1.7111e-001 4.2298e-001 
3.6800e+000 -3.1246e+000 -7.8539e-001 -1.5538e+000 -2.1846e+000 1.7030e-002 3.1361e+000 
3.6600e+000 -2.9374e+000 -1.4659e+000 -1.3666e+000 -2.0698e+000 2.0415e-001 3.0805e+000 
3.6400e+000 -2.7514e+000 4.6365e-001 -1.1806e+000 -2.6564e+000 3.9024e-001 1.8059e+000 
3.6200e+000 -2.5663e+000 2.4981e+000 -9.9547e-001 1.4650e+000 5.7532e-001 -2.5214e+000 
3.6000e+000 -2.3822e+000 3.1416e+000 -8.1141e-001 1.3791e+000 7.5938e-001 -8.9181e-001 
3.5800e+000 -2.1992e+000 -1.8533e-001 -6.2838e-001 -1.3731e+000 9.4242e-001 1.1506e+000 
3.5600e+000 -2.0172e+000 -4.1632e-002 -4.4636e-001 -2.4053e+000 1.1244e+000 -1.3842e+000 
3.5400e+000 -1.8362e+000 2.0980e-005 -2.6536e-001 1.5387e+000 1.3054e+000 -1.4753e+000 
3.5200e+000 -1.6562e+000 2.2889e-005 -8.5378e-002 1.8003e-001 1.4854e+000 1.9173e+000 
3.5000e+000 -1.4772e+000 -2.8199e+000 9.3584e-002 3.0065e-001 1.6644e+000 1.8307e+000 
3.4800e+000 -1.2993e+000 3.1416e+000 2.7152e-001 1.5057e+000 1.8423e+000 -1.5642e+000 
3.4600e+000 -1.1224e+000 1.1903e+000 4.4844e-001 -2.6945e+000 2.0192e+000 -1.2130e+000 
3.4400e+000 -9.4645e-001 2.1363e-004 6.2434e-001 8.6633e-001 2.1951e+000 4.8721e-001 
3.4200e+000 -7.7157e-001 -1.5709e+000 7.9923e-001 -1.6147e+000 2.3700e+000 1.0077e+000 
3.4000e+000 -5.9771e-001 -7.9323e-001 9.7309e-001 6.1453e-001 2.5439e+000 -1.9826e+000 
3.3800e+000 -4.2487e-001 -1.3259e+000 1.1459e+000 1.2106e+000 2.7167e+000 8.0124e-001 
3.3600e+000 -2.5305e-001 -1.5709e+000 1.3177e+000 -1.6447e+000 2.8885e+000 -1.3671e+000 
3.3400e+000 -8.2247e-002 7.3266e-004 1.4885e+000 -1.1630e+000 3.0593e+000 -3.1328e+000 
3.3200e+000 8.7535e-002 1.5709e+000 1.6583e+000 5.4149e-001 -3.0541e+000 9.0665e-001 
3.3000e+000 2.5630e-001 2.5537e+000 1.8271e+000 2.7584e+000 -2.8853e+000 -3.0182e+000 
3.2800e+000 4.2404e-001 1.5710e+000 1.9948e+000 2.9991e+000 -2.7175e+000 -3.4454e-002 
3.2600e+000 5.9077e-001 1.5709e+000 2.1616e+000 -2.2573e+000 -2.5508e+000 2.4584e+000 
3.2400e+000 7.5647e-001 -1.5713e+000 2.3273e+000 -2.6686e+000 -2.3851e+000 9.6675e-001 
3.2200e+000 9.2115e-001 -1.5710e+000 2.4919e+000 5.5248e-001 -2.2204e+000 -8.1414e-001 
3.2000e+000 1.0848e+000 -4.8877e-001 2.6556e+000 -2.3066e-001 -2.0568e+000 1.9338e+000 
3.1800e+000 1.2475e+000 -3.0529e-004 2.8183e+000 3.0447e+000 -1.8941e+000 -1.2982e+000 
3.1600e+000 1.4091e+000 2.8968e+000 2.9799e+000 -2.7458e+000 -1.7325e+000 -1.2817e+000 
3.1400e+000 1.5697e+000 2.4493e-001 3.1405e+000 -1.5810e-001 -1.5719e+000 -1.8590e+000 
3.1200e+000 1.7293e+000 -4.6394e-001 -2.9831e+000 3.0211e+000 -1.4123e+000 1.8335e+000 
3.1000e+000 1.8878e+000 2.3565e+000 -2.8245e+000 1.0529e+000 -1.2537e+000 1.9537e+000 
3.0800e+000 2.0454e+000 -7.8491e-001 -2.6670e+000 1.8484e+000 -1.0962e+000 2.5684e+000 
3.0600e+000 2.2019e+000 7.8470e-001 -2.5105e+000 -2.5068e+000 -9.3968e-001 1.1230e+000 
3.0400e+000 2.3574e+000 6.7412e-001 -2.3550e+000 1.6849e+000 -7.8417e-001 3.0023e+000 
3.0200e+000 2.5119e+000 1.2488e+000 -2.2005e+000 -5.6479e-001 -6.2968e-001 4.6023e-001 
3.0000e+000 2.6654e+000 -1.2746e+000 -2.0470e+000 -1.3931e+000 -4.7622e-001 -2.5890e+000 
2.9800e+000 2.8178e+000 -3.1408e+000 -1.8946e+000 -1.3341e+000 -3.2377e-001 2.9823e-001 
2.9600e+000 2.9692e+000 2.9172e-003 -1.7431e+000 -1.8474e+000 -1.7234e-001 1.8398e+000 
2.9400e+000 3.1197e+000 1.5705e+000 -1.5927e+000 -1.7845e+000 -2.1935e-002 6.1305e-002 
2.9200e+000 -3.0141e+000 -5.8729e-001 -1.4433e+000 1.0348e+000 1.2745e-001 -3.0564e+000 
2.9000e+000 -2.8658e+000 -2.0341e+000 -1.2950e+000 4.5768e-001 2.7582e-001 -4.4306e-001 
2.8800e+000 -2.7184e+000 1.3045e+000 -1.1476e+000 9.2841e-001 4.2317e-001 2.8208e+000 
2.8600e+000 -2.5721e+000 1.1895e+000 -1.0013e+000 -8.4484e-001 5.6950e-001 -2.9178e+000 
2.8400e+000 -2.4268e+000 2.4418e-001 -8.5599e-001 -1.6083e+000 7.1481e-001 1.4907e-001 
2.8200e+000 -2.2825e+000 3.0167e+000 -7.1170e-001 8.3182e-001 8.5910e-001 -1.5455e+000 
2.8000e+000 -2.1392e+000 2.3182e-003 -5.6843e-001 1.7147e+000 1.0024e+000 9.0057e-001 
2.7800e+000 -1.9970e+000 -2.9279e+000 -4.2618e-001 -2.1620e+000 1.1446e+000 -1.5755e+000 
2.7600e+000 -1.8557e+000 1.3474e-003 -2.8495e-001 -1.6912e-001 1.2859e+000 1.7212e+000 
2.7400e+000 -1.7155e+000 -2.6788e+000 -1.4474e-001 -3.1141e+000 1.4261e+000 -2.1393e+000 
2.7200e+000 -1.5763e+000 -2.8213e+000 -5.5432e-003 -1.4947e+000 1.5653e+000 1.1012e+000 
2.7000e+000 -1.4382e+000 1.5611e+000 1.3263e-001 2.4763e+000 1.7034e+000 1.7331e+000 
2.6800e+000 -1.3010e+000 3.1413e+000 2.6978e-001 1.2997e+000 1.8406e+000 -1.7451e+000 
2.6600e+000 -1.1649e+000 2.9383e-003 4.0591e-001 -2.7758e+000 1.9767e+000 -1.8798e+000 
2.6400e+000 -1.0298e+000 -2.6779e+000 5.4102e-001 4.6895e-001 2.1118e+000 -2.4182e+000 
2.6200e+000 -8.9568e-001 -3.1406e+000 6.7512e-001 -1.8496e+000 2.2459e+000 -1.6471e+000 
2.6000e+000 -7.6261e-001 1.8172e+000 8.0819e-001 1.0496e+000 2.3790e+000 6.8300e-001 
2.5800e+000 -6.3056e-001 -1.7366e+000 9.4024e-001 -2.0783e+000 2.5110e+000 2.4708e+000 
2.5600e+000 -4.9952e-001 -1.4498e+000 1.0713e+000 -1.9170e+000 2.6421e+000 -5.3391e-001 
2.5400e+000 -3.6951e-001 8.5984e-001 1.2013e+000 2.2693e+000 2.7721e+000 2.4322e+000 
2.5200e+000 -2.4051e-001 1.7615e+000 1.3303e+000 -1.6569e+000 2.9011e+000 1.2298e+000 
2.5000e+000 -1.1254e-001 -2.2177e+000 1.4583e+000 1.3362e+000 3.0291e+000 -4.8257e-001 
2.4800e+000 1.4414e-002 -1.3286e+000 1.5852e+000 -1.8140e+000 -3.1272e+000 2.7709e+000 
2.4600e+000 1.4035e-001 -1.4898e+000 1.7111e+000 -1.7267e+000 -3.0012e+000 -2.5711e+000 
2.4400e+000 2.6526e-001 1.5719e+000 1.8361e+000 -1.7602e+000 -2.8763e+000 2.7073e-003 
2.4200e+000 3.8916e-001 -1.1134e+000 1.9600e+000 -1.4032e+000 -2.7524e+000 -1.0350e-001 
2.4000e+000 5.1204e-001 -2.1575e+000 2.0828e+000 1.2809e+000 -2.6296e+000 -3.0727e+000 
2.3800e+000 6.3389e-001 2.8202e+000 2.2047e+000 -7.2746e-001 -2.5077e+000 -2.4345e+000 
2.3600e+000 7.5473e-001 -1.5708e+000 2.3255e+000 -8.2848e-001 -2.3869e+000 -4.7617e-001 
2.3400e+000 8.7454e-001 -3.1364e+000 2.4453e+000 5.9103e-002 -2.2670e+000 1.6157e+000 
2.3200e+000 9.9334e-001 -3.1397e+000 2.5641e+000 -2.9800e+000 -2.1483e+000 3.0298e+000 
2.3000e+000 1.1111e+000 -1.5770e+000 2.6819e+000 -3.0475e+000 -2.0305e+000 -2.8142e+000 
2.2800e+000 1.2279e+000 5.5261e-001 2.7987e+000 8.3250e-002 -1.9137e+000 1.1804e+000 
2.2600e+000 1.3436e+000 -3.1318e+000 2.9144e+000 8.1580e-001 -1.7980e+000 2.5209e+000 
2.2400e+000 1.4583e+000 -4.8220e-001 3.0291e+000 5.0781e-003 -1.6833e+000 -1.5374e+000 
2.2200e+000 1.5720e+000 2.3846e-001 -3.1404e+000 8.7615e-001 -1.5696e+000 -2.0794e+000 
2.2000e+000 1.6847e+000 -8.7019e-002 -3.0277e+000 -2.2123e-001 -1.4569e+000 1.0097e+000 
2.1800e+000 1.7964e+000 -1.5443e-002 -2.9160e+000 -2.0318e+000 -1.3452e+000 -2.9740e+000 
2.1600e+000 1.9070e+000 -2.6688e+000 -2.8054e+000 -9.6124e-002 -1.2346e+000 1.4713e+000 
2.1400e+000 2.0166e+000 -2.8054e+000 -2.6958e+000 2.2132e+000 -1.1250e+000 1.7854e-001 
2.1200e+000 2.1252e+000 -1.5852e+000 -2.5872e+000 -2.9986e+000 -1.0164e+000 -1.9763e+000 
2.1000e+000 2.2328e+000 1.9727e+000 -2.4796e+000 1.6040e+000 -9.0879e-001 2.6263e+000 
2.0800e+000 2.3394e+000 2.3575e+000 -2.3730e+000 -1.2251e+000 -8.0223e-001 -2.5456e+000 
2.0600e+000 2.4449e+000 -2.4672e+000 -2.2675e+000 -1.6154e+000 -6.9669e-001 2.7063e+000 
2.0400e+000 2.5494e+000 -1.7915e+000 -2.1630e+000 1.8323e+000 -5.9217e-001 -2.8613e+000 
2.0200e+000 2.6529e+000 -1.4417e+000 -2.0595e+000 -1.3613e+000 -4.8867e-001 2.8094e+000 
2.0000e+000 2.7554e+000 8.9282e-001 -1.9570e+000 1.8632e+000 -3.8619e-001 5.3581e-001 
1.9800e+000 2.8569e+000 3.0509e+000 -1.8555e+000 1.4277e+000 -2.8472e-001 -2.8511e+000 
1.9600e+000 2.9573e+000 1.4740e+000 -1.7551e+000 -1.5689e+000 -1.8428e-001 -2.7814e+000 
1.9400e+000 3.0567e+000 -1.5622e+000 -1.6557e+000 1.5491e+000 -8.4860e-002 1.9924e+000 
1.9200e+000 -3.1281e+000 -1.6464e+000 -1.5573e+000 2.3490e+000 1.3543e-002 -1.3997e+000 
1.9000e+000 -3.0307e+000 1.6759e+000 -1.4599e+000 -1.5388e+000 1.1092e-001 2.8102e+000 
1.8800e+000 -2.9343e+000 2.0215e+000 -1.3635e+000 1.5437e+000 2.0729e-001 -2.6064e+000 
1.8600e+000 -2.8390e+000 -2.2165e-001 -1.2682e+000 1.9693e+000 3.0263e-001 -2.5887e+000 
1.8400e+000 -2.7446e+000 -7.2863e-002 -1.1738e+000 1.8283e+000 3.9696e-001 2.4198e+000 
1.8200e+000 -2.6513e+000 -9.8279e-001 -1.0805e+000 7.7891e-001 4.9026e-001 1.8680e+000 
1.8000e+000 -2.5590e+000 -1.3059e+000 -9.8825e-001 -2.8646e+000 5.8254e-001 1.6234e+000 
1.7800e+000 -2.4678e+000 -2.4133e+000 -8.9699e-001 1.2907e+000 6.7381e-001 -3.9588e-001 
1.7600e+000 -2.3775e+000 1.5622e+000 -8.0674e-001 2.0595e+000 7.6405e-001 -2.1257e+000 
1.7400e+000 -2.2883e+000 5.5860e-001 -7.1752e-001 -2.2769e+000 8.5328e-001 8.1519e-001 
1.7200e+000 -2.2001e+000 1.6768e-001 -6.2931e-001 -1.0853e+000 9.4148e-001 -2.5313e+000 
1.7000e+000 -2.1129e+000 7.9716e-001 -5.4213e-001 2.6304e+000 1.0287e+000 1.9576e+000 
1.6800e+000 -2.0268e+000 1.6261e-001 -4.5596e-001 -2.5542e+000 1.1148e+000 -2.0292e+000 
1.6600e+000 -1.9416e+000 1.4986e-001 -3.7082e-001 1.8814e+000 1.2000e+000 1.6428e+000 
1.6400e+000 -1.8575e+000 3.4761e-001 -2.8669e-001 2.6099e+000 1.2841e+000 1.8853e+000 
1.6200e+000 -1.7744e+000 -2.8765e+000 -2.0358e-001 2.7754e+000 1.3672e+000 2.9102e+000 
1.6000e+000 -1.6923e+000 -2.6359e+000 -1.2150e-001 -3.0713e+000 1.4493e+000 2.7511e+000 
1.5800e+000 -1.6112e+000 -3.0792e+000 -4.0428e-002 -3.1110e+000 1.5304e+000 -2.3881e+000 
1.5600e+000 -1.5312e+000 2.9057e+000 3.9619e-002 -2.7422e+000 1.6104e+000 -2.6830e+000 
1.5400e+000 -1.4521e+000 -7.6412e-001 1.1865e-001 -1.7292e-001 1.6894e+000 -1.3294e+000 
1.5200e+000 -1.3741e+000 -2.0176e-001 1.9666e-001 -2.7241e-001 1.7675e+000 2.6324e+000 
1.5000e+000 -1.2972e+000 2.8379e-001 2.7364e-001 -2.5175e+000 1.8444e+000 2.9335e+000 
1.4800e+000 -1.2212e+000 2.7840e+000 3.4961e-001 -1.2957e+000 1.9204e+000 2.6276e+000 
1.4600e+000 -1.1462e+000 -1.5961e+000 4.2456e-001 -2.8523e+000 1.9954e+000 -2.5425e+000 
1.4400e+000 -1.0723e+000 -1.4758e+000 4.9849e-001 -6.1466e-001 2.0693e+000 9.6557e-001 
1.4200e+000 -9.9940e-001 2.0724e+000 5.7140e-001 -1.4541e+000 2.1422e+000 -5.9664e-001 
1.4000e+000 -9.2751e-001 -4.3984e-001 6.4329e-001 2.9283e+000 2.2141e+000 3.0243e+000 
1.3800e+000 -8.5664e-001 9.7189e-001 7.1416e-001 -1.4158e+000 2.2850e+000 1.3075e+000 
1.3600e+000 -7.8679e-001 -7.5383e-001 7.8401e-001 -3.0005e+000 2.3548e+000 3.0628e+000 
1.3400e+000 -7.1795e-001 4.0891e-001 8.5284e-001 -2.1790e+000 2.4236e+000 3.0020e+000 
1.3200e+000 -6.5014e-001 -2.7431e+000 9.2065e-001 -2.3205e+000 2.4914e+000 -2.7006e+000 
1.3000e+000 -5.8335e-001 -9.2057e-001 9.8744e-001 -2.1107e+000 2.5582e+000 -6.2602e-002 
1.2800e+000 -5.1758e-001 -9.4531e-001 1.0532e+000 1.5359e+000 2.6240e+000 1.9179e-001 
1.2600e+000 -4.5283e-001 -1.8667e+000 1.1180e+000 -1.6175e+000 2.6888e+000 -5.6886e-002 
1.2400e+000 -3.8910e-001 1.9684e+000 1.1817e+000 -3.0905e+000 2.7525e+000 -4.2288e-001 
1.2200e+000 -3.2638e-001 -1.4723e+000 1.2444e+000 -1.4099e+000 2.8152e+000 2.2939e+000 
1.2000e+000 -2.6469e-001 1.3819e+000 1.3061e+000 -1.8041e+000 2.8769e+000 -1.7742e+000 
1.1800e+000 -2.0402e-001 -1.6276e+000 1.3668e+000 1.2825e+000 2.9376e+000 -2.7465e+000 
1.1600e+000 -1.4436e-001 -3.0782e+000 1.4264e+000 -1.5750e+000 2.9972e+000 -1.5216e+000 
1.1400e+000 -8.5731e-002 -1.7928e+000 1.4851e+000 1.9650e+000 3.0559e+000 2.0296e+000 
1.1200e+000 -2.8118e-002 -1.5662e+000 1.5427e+000 -1.5323e+000 3.1135e+000 -9.9065e-001 
1.1000e+000 2.8477e-002 -1.5793e+000 1.5993e+000 1.7597e+000 -3.1131e+000 -1.5994e+000 
1.0800e+000 8.4051e-002 -1.7079e+000 1.6548e+000 -1.4873e+000 -3.0575e+000 1.5597e+000 
1.0600e+000 1.3861e-001 -2.2471e-001 1.7094e+000 -1.3550e+000 -3.0030e+000 -1.7457e+000 
1.0400e+000 1.9214e-001 1.6583e+000 1.7629e+000 -1.6012e+000 -2.9495e+000 1.2891e+000 
1.0200e+000 2.4466e-001 -1.8010e+000 1.8155e+000 -7.1442e-001 -2.8969e+000 2.2959e+000 
1.0000e+000 2.9615e-001 2.2143e+000 1.8669e+000 -1.1638e+000 -2.8454e+000 -7.2866e-002 
9.8000e-001 3.4663e-001 1.2566e+000 1.9174e+000 -1.4959e+000 -2.7950e+000 -9.3643e-001 
9.6000e-001 3.9608e-001 -2.9474e+000 1.9669e+000 -1.1873e+000 -2.7455e+000 -3.9607e-002 
9.4000e-001 4.4452e-001 -3.8051e-001 2.0153e+000 -1.0607e+000 -2.6971e+000 -1.8222e+000 
9.2000e-001 4.9194e-001 2.1815e+000 2.0627e+000 -8.4055e-001 -2.6497e+000 -1.1418e+000 
9.0000e-001 5.3833e-001 1.9451e+000 2.1091e+000 -1.0566e+000 -2.6033e+000 -1.0278e+000 
8.8000e-001 5.8371e-001 -1.9061e+000 2.1545e+000 -1.3143e+000 -2.5579e+000 -1.5106e-001 
8.6000e-001 6.2807e-001 -2.2348e+000 2.1989e+000 -1.6543e+000 -2.5135e+000 2.0081e+000 
8.4000e-001 6.7141e-001 1.9693e+000 2.2422e+000 5.2791e-001 -2.4702e+000 -2.6116e+000 
8.2000e-001 7.1372e-001 -1.3886e+000 2.2845e+000 -1.3575e+000 -2.4279e+000 1.9875e+000 
8.0000e-001 7.5502e-001 2.7830e-001 2.3258e+000 -6.5050e-001 -2.3866e+000 -1.3082e+000 
7.8000e-001 7.9530e-001 -1.9118e+000 2.3661e+000 -9.2762e-001 -2.3463e+000 -2.4000e-002 
7.6000e-001 8.3456e-001 3.4098e-001 2.4054e+000 -5.6130e-001 -2.3070e+000 -2.1219e-001 
7.4000e-001 8.7280e-001 -4.2663e-001 2.4436e+000 -8.4004e-001 -2.2688e+000 1.7893e-001 
7.2000e-001 9.1002e-001 -1.8109e-001 2.4808e+000 -1.0670e+000 -2.2316e+000 2.4765e-001 
7.0000e-001 9.4622e-001 5.9842e-001 2.5170e+000 -9.2997e-001 -2.1954e+000 -2.7561e+000 
6.8000e-001 9.8140e-001 -2.5437e-001 2.5522e+000 -1.3061e+000 -2.1602e+000 -3.0046e+000 
6.6000e-001 1.0156e+000 -5.4042e-001 2.5864e+000 -1.6106e+000 -2.1260e+000 9.4334e-001 
6.4000e-001 1.0487e+000 -6.6104e-001 2.6195e+000 1.3083e-001 -2.0929e+000 -3.0433e+000 
6.2000e-001 1.0808e+000 2.9289e+000 2.6516e+000 2.6092e-001 -2.0608e+000 -3.5638e-003 
6.0000e-001 1.1119e+000 -2.5309e+000 2.6827e+000 -2.5412e+000 -2.0297e+000 7.8877e-001 
5.8000e-001 1.1420e+000 -9.7162e-001 2.7128e+000 -8.6561e-001 -1.9996e+000 1.8181e+000 
5.6000e-001 1.1711e+000 -7.5570e-001 2.7419e+000 -8.0199e-001 -1.9705e+000 9.2378e-001 
5.4000e-001 1.1991e+000 -2.8431e+000 2.7699e+000 -2.7880e-001 -1.9425e+000 -7.3566e-002 
5.2000e-001 1.2261e+000 2.6638e+000 2.7969e+000 -1.5526e+000 -1.9155e+000 2.2873e+000 
5.0000e-001 1.2521e+000 -2.6779e+000 2.8229e+000 -1.2939e-001 -1.8895e+000 -1.0739e+000 
4.8000e-001 1.2771e+000 7.3282e-001 2.8479e+000 -1.1413e-001 -1.8645e+000 -6.2245e-001 
4.6000e-001 1.3011e+000 -3.1208e+000 2.8719e+000 -2.2317e-001 -1.8405e+000 5.6712e-002 
4.4000e-001 1.3240e+000 3.0419e+000 2.8948e+000 -9.5219e-002 -1.8176e+000 -2.3622e+000 
4.2000e-001 1.3460e+000 7.2885e-001 2.9167e+000 -2.0346e+000 -1.7956e+000 2.9328e+000 
4.0000e-001 1.3669e+000 -2.4849e+000 2.9376e+000 -1.9906e-001 -1.7747e+000 -2.4133e+000 
3.8000e-001 1.3867e+000 -6.5789e-001 2.9575e+000 -3.1462e-001 -1.7549e+000 2.9784e+000 
3.6000e-001 1.4056e+000 -3.0792e+000 2.9764e+000 -1.3633e-001 -1.7360e+000 -2.4080e-001 
3.4000e-001 1.4234e+000 -2.6452e+000 2.9942e+000 -8.8430e-002 -1.7181e+000 1.7384e+000 
3.2000e-001 1.4403e+000 1.2435e-001 3.0111e+000 -5.8359e-002 -1.7013e+000 3.0398e+000 
3.0000e-001 1.4561e+000 3.1128e+000 3.0269e+000 -2.7535e+000 -1.6855e+000 -8.3126e-001 
2.8000e-001 1.4709e+000 5.4565e-001 3.0417e+000 -2.7683e-002 -1.6707e+000 -4.2216e-001 
2.6000e-001 1.4846e+000 2.1867e-001 3.0554e+000 1.9197e-002 -1.6570e+000 3.0295e+000 
2.4000e-001 1.4974e+000 8.9283e-003 3.0682e+000 -9.3568e-002 -1.6442e+000 -4.1378e-002 
2.2000e-001 1.5091e+000 -3.0792e+000 3.0799e+000 6.0343e-002 -1.6325e+000 -2.3618e-002 
2.0000e-001 1.5198e+000 3.0965e+000 3.0906e+000 -1.4621e-001 -1.6218e+000 5.5623e-003 
1.8000e-001 1.5295e+000 1.0674e-001 3.1003e+000 -2.6064e+000 -1.6121e+000 -3.0213e+000 
1.6000e-001 1.5381e+000 -4.2588e-002 3.1090e+000 -2.6686e-002 -1.6034e+000 -5.4307e-002 
1.4000e-001 1.5458e+000 2.1552e-003 3.1166e+000 -2.9650e+000 -1.5958e+000 -2.1131e-002 
1.2000e-001 1.5525e+000 -2.8820e+000 3.1232e+000 -4.5440e-003 -1.5891e+000 -3.1092e+000 
1.0000e-001 1.5580e+000 3.1385e+000 3.1288e+000 -1.4127e-002 -1.5836e+000 4.4588e-002 
8.0000e-002 1.5626e+000 3.1377e+000 3.1334e+000 -5.9265e-003 -1.5789e+000 -2.5075e-004 
6.0000e-002 1.5663e+000 -2.4735e-002 3.1370e+000 -1.9434e-003 -1.5753e+000 -3.3238e-003 
4.0000e-002 1.5689e+000 -3.1400e+000 3.1396e+000 -1.5331e-003 -1.5731e+000 -1.7335e-003 
2.0000e-002 1.5706e+000 -3.1409e+000 3.1411e+000 -2.1905e-004 -1.5715e+000 6.0990e-003 
