7.9600e+000 2.9576e+002 5.2688e-006 3.5111e-004 1.1233e-003 1.6907e+002 4.7741e-004 
7.9400e+000 1.2531e+002 4.8564e-006 2.0201e-004 1.1514e-003 7.1640e+001 1.1930e-004 
7.9200e+000 8.3723e+001 5.4348e-006 2.3295e-005 1.1751e-003 4.7855e+001 2.3181e-004 
7.9000e+000 2.9761e+002 3.3377e-006 1.6682e-004 1.2008e-003 1.7013e+002 4.4674e-005 
7.8800e+000 4.7918e+002 4.7622e-006 3.2649e-004 1.2277e-003 2.7394e+002 5.9526e-004 
7.8600e+000 5.9440e+002 2.6608e-006 4.3515e-004 1.2485e-003 3.3981e+002 6.5206e-004 
7.8400e+000 6.1865e+002 1.1424e-006 4.7583e-004 1.2747e-003 3.5368e+002 8.0267e-005 
7.8200e+000 5.4162e+002 6.7615e-006 4.4267e-004 1.2995e-003 3.0966e+002 1.5312e-004 
7.8000e+000 3.6993e+002 2.6530e-005 3.4165e-004 1.3289e-003 2.1150e+002 2.8471e-004 
7.7800e+000 1.2673e+002 1.1704e-008 1.8976e-004 1.3618e-003 7.2461e+001 1.2654e-004 
7.7600e+000 1.5154e+002 3.1198e-007 2.6941e-005 1.3878e-003 8.6641e+001 3.6123e-004 
7.7400e+000 4.2086e+002 1.9945e-005 1.7232e-004 1.4183e-003 2.4063e+002 1.0992e-004 
7.7200e+000 6.3677e+002 1.0019e-005 3.2167e-004 1.4504e-003 3.6409e+002 6.1917e-005 
7.7000e+000 7.6196e+002 6.0886e-006 4.2097e-004 1.4746e-003 4.3569e+002 1.8071e-003 
7.6800e+000 7.7264e+002 9.9340e-006 4.5592e-004 1.5059e-003 4.4182e+002 2.5196e-004 
7.6600e+000 6.6289e+002 1.7616e-008 4.2312e-004 1.5339e-003 3.7907e+002 6.0354e-004 
7.6400e+000 4.4608e+002 1.5506e-005 3.3026e-004 1.5699e-003 2.5510e+002 7.3967e-004 
7.6200e+000 1.5312e+002 2.9505e-005 1.9639e-004 1.6009e-003 8.7571e+001 3.2824e-004 
7.6000e+000 1.7226e+002 2.5132e-005 7.6172e-005 1.6353e-003 9.8512e+001 4.5124e-004 
7.5800e+000 4.8034e+002 4.9502e-006 1.5870e-004 1.6705e-003 2.7472e+002 6.4196e-004 
7.5600e+000 7.2332e+002 1.3350e-005 2.8434e-004 1.6984e-003 4.1370e+002 1.3694e-003 
7.5400e+000 8.6289e+002 7.0215e-006 3.7142e-004 1.7406e-003 4.9355e+002 1.1518e-003 
7.5200e+000 8.7646e+002 6.2243e-006 4.0473e-004 1.7735e-003 5.0133e+002 1.1223e-003 
7.5000e+000 7.6067e+002 2.4887e-006 3.8203e-004 1.8123e-003 4.3512e+002 1.9263e-004 
7.4800e+000 5.3199e+002 2.5531e-005 3.1154e-004 1.8466e-003 3.0432e+002 5.9678e-004 
7.4600e+000 2.2409e+002 1.0059e-005 2.1310e-004 1.8827e-003 1.2820e+002 7.5634e-004 
7.4400e+000 1.1742e+002 1.0149e-005 1.3224e-004 1.9156e-003 6.7169e+001 4.0043e-004 
7.4200e+000 4.4215e+002 1.0092e-005 1.5372e-004 1.9640e-003 2.5297e+002 4.1919e-004 
7.4000e+000 7.0266e+002 1.5389e-005 2.3326e-004 2.0124e-003 4.0203e+002 1.8494e-003 
7.3800e+000 8.6165e+002 1.0154e-005 2.9744e-004 2.0428e-003 4.9303e+002 1.0007e-003 
7.3600e+000 8.9749e+002 5.2398e-006 3.2553e-004 2.0856e-003 5.1357e+002 5.2934e-004 
7.3400e+000 8.0712e+002 2.0406e-005 3.1507e-004 2.1274e-003 4.6189e+002 7.7363e-004 
7.3200e+000 6.0613e+002 1.6178e-005 2.7414e-004 2.1614e-003 3.4689e+002 3.0594e-004 
7.3000e+000 3.2591e+002 1.8538e-008 2.2035e-004 2.2137e-003 1.8653e+002 4.4281e-004 
7.2800e+000 8.4710e+000 1.5456e-005 1.8081e-004 2.2480e-003 4.8520e+000 6.5500e-004 
7.2600e+000 3.0014e+002 1.0319e-005 1.7880e-004 2.3056e-003 1.7180e+002 5.5658e-004 
7.2400e+000 5.5687e+002 1.0381e-005 2.0322e-004 2.3487e-003 3.1878e+002 1.2669e-003 
7.2200e+000 7.2796e+002 1.0504e-005 2.2637e-004 2.3969e-003 4.1676e+002 1.3245e-003 
7.2000e+000 7.9354e+002 2.6132e-005 2.3405e-004 2.4465e-003 4.5434e+002 3.0560e-004 
7.1800e+000 7.4998e+002 1.0506e-005 2.2631e-004 2.4859e-003 4.2944e+002 3.3855e-004 
7.1600e+000 6.0957e+002 1.8780e-005 2.1252e-004 2.5395e-003 3.4907e+002 1.6827e-004 
7.1400e+000 3.9792e+002 1.5741e-005 2.0495e-004 2.5837e-003 2.2789e+002 8.3628e-005 
7.1200e+000 1.4929e+002 1.0597e-005 2.0849e-004 2.6334e-003 8.5510e+001 4.0699e-004 
7.1000e+000 9.8993e+001 5.2875e-006 2.1561e-004 2.6874e-003 5.6702e+001 1.0929e-003 
7.0800e+000 3.1243e+002 2.8409e-005 2.1426e-004 2.7505e-003 1.7898e+002 9.2729e-004 
7.0600e+000 4.6437e+002 1.4525e-007 1.9735e-004 2.7948e-003 2.6605e+002 3.3107e-004 
7.0400e+000 5.3952e+002 1.0802e-005 1.6737e-004 2.8287e-003 3.0914e+002 2.5931e-004 
7.0200e+000 5.3553e+002 1.1759e-005 1.4043e-004 2.8884e-003 3.0689e+002 7.2913e-004 
7.0000e+000 4.6229e+002 7.7491e-006 1.4340e-004 2.9407e-003 2.6496e+002 5.7992e-004 
6.9800e+000 3.3948e+002 2.4222e-005 1.7922e-004 3.0067e-003 1.9459e+002 6.4554e-004 
6.9600e+000 1.9251e+002 3.2474e-005 2.2157e-004 3.0652e-003 1.1036e+002 4.8918e-004 
6.9400e+000 4.7910e+001 4.3280e-005 2.4864e-004 3.1279e-003 2.7471e+001 5.2161e-004 
6.9200e+000 7.1248e+001 7.5183e-006 2.4897e-004 3.2207e-003 4.0854e+001 6.7224e-004 
6.9000e+000 1.4908e+002 5.2628e-006 2.1925e-004 3.2613e-003 8.5500e+001 4.8853e-004 
6.8800e+000 1.7916e+002 2.0120e-005 1.6471e-004 3.3227e-003 1.0276e+002 9.0031e-004 
6.8600e+000 1.6502e+002 2.5455e-005 1.0654e-004 3.3841e-003 9.4671e+001 6.8086e-004 
6.8400e+000 1.1891e+002 1.7165e-005 1.0604e-004 3.4211e-003 6.8231e+001 2.0382e-004 
6.8200e+000 5.9017e+001 2.1771e-005 1.7115e-004 3.4913e-003 3.3870e+001 4.7067e-004 
6.8000e+000 5.6183e+000 2.1511e-005 2.4055e-004 3.5603e-003 3.2264e+000 8.7601e-004 
6.7800e+000 2.2954e+001 1.1365e-005 2.8797e-004 3.6265e-003 1.3176e+001 1.5398e-003 
6.7600e+000 1.4079e+001 6.6349e-007 3.0264e-004 3.6952e-003 8.0824e+000 2.7197e-004 
6.7400e+000 3.6461e+001 5.1331e-005 2.8188e-004 3.7856e-003 2.0940e+001 1.4520e-003 
6.7200e+000 1.2330e+002 1.0826e-005 2.3120e-004 3.8520e-003 7.0822e+001 2.4918e-004 
6.7000e+000 2.3197e+002 1.9796e-005 1.6882e-004 3.9355e-003 1.3327e+002 1.7548e-004 
6.6800e+000 3.4112e+002 3.1305e-005 1.4021e-004 3.9989e-003 1.9602e+002 4.1528e-004 
6.6600e+000 4.2597e+002 3.1187e-005 1.8440e-004 4.0569e-003 2.4483e+002 1.0500e-003 
6.6400e+000 4.6265e+002 1.0153e-006 2.5836e-004 4.1374e-003 2.6597e+002 2.3600e-004 
6.6200e+000 4.3251e+002 3.3301e-005 3.2212e-004 4.1922e-003 2.4871e+002 8.0007e-004 
6.6000e+000 3.2599e+002 2.2118e-005 3.5929e-004 4.2812e-003 1.8750e+002 1.0195e-003 
6.5800e+000 1.4505e+002 1.1188e-005 3.6526e-004 4.3673e-003 8.3452e+001 9.3208e-004 
6.5600e+000 9.5883e+001 5.6751e-006 3.4469e-004 4.4522e-003 5.5181e+001 6.2405e-004 
6.5400e+000 3.7100e+002 3.6448e-005 3.1171e-004 4.5519e-003 2.1356e+002 3.3597e-004 
6.5200e+000 6.4593e+002 1.2974e-005 2.8862e-004 4.6283e-003 3.7193e+002 2.9434e-004 
6.5000e+000 8.8210e+002 1.5706e-005 2.9455e-004 4.7235e-003 5.0806e+002 6.1058e-004 
6.4800e+000 1.0420e+003 1.3415e-005 3.2689e-004 4.7900e-003 6.0032e+002 2.0320e-003 
6.4600e+000 1.0944e+003 4.0380e-005 3.6593e-004 4.8806e-003 6.3072e+002 3.3164e-003 
6.4400e+000 1.0196e+003 1.8905e-006 3.9475e-004 4.9648e-003 5.8782e+002 2.2492e-003 
6.4200e+000 8.1277e+002 1.2697e-005 4.0768e-004 5.0539e-003 4.6872e+002 2.1923e-003 
6.4000e+000 4.8562e+002 1.1336e-005 4.1092e-004 5.1542e-003 2.8015e+002 1.3172e-003 
6.3800e+000 6.6322e+001 1.2290e-005 4.1927e-004 5.2687e-003 3.8271e+001 9.8920e-004 
6.3600e+000 4.0317e+002 4.4722e-005 4.4639e-004 5.3530e-003 2.3277e+002 8.5133e-004 
6.3400e+000 8.7151e+002 1.5202e-005 4.9229e-004 5.4533e-003 5.0334e+002 4.9414e-004 
6.3200e+000 1.2838e+003 2.0046e-005 5.4201e-004 5.5377e-003 7.4174e+002 1.5460e-003 
6.3000e+000 1.5881e+003 5.0926e-005 5.7555e-004 5.6297e-003 9.1792e+002 2.3091e-004 
6.2800e+000 1.7418e+003 2.3396e-005 5.7693e-004 5.7032e-003 1.0072e+003 9.2863e-004 
6.2600e+000 1.7176e+003 2.7022e-005 5.3954e-004 5.8199e-003 9.9364e+002 1.4311e-003 
6.2400e+000 1.5067e+003 4.5941e-005 4.7182e-004 5.9325e-003 8.7204e+002 1.9857e-003 
6.2200e+000 1.1213e+003 3.4291e-005 4.0745e-004 6.0471e-003 6.4928e+002 2.9983e-003 
6.2000e+000 5.9368e+002 3.7515e-005 4.0916e-004 6.1574e-003 3.4393e+002 1.1801e-003 
6.1800e+000 2.6667e+001 2.0246e-005 5.0802e-004 6.2810e-003 1.5464e+001 1.3334e-003 
6.1600e+000 6.7800e+002 2.8862e-005 6.5918e-004 6.4025e-003 3.9319e+002 1.5414e-004 
6.1400e+000 1.2929e+003 3.8666e-006 8.0714e-004 6.5096e-003 7.5018e+002 1.4935e-003 
6.1200e+000 1.8055e+003 9.0907e-006 9.1316e-004 6.6050e-003 1.0482e+003 2.2332e-003 
6.1000e+000 2.1587e+003 3.3880e-005 9.5154e-004 6.7020e-003 1.2540e+003 2.5884e-003 
6.0800e+000 2.3109e+003 1.0368e-004 9.0761e-004 6.8137e-003 1.3431e+003 3.6061e-004 
6.0600e+000 2.2400e+003 6.9739e-005 7.7859e-004 6.9316e-003 1.3027e+003 4.4559e-003 
6.0400e+000 1.9470e+003 1.0373e-004 5.7768e-004 7.0862e-003 1.1330e+003 9.6702e-004 
6.0200e+000 1.4557e+003 2.7529e-005 3.5707e-004 7.2054e-003 8.4766e+002 1.2461e-003 
6.0000e+000 8.1038e+002 2.7801e-005 3.2283e-004 7.3509e-003 4.7219e+002 1.3727e-003 
5.9800e+000 7.1740e+001 9.1352e-006 5.7126e-004 7.4929e-003 4.1819e+001 8.3779e-004 
5.9600e+000 6.8954e+002 1.3028e-005 8.7622e-004 7.6041e-003 4.0236e+002 4.0195e-004 
5.9400e+000 1.3999e+003 6.5842e-005 1.1450e-003 7.7357e-003 8.1747e+002 2.5122e-003 
5.9200e+000 1.9906e+003 4.3102e-005 1.3349e-003 7.8520e-003 1.1632e+003 3.1366e-003 
5.9000e+000 2.4042e+003 8.3614e-005 1.4177e-003 7.9655e-003 1.4060e+003 4.8477e-003 
5.8800e+000 2.6009e+003 1.0336e-005 1.3769e-003 8.0829e-003 1.5222e+003 9.1673e-004 
5.8600e+000 2.5619e+003 6.8308e-005 1.2080e-003 8.2113e-003 1.5007e+003 5.1558e-003 
5.8400e+000 2.2916e+003 9.5245e-005 9.1935e-004 8.3878e-003 1.3435e+003 2.0015e-004 
5.8200e+000 1.8162e+003 4.4947e-005 5.3198e-004 8.5407e-003 1.0657e+003 1.3067e-003 
5.8000e+000 1.1817e+003 1.7172e-005 1.0438e-004 8.7214e-003 6.9398e+002 2.2206e-003 
5.7800e+000 4.4805e+002 3.1711e-005 4.3451e-004 8.9064e-003 2.6336e+002 1.1583e-003 
5.7600e+000 3.1611e+002 1.8319e-005 9.1244e-004 9.0635e-003 1.8601e+002 1.2598e-003 
5.7400e+000 1.0408e+003 1.4014e-005 1.3396e-003 9.1533e-003 6.1303e+002 2.1247e-003 
5.7200e+000 1.6615e+003 7.0186e-005 1.6740e-003 9.3208e-003 9.7958e+002 2.3061e-003 
5.7000e+000 2.1251e+003 1.2816e-004 1.8823e-003 9.4451e-003 1.2542e+003 5.7148e-004 
5.6800e+000 2.3948e+003 1.4450e-004 1.9416e-003 9.5948e-003 1.4149e+003 7.4849e-003 
5.6600e+000 2.4533e+003 1.6330e-005 1.8417e-003 9.7556e-003 1.4510e+003 1.9998e-003 
5.6400e+000 2.3037e+003 3.9824e-005 1.5863e-003 9.9212e-003 1.3641e+003 2.7777e-003 
5.6200e+000 1.9682e+003 6.6408e-005 1.1938e-003 1.0131e-002 1.1668e+003 9.5923e-004 
5.6000e+000 1.4857e+003 8.0309e-005 7.0161e-004 1.0348e-002 8.8178e+002 2.5476e-003 
5.5800e+000 9.0689e+002 1.7748e-005 2.5570e-004 1.0487e-002 5.3890e+002 2.5547e-003 
5.5600e+000 2.8902e+002 1.7361e-005 5.9177e-004 1.0692e-002 1.7194e+002 7.1743e-004 
5.5400e+000 3.1020e+002 2.9802e-005 1.1562e-003 1.0837e-002 1.8483e+002 1.0522e-003 
5.5200e+000 8.3818e+002 2.0507e-005 1.6710e-003 1.0974e-002 5.0004e+002 2.6154e-003 
5.5000e+000 1.2525e+003 2.0559e-005 2.0796e-003 1.1160e-002 7.4822e+002 2.5708e-003 
5.4800e+000 1.5247e+003 1.3887e-005 2.3455e-003 1.1289e-002 9.1209e+002 5.2571e-003 
5.4600e+000 1.6423e+003 8.7829e-006 2.4452e-003 1.1497e-002 9.8389e+002 1.6460e-003 
5.4400e+000 1.6096e+003 5.6900e-005 2.3698e-003 1.1718e-002 9.6569e+002 3.2204e-003 
5.4200e+000 1.4457e+003 6.7564e-005 2.1256e-003 1.1931e-002 8.6868e+002 4.0211e-003 
5.4000e+000 1.1824e+003 1.7987e-005 1.7365e-003 1.2168e-002 7.1157e+002 1.3601e-003 
5.3800e+000 8.5963e+002 1.9170e-005 1.2514e-003 1.2373e-002 5.1814e+002 1.7739e-003 
5.3600e+000 5.2088e+002 5.0952e-005 7.9022e-004 1.2630e-002 3.1447e+002 2.3299e-004 
5.3400e+000 2.0820e+002 4.9846e-005 7.1246e-004 1.2826e-002 1.2589e+002 1.4590e-003 
5.3200e+000 4.2621e+001 6.3825e-006 1.1407e-003 1.3010e-002 2.5852e+001 2.6687e-003 
5.3000e+000 2.0592e+002 2.2484e-005 1.6833e-003 1.3180e-002 1.2500e+002 1.2589e-003 
5.2800e+000 2.6884e+002 1.6027e-005 2.1733e-003 1.3367e-002 1.6348e+002 2.9641e-003 
5.2600e+000 2.3271e+002 2.2887e-005 2.5471e-003 1.3558e-002 1.4177e+002 2.1737e-003 
5.2400e+000 1.1274e+002 5.2099e-005 2.7706e-003 1.3766e-002 6.8815e+001 3.4788e-003 
5.2200e+000 6.3884e+001 5.6624e-005 2.8273e-003 1.4031e-002 3.9068e+001 1.4422e-003 
5.2000e+000 2.6102e+002 1.1556e-004 2.7166e-003 1.4280e-002 1.5995e+002 1.5358e-003 
5.1800e+000 4.3786e+002 8.7608e-005 2.4539e-003 1.4552e-002 2.6887e+002 2.7926e-003 
5.1600e+000 5.5362e+002 3.5768e-005 2.0730e-003 1.4812e-002 3.4067e+002 1.0143e-003 
5.1400e+000 5.7244e+002 2.5170e-005 1.6348e-003 1.5087e-002 3.5302e+002 1.1688e-003 
5.1200e+000 4.6791e+002 3.0001e-005 1.2560e-003 1.5293e-002 2.8920e+002 4.4779e-003 
5.1000e+000 2.2666e+002 2.7361e-005 1.1391e-003 1.5505e-002 1.4043e+002 2.0224e-003 
5.0800e+000 1.4914e+002 3.7229e-005 1.3810e-003 1.5737e-002 9.2558e+001 4.7084e-003 
5.0600e+000 6.4082e+002 7.6417e-005 1.8060e-003 1.5930e-002 3.9876e+002 1.9168e-003 
5.0400e+000 1.2139e+003 3.1623e-005 2.2456e-003 1.6184e-002 7.5721e+002 6.3390e-003 
5.0200e+000 1.8202e+003 3.1396e-005 2.6167e-003 1.6441e-002 1.1383e+003 2.0403e-003 
5.0000e+000 2.4019e+003 1.9806e-004 2.8788e-003 1.6689e-002 1.5059e+003 6.2716e-004 
4.9800e+000 2.8958e+003 4.0239e-005 3.0138e-003 1.6973e-002 1.8203e+003 1.9282e-003 
4.9600e+000 3.2393e+003 1.4686e-004 3.0187e-003 1.7287e-002 2.0417e+003 3.3232e-003 
4.9400e+000 3.3764e+003 2.6782e-005 2.9034e-003 1.7633e-002 2.1338e+003 3.5400e-003 
4.9200e+000 3.2626e+003 1.2007e-004 2.6885e-003 1.7927e-002 2.0676e+003 7.3518e-003 
4.9000e+000 2.8706e+003 1.2115e-004 2.4050e-003 1.8214e-002 1.8244e+003 8.5346e-003 
4.8800e+000 2.1937e+003 3.3821e-005 2.0927e-003 1.8472e-002 1.3982e+003 1.7325e-003 
4.8600e+000 1.2481e+003 7.1519e-005 1.7996e-003 1.8749e-002 7.9788e+002 5.4712e-003 
4.8400e+000 7.3200e+001 5.6732e-005 1.5767e-003 1.9004e-002 4.6967e+001 6.4277e-003 
4.8200e+000 1.2695e+003 5.5093e-005 1.4604e-003 1.9256e-002 8.1648e+002 3.5399e-003 
4.8000e+000 2.6995e+003 3.2393e-005 1.4476e-003 1.9558e-002 1.7417e+003 5.0541e-003 
4.7800e+000 4.1224e+003 1.6694e-004 1.4948e-003 1.9815e-002 2.6684e+003 2.3763e-003 
4.7600e+000 5.4360e+003 1.2662e-004 1.5499e-003 2.0150e-002 3.5303e+003 3.0015e-003 
4.7400e+000 6.5369e+003 1.3397e-004 1.5775e-003 2.0442e-002 4.2595e+003 2.8667e-003 
4.7200e+000 7.3282e+003 1.8948e-005 1.5657e-003 2.0792e-002 4.7915e+003 1.4030e-002 
4.7000e+000 7.7268e+003 2.5850e-005 1.5253e-003 2.1214e-002 5.0698e+003 5.3475e-003 
4.6800e+000 7.6702e+003 1.1040e-004 1.4896e-003 2.1570e-002 5.0506e+003 1.7570e-002 
4.6600e+000 7.1215e+003 3.3623e-005 1.5082e-003 2.1876e-002 4.7064e+003 9.9615e-004 
4.6400e+000 6.0741e+003 4.0854e-005 1.6256e-003 2.2275e-002 4.0291e+003 1.8059e-002 
4.6200e+000 4.5530e+003 5.7377e-005 1.8525e-003 2.2504e-002 3.0316e+003 1.7140e-003 
4.6000e+000 2.6158e+003 1.9804e-005 2.1619e-003 2.2861e-002 1.7484e+003 5.2421e-003 
4.5800e+000 3.4987e+002 3.5534e-005 2.5097e-003 2.3150e-002 2.3480e+002 6.6226e-003 
4.5600e+000 2.1315e+003 4.4508e-005 2.8499e-003 2.3457e-002 1.4360e+003 9.1181e-003 
4.5400e+000 4.6944e+003 1.1299e-004 3.1400e-003 2.3762e-002 3.1756e+003 7.3431e-003 
4.5200e+000 7.1927e+003 5.9839e-005 3.3417e-003 2.4215e-002 4.8857e+003 2.2284e-002 
4.5000e+000 9.4751e+003 1.3183e-004 3.4202e-003 2.4471e-002 6.4634e+003 1.1387e-002 
4.4800e+000 1.1396e+004 2.3242e-004 3.3466e-003 2.4912e-002 7.8068e+003 2.4451e-003 
4.4600e+000 1.2820e+004 3.8252e-005 3.1017e-003 2.5441e-002 8.8215e+003 7.9936e-003 
4.4400e+000 1.3638e+004 1.0049e-004 2.6898e-003 2.5750e-002 9.4260e+003 2.1100e-002 
4.4200e+000 1.3766e+004 9.3578e-005 2.1860e-003 2.6200e-002 9.5577e+003 8.4008e-003 
4.4000e+000 1.3156e+004 8.3653e-005 1.8914e-003 2.6617e-002 9.1765e+003 1.5092e-002 
4.3800e+000 1.1799e+004 7.6989e-006 2.3823e-003 2.7086e-002 8.2687e+003 7.2682e-003 
4.3600e+000 9.7261e+003 1.3979e-004 3.7365e-003 2.7284e-002 6.8486e+003 1.0963e-002 
4.3400e+000 7.0086e+003 1.0856e-004 5.6853e-003 2.7783e-002 4.9591e+003 1.8045e-002 
4.3200e+000 3.7551e+003 1.2872e-004 8.1155e-003 2.8109e-002 2.6703e+003 2.4114e-002 
4.3000e+000 1.0750e+002 1.6217e-005 1.1011e-002 2.8644e-002 7.6973e+001 3.5249e-003 
4.2800e+000 3.7664e+003 5.8509e-005 1.4398e-002 2.8800e-002 2.7053e+003 1.9303e-002 
4.2600e+000 7.6805e+003 1.0321e-004 1.8330e-002 2.9363e-002 5.5454e+003 1.7436e-002 
4.2400e+000 1.1440e+004 9.2432e-005 2.2891e-002 2.9683e-002 8.3034e+003 3.2005e-002 
4.2200e+000 1.4850e+004 1.6399e-004 2.8202e-002 3.0273e-002 1.0836e+004 2.5329e-002 
4.2000e+000 1.7727e+004 1.2616e-004 3.4424e-002 3.0689e-002 1.3007e+004 5.6380e-002 
4.1800e+000 1.9908e+004 2.6968e-004 4.1771e-002 3.1231e-002 1.4687e+004 5.1708e-002 
4.1600e+000 2.1257e+004 1.3305e-004 5.0516e-002 3.1543e-002 1.5771e+004 2.7375e-002 
4.1400e+000 2.1675e+004 2.2245e-004 6.0998e-002 3.2045e-002 1.6173e+004 2.0844e-002 
4.1200e+000 2.1104e+004 4.8297e-005 7.3624e-002 3.2713e-002 1.5838e+004 2.0359e-002 
4.1000e+000 1.9530e+004 7.4727e-005 8.8876e-002 3.3143e-002 1.4743e+004 6.1806e-002 
4.0800e+000 1.6988e+004 3.9713e-005 1.0730e-001 3.3480e-002 1.2900e+004 8.8305e-003 
4.0600e+000 1.3556e+004 8.0869e-005 1.2952e-001 3.4036e-002 1.0356e+004 2.3630e-002 
4.0400e+000 9.3555e+003 1.4092e-004 1.5618e-001 3.4565e-002 7.1902e+003 5.6374e-003 
4.0200e+000 4.5452e+003 4.1013e-004 1.8800e-001 3.4802e-002 3.5138e+003 1.4281e-002 
4.0000e+000 6.8432e+002 2.1442e-004 2.2568e-001 3.5415e-002 5.3507e+002 5.0648e-003 
3.9800e+000 6.1194e+003 1.4531e-004 2.6990e-001 3.6003e-002 4.7969e+003 1.1397e-002 
3.9600e+000 1.1533e+004 1.7668e-004 3.2131e-001 3.6386e-002 9.0975e+003 3.7646e-002 
3.9400e+000 1.6694e+004 1.0260e-004 3.8044e-001 3.6933e-002 1.3254e+004 4.6362e-002 
3.9200e+000 2.1376e+004 3.0772e-004 4.4767e-001 3.7469e-002 1.7085e+004 5.9326e-002 
3.9000e+000 2.5370e+004 6.3121e-005 5.2321e-001 3.8111e-002 2.0414e+004 9.0282e-002 
3.8800e+000 2.8489e+004 7.5704e-005 6.0699e-001 3.8673e-002 2.3081e+004 1.2090e-001 
3.8600e+000 3.0580e+004 1.1837e-004 6.9867e-001 3.9244e-002 2.4948e+004 2.3114e-001 
3.8400e+000 3.1530e+004 2.9069e-004 7.9753e-001 3.9685e-002 2.5905e+004 1.2878e-001 
3.8200e+000 3.1268e+004 2.3924e-004 9.0248e-001 4.0366e-002 2.5873e+004 3.6577e-002 
3.8000e+000 2.9770e+004 2.5072e-004 1.0120e+000 4.1000e-002 2.4813e+004 9.8978e-002 
3.7800e+000 2.7062e+004 3.8990e-004 1.1241e+000 4.1520e-002 2.2722e+004 1.4951e-002 
3.7600e+000 2.3216e+004 2.5476e-004 1.2365e+000 4.2151e-002 1.9638e+004 7.9111e-002 
3.7400e+000 1.8349e+004 8.1945e-005 1.3462e+000 4.2783e-002 1.5639e+004 4.2771e-002 
3.7200e+000 1.2619e+004 3.1339e-005 1.4501e+000 4.3425e-002 1.0839e+004 4.7825e-002 
3.7000e+000 6.2190e+003 2.4305e-004 1.5447e+000 4.3842e-002 5.3844e+003 1.8903e-002 
3.6800e+000 6.3267e+002 1.9751e-004 1.6261e+000 4.4547e-002 5.4842e+002 1.4409e-002 
3.6600e+000 7.6968e+003 2.6508e-004 1.6903e+000 4.4886e-002 6.7619e+003 1.7054e-002 
3.6400e+000 1.4724e+004 3.7950e-005 1.7334e+000 4.5685e-002 1.3042e+004 1.1317e-002 
3.6200e+000 2.1463e+004 1.2258e-004 1.7513e+000 4.6356e-002 1.9168e+004 6.4866e-002 
3.6000e+000 2.7672e+004 1.7596e-004 1.7401e+000 4.6838e-002 2.4917e+004 8.5124e-002 
3.5800e+000 3.3124e+004 8.5787e-004 1.6963e+000 4.7761e-002 3.0075e+004 7.2246e-002 
3.5600e+000 3.7616e+004 1.6228e-004 1.6163e+000 4.8191e-002 3.4442e+004 3.6199e-002 
3.5400e+000 4.0976e+004 2.7234e-004 1.4971e+000 4.9158e-002 3.7839e+004 5.5227e-002 
3.5200e+000 4.3071e+004 2.4433e-004 1.3358e+000 4.9911e-002 4.0117e+004 6.3061e-002 
3.5000e+000 4.3806e+004 3.1831e-004 1.1293e+000 5.0483e-002 4.1159e+004 4.4416e-002 
3.4800e+000 4.3134e+004 3.1296e-004 8.7491e-001 5.1299e-002 4.0887e+004 1.5314e-001 
3.4600e+000 4.1051e+004 2.8366e-004 5.6896e-001 5.1858e-002 3.9263e+004 2.6330e-002 
3.4400e+000 3.7598e+004 7.3647e-005 2.0711e-001 5.2708e-002 3.6289e+004 5.8199e-002 
3.4200e+000 3.2862e+004 9.4992e-005 2.1659e-001 5.3147e-002 3.2015e+004 7.5651e-002 
3.4000e+000 2.6971e+004 1.5274e-004 7.1004e-001 5.3788e-002 2.6527e+004 3.9518e-002 
3.3800e+000 2.0085e+004 1.1403e-004 1.2843e+000 5.4731e-002 1.9954e+004 3.2527e-002 
3.3600e+000 1.2402e+004 1.8018e-004 1.9542e+000 5.5796e-002 1.2460e+004 6.8475e-003 
3.3400e+000 4.1382e+003 3.2023e-004 2.7395e+000 5.6405e-002 4.2407e+003 1.1538e-002 
3.3200e+000 4.4682e+003 1.4715e-004 3.6658e+000 5.7243e-002 4.4842e+003 1.3271e-002 
3.3000e+000 1.3170e+004 2.7205e-004 4.7657e+000 5.8158e-002 1.3474e+004 1.3246e-002 
3.2800e+000 2.1716e+004 1.6569e-004 6.0798e+000 5.8461e-002 2.2475e+004 4.7659e-002 
3.2600e+000 2.9860e+004 4.9461e-004 7.6579e+000 5.9692e-002 3.1229e+004 7.7009e-003 
3.2400e+000 3.7368e+004 1.7411e-004 9.5597e+000 6.0556e-002 3.9478e+004 1.2516e-002 
3.2200e+000 4.4020e+004 5.3829e-004 1.1855e+001 6.0873e-002 4.6973e+004 1.2085e-001 
3.2000e+000 4.9625e+004 5.1297e-004 1.4626e+001 6.1907e-002 5.3482e+004 6.6749e-002 
3.1800e+000 5.4018e+004 5.8028e-004 1.7964e+001 6.3115e-002 5.8793e+004 1.9485e-001 
3.1600e+000 5.7066e+004 4.2447e-004 2.1973e+001 6.4077e-002 6.2722e+004 1.8034e-002 
3.1400e+000 5.8675e+004 4.9445e-004 2.6767e+001 6.4736e-002 6.5120e+004 2.1019e-001 
3.1200e+000 5.8787e+004 2.5999e-004 3.2467e+001 6.5797e-002 6.5871e+004 2.4164e-002 
3.1000e+000 5.7385e+004 7.8165e-004 3.9203e+001 6.6233e-002 6.4901e+004 2.8120e-002 
3.0800e+000 5.4489e+004 6.7292e-004 4.7111e+001 6.7954e-002 6.2178e+004 8.9378e-002 
3.0600e+000 5.0156e+004 4.2213e-004 5.6326e+001 6.8520e-002 5.7713e+004 3.9140e-002 
3.0400e+000 4.4482e+004 2.7604e-004 6.6984e+001 6.8545e-002 5.1558e+004 1.9388e-002 
3.0200e+000 3.7594e+004 4.6792e-004 7.9216e+001 7.0377e-002 4.3809e+004 1.3922e-001 
3.0000e+000 2.9646e+004 5.9943e-004 9.3143e+001 7.1174e-002 3.4601e+004 7.3275e-002 
2.9800e+000 2.0819e+004 3.4583e-004 1.0887e+002 7.1995e-002 2.4104e+004 2.7390e-002 
2.9600e+000 1.1312e+004 5.9830e-004 1.2649e+002 7.3010e-002 1.2524e+004 2.7321e-002 
2.9400e+000 1.3414e+003 3.1105e-004 1.4607e+002 7.3663e-002 9.1296e+001 1.8823e-002 
2.9200e+000 8.8706e+003 3.0968e-004 1.6763e+002 7.4329e-002 1.2938e+004 1.5952e-002 
2.9000e+000 1.9096e+004 5.0773e-004 1.9119e+002 7.6671e-002 2.6290e+004 6.4524e-002 
2.8800e+000 2.9109e+004 1.0175e-003 2.1672e+002 7.6984e-002 3.9681e+004 4.7285e-002 
2.8600e+000 3.8690e+004 5.7053e-004 2.4413e+002 7.7970e-002 5.2821e+004 1.6985e-001 
2.8400e+000 4.7630e+004 1.2624e-003 2.7331e+002 7.9508e-002 6.5420e+004 1.9680e-001 
2.8200e+000 5.5737e+004 7.7008e-004 3.0410e+002 8.0796e-002 7.7195e+004 2.2361e-001 
2.8000e+000 6.2837e+004 9.0196e-004 3.3630e+002 8.1866e-002 8.7875e+004 1.5891e-002 
2.7800e+000 6.8780e+004 9.1315e-004 3.6967e+002 8.2019e-002 9.7207e+004 1.6473e-001 
2.7600e+000 7.3440e+004 4.4273e-004 4.0391e+002 8.3617e-002 1.0496e+005 1.0933e-001 
2.7400e+000 7.6720e+004 2.9700e-004 4.3870e+002 8.4862e-002 1.1094e+005 1.9494e-001 
2.7200e+000 7.8549e+004 8.3440e-004 4.7370e+002 8.5846e-002 1.1496e+005 1.4548e-001 
2.7000e+000 7.8888e+004 9.0942e-004 5.0855e+002 8.8960e-002 1.1690e+005 2.3998e-001 
2.6800e+000 7.7726e+004 3.8350e-004 5.4286e+002 8.9247e-002 1.1664e+005 3.5667e-001 
2.6600e+000 7.5080e+004 4.0648e-004 5.7627e+002 8.9922e-002 1.1414e+005 2.5500e-001 
2.6400e+000 7.0997e+004 7.7287e-004 6.0841e+002 9.1699e-002 1.0938e+005 8.9696e-002 
2.6200e+000 6.5547e+004 3.5414e-004 6.3896e+002 9.3193e-002 1.0236e+005 1.7946e-001 
2.6000e+000 5.8826e+004 5.7680e-004 6.6764e+002 9.2549e-002 9.3155e+004 2.3368e-001 
2.5800e+000 5.0951e+004 1.0480e-003 6.9422e+002 9.1664e-002 8.1864e+004 4.7341e-002 
2.5600e+000 4.2059e+004 7.0275e-004 7.1855e+002 9.6792e-002 6.8621e+004 2.6152e-001 
2.5400e+000 3.2299e+004 1.6850e-004 7.4058e+002 9.8779e-002 5.3599e+004 7.4148e-002 
2.5200e+000 2.1837e+004 1.1418e-003 7.6033e+002 9.9125e-002 3.7001e+004 1.0132e-001 
2.5000e+000 1.0847e+004 2.3436e-004 7.7797e+002 9.7881e-002 1.9061e+004 4.7242e-002 
2.4800e+000 4.9369e+002 5.2710e-004 7.9376e+002 1.0033e-001 3.6162e+001 2.0319e-002 
2.4600e+000 1.2001e+004 2.6899e-004 8.0810e+002 1.0165e-001 1.9795e+004 1.4079e-002 
2.4400e+000 2.3493e+004 5.9504e-004 8.2152e+002 1.0487e-001 4.0138e+004 4.3331e-002 
2.4200e+000 3.4790e+004 5.9832e-004 8.3467e+002 1.0636e-001 6.0685e+004 1.6904e-001 
2.4000e+000 4.5720e+004 1.0206e-004 8.4830e+002 1.0734e-001 8.1123e+004 1.2345e-001 
2.3800e+000 5.6118e+004 4.8927e-004 8.6327e+002 1.1082e-001 1.0114e+005 1.4060e-001 
2.3600e+000 6.5830e+004 1.3322e-003 8.8055e+002 1.1400e-001 1.2041e+005 2.4320e-001 
2.3400e+000 7.4717e+004 1.3012e-003 9.0113e+002 1.1332e-001 1.3864e+005 1.3213e-001 
2.3200e+000 8.2650e+004 8.5225e-004 9.2606e+002 1.1394e-001 1.5554e+005 1.2747e-001 
2.3000e+000 8.9522e+004 1.1393e-003 9.5636e+002 1.1561e-001 1.7082e+005 5.2376e-002 
2.2800e+000 9.5237e+004 1.0831e-003 9.9301e+002 1.1873e-001 1.8423e+005 1.8590e-001 
2.2600e+000 9.9721e+004 9.9755e-004 1.0369e+003 1.2184e-001 1.9554e+005 4.2424e-002 
2.2400e+000 1.0292e+005 5.1217e-004 1.0887e+003 1.2568e-001 2.0454e+005 3.2225e-001 
2.2200e+000 1.0478e+005 1.1408e-003 1.1491e+003 1.2030e-001 2.1105e+005 4.6373e-001 
2.2000e+000 1.0530e+005 2.1656e-004 1.2182e+003 1.3527e-001 2.1495e+005 1.5190e-001 
2.1800e+000 1.0447e+005 2.7017e-004 1.2961e+003 1.2318e-001 2.1611e+005 3.7091e-001 
2.1600e+000 1.0231e+005 2.3792e-003 1.3822e+003 1.2732e-001 2.1448e+005 5.9560e-001 
2.1400e+000 9.8834e+004 8.8152e-004 1.4757e+003 1.2910e-001 2.1003e+005 3.5763e-001 
2.1200e+000 9.4103e+004 7.5614e-004 1.5753e+003 1.3075e-001 2.0276e+005 1.2580e-001 
2.1000e+000 8.8174e+004 1.0011e-003 1.6789e+003 1.1988e-001 1.9272e+005 1.0043e-002 
2.0800e+000 8.1121e+004 1.5409e-003 1.7841e+003 1.4790e-001 1.8000e+005 4.8956e-002 
2.0600e+000 7.3030e+004 1.6489e-003 1.8877e+003 1.4705e-001 1.6472e+005 2.0714e-001 
2.0400e+000 6.3997e+004 6.9381e-004 1.9857e+003 1.3447e-001 1.4705e+005 5.9281e-002 
2.0200e+000 5.4126e+004 2.2589e-003 2.0736e+003 1.2973e-001 1.2718e+005 8.5410e-002 
2.0000e+000 4.3529e+004 1.0248e-003 2.1460e+003 1.4100e-001 1.0535e+005 1.2429e-001 
1.9800e+000 3.2324e+004 2.6012e-004 2.1968e+003 1.5108e-001 8.1802e+004 1.4621e-001 
1.9600e+000 2.0631e+004 1.0086e-003 2.2194e+003 1.4211e-001 5.6834e+004 1.5284e-001 
1.9400e+000 8.5767e+003 1.7734e-003 2.2060e+003 1.4438e-001 3.0752e+004 3.7234e-002 
1.9200e+000 3.7144e+003 5.8442e-004 2.1487e+003 1.4905e-001 3.8873e+003 1.2394e-002 
1.9000e+000 1.6116e+004 7.9134e-004 2.0386e+003 1.5307e-001 2.3414e+004 8.6980e-002 
1.8800e+000 2.8505e+004 1.0887e-003 1.8662e+003 1.6427e-001 5.0794e+004 6.7668e-002 
1.8600e+000 4.0757e+004 2.6651e-003 1.6219e+003 1.5670e-001 7.7886e+004 1.6295e-001 
1.8400e+000 5.2757e+004 2.9908e-003 1.2955e+003 1.6020e-001 1.0432e+005 2.9191e-002 
1.8200e+000 6.4388e+004 1.5746e-003 8.7642e+002 1.6085e-001 1.2972e+005 3.4412e-001 
1.8000e+000 7.5544e+004 2.6107e-003 3.5415e+002 1.7769e-001 1.5373e+005 3.4641e-001 
1.7800e+000 8.6123e+004 2.1489e-003 2.8194e+002 1.7192e-001 1.7599e+005 8.0265e-002 
1.7600e+000 9.6030e+004 8.6260e-004 1.0423e+003 1.7211e-001 1.9616e+005 4.6852e-001 
1.7400e+000 1.0518e+005 8.0873e-004 1.9370e+003 1.6216e-001 2.1391e+005 1.3189e-001 
1.7200e+000 1.1349e+005 3.2978e-003 2.9759e+003 1.7378e-001 2.2893e+005 8.3206e-002 
1.7000e+000 1.2089e+005 1.1665e-003 4.1679e+003 2.0590e-001 2.4096e+005 4.6411e-001 
1.6800e+000 1.2731e+005 1.5865e-003 5.5214e+003 1.8558e-001 2.4972e+005 2.8964e-001 
1.6600e+000 1.3272e+005 1.3929e-003 7.0435e+003 1.9670e-001 2.5501e+005 2.0241e-002 
1.6400e+000 1.3706e+005 1.9235e-003 8.7406e+003 1.9407e-001 2.5664e+005 6.1412e-001 
1.6200e+000 1.4029e+005 2.4523e-003 1.0617e+004 1.6642e-001 2.5444e+005 6.1810e-001 
1.6000e+000 1.4240e+005 1.7853e-003 1.2677e+004 1.9579e-001 2.4831e+005 3.8257e-001 
1.5800e+000 1.4336e+005 2.1602e-003 1.4922e+004 2.3147e-001 2.3816e+005 3.3004e-001 
1.5600e+000 1.4316e+005 2.7090e-003 1.7351e+004 2.2517e-001 2.2396e+005 1.5044e-001 
1.5400e+000 1.4181e+005 1.3724e-003 1.9963e+004 2.3006e-001 2.0571e+005 7.7926e-001 
1.5200e+000 1.3932e+005 3.2106e-003 2.2754e+004 1.8770e-001 1.8345e+005 8.8356e-002 
1.5000e+000 1.3570e+005 8.4622e-003 2.5718e+004 2.5729e-001 1.5725e+005 2.1842e-001 
1.4800e+000 1.3097e+005 7.0010e-004 2.8847e+004 2.4441e-001 1.2724e+005 3.4088e-001 
1.4600e+000 1.2517e+005 1.2153e-003 3.2130e+004 2.0079e-001 9.3570e+004 2.1049e-001 
1.4400e+000 1.1833e+005 9.0528e-003 3.5554e+004 2.6160e-001 5.6426e+004 4.4968e-001 
1.4200e+000 1.1050e+005 1.2756e-002 3.9105e+004 3.0278e-001 1.6031e+004 1.4112e-001 
1.4000e+000 1.0172e+005 1.7440e-003 4.2765e+004 1.3486e-001 2.7360e+004 8.6395e-001 
1.3800e+000 9.2051e+004 3.1783e-003 4.6515e+004 3.8966e-001 7.3468e+004 2.4873e-002 
1.3600e+000 8.1550e+004 8.4571e-003 5.0333e+004 3.2763e-001 1.2199e+005 1.3136e-001 
1.3400e+000 7.0280e+004 6.0361e-003 5.4194e+004 1.6007e-001 1.7259e+005 5.9415e-001 
1.3200e+000 5.8305e+004 1.5530e-002 5.8073e+004 1.1587e-001 2.2494e+005 3.0884e-001 
1.3000e+000 4.5696e+004 1.1262e-002 6.1942e+004 6.3712e-001 2.7867e+005 5.7395e-001 
1.2800e+000 3.2524e+004 1.0763e-002 6.5772e+004 6.1364e-001 3.3341e+005 4.2560e-001 
1.2600e+000 1.8861e+004 8.5812e-003 6.9530e+004 3.0113e-001 3.8878e+005 6.3752e-001 
1.2400e+000 4.7831e+003 4.8002e-003 7.3183e+004 5.6983e-001 4.4441e+005 8.4936e-002 
1.2200e+000 9.6354e+003 5.6738e-003 7.6697e+004 4.3712e-001 4.9991e+005 8.2649e-002 
1.2000e+000 2.4318e+004 2.1452e-002 8.0037e+004 2.6089e-001 5.5492e+005 8.7746e-002 
1.1800e+000 3.9190e+004 5.4904e-003 8.3166e+004 3.1529e-001 6.0906e+005 4.1804e-002 
1.1600e+000 5.4176e+004 1.9862e-002 8.6045e+004 3.6009e-001 6.6196e+005 3.8275e-001 
1.1400e+000 6.9201e+004 1.3221e-002 8.8638e+004 4.0422e-001 7.1331e+005 1.7352e-001 
1.1200e+000 8.4193e+004 3.8481e-002 9.0905e+004 3.8319e-001 7.6275e+005 5.7058e-002 
1.1000e+000 9.9082e+004 1.1223e-002 9.2807e+004 5.2108e-001 8.1000e+005 6.3802e-002 
1.0800e+000 1.1380e+005 1.4734e-002 9.4305e+004 3.5506e-001 8.5476e+005 1.3127e-001 
1.0600e+000 1.2827e+005 5.8316e-002 9.5359e+004 1.4601e+000 8.9677e+005 2.3541e-001 
1.0400e+000 1.4245e+005 1.7935e-002 9.5931e+004 2.6340e-001 9.3580e+005 4.0724e-001 
1.0200e+000 1.5626e+005 3.6076e-003 9.5983e+004 4.8520e-001 9.7165e+005 2.1022e-002 
1.0000e+000 1.6965e+005 2.5399e-002 9.5474e+004 1.2750e+000 1.0041e+006 2.8967e-002 
9.8000e-001 1.8256e+005 1.5077e-002 9.4368e+004 2.5187e+000 1.0331e+006 1.7135e-001 
9.6000e-001 1.9495e+005 1.0836e-002 9.2628e+004 3.5409e-001 1.0584e+006 4.0462e-001 
9.4000e-001 2.0677e+005 1.8450e-002 9.0215e+004 4.6538e-001 1.0800e+006 1.7876e-001 
9.2000e-001 2.1797e+005 2.9992e-002 8.7095e+004 1.0465e+000 1.0979e+006 1.5515e-001 
9.0000e-001 2.2852e+005 5.2579e-002 8.3231e+004 1.2457e+000 1.1119e+006 7.7569e-002 
8.8000e-001 2.3838e+005 7.6043e-002 7.8588e+004 4.1634e-001 1.1221e+006 3.1659e-001 
8.6000e-001 2.4752e+005 3.6957e-002 7.3131e+004 4.8662e-001 1.1285e+006 3.6153e-001 
8.4000e-001 2.5591e+005 1.4824e-003 6.6826e+004 4.5182e-001 1.1312e+006 4.7500e-002 
8.2000e-001 2.6353e+005 7.5755e-002 5.9638e+004 2.1275e+000 1.1303e+006 5.7588e-002 
8.0000e-001 2.7037e+005 2.6548e-002 5.1531e+004 1.4043e+000 1.1258e+006 2.4249e-001 
7.8000e-001 2.7640e+005 3.1830e-002 4.2472e+004 1.9485e+000 1.1179e+006 2.0369e-001 
7.6000e-001 2.8161e+005 1.3660e-002 3.2423e+004 1.8462e+000 1.1068e+006 1.0891e-001 
7.4000e-001 2.8599e+005 6.6484e-003 2.1347e+004 1.6596e+000 1.0925e+006 2.0389e-001 
7.2000e-001 2.8955e+005 5.5163e-003 9.2041e+003 7.3205e-001 1.0753e+006 1.4127e-001 
7.0000e-001 2.9228e+005 1.8533e-001 4.0466e+003 6.7317e-001 1.0554e+006 4.7947e-002 
6.8000e-001 2.9418e+005 1.2902e-001 1.8451e+004 1.3687e+000 1.0329e+006 5.5815e-001 
6.6000e-001 2.9525e+005 7.5022e-002 3.4058e+004 2.5321e+000 1.0081e+006 3.0227e-001 
6.4000e-001 2.9551e+005 9.7773e-003 5.0922e+004 3.5536e+000 9.8126e+005 2.5516e-001 
6.2000e-001 2.9496e+005 9.7263e-003 6.9103e+004 1.6068e+000 9.5251e+005 8.3650e-002 
6.0000e-001 2.9362e+005 4.7623e-002 8.8670e+004 3.9603e+000 9.2210e+005 1.8932e-001 
5.8000e-001 2.9150e+005 1.3550e-001 1.0970e+005 2.5588e+000 8.9026e+005 4.2742e-001 
5.6000e-001 2.8861e+005 1.1829e-001 1.3228e+005 1.8822e-001 8.5722e+005 4.8683e-001 
5.4000e-001 2.8499e+005 7.8993e-003 1.5652e+005 1.0111e+001 8.2317e+005 9.5463e-001 
5.2000e-001 2.8064e+005 1.1807e-001 1.8253e+005 5.6882e+000 7.8835e+005 3.6928e-001 
5.0000e-001 2.7560e+005 7.8465e-002 2.1045e+005 5.1628e+000 7.5295e+005 3.1236e-001 
4.8000e-001 2.6988e+005 2.7737e-002 2.4046e+005 5.7102e-001 7.1717e+005 5.7426e-001 
4.6000e-001 2.6350e+005 2.3002e-001 2.7274e+005 3.3008e-001 6.8118e+005 6.0491e-001 
4.4000e-001 2.5650e+005 2.6460e-001 3.0754e+005 1.3143e+001 6.4516e+005 6.8583e-001 
4.2000e-001 2.4891e+005 2.4514e-001 3.4514e+005 5.2653e-001 6.0927e+005 3.7949e-001 
4.0000e-001 2.4073e+005 4.8042e-001 3.8587e+005 4.5830e+000 5.7363e+005 5.1894e-001 
3.8000e-001 2.3201e+005 1.3485e-001 4.3016e+005 1.2375e+000 5.3839e+005 3.7563e-001 
3.6000e-001 2.2278e+005 2.9408e-001 4.7852e+005 1.3214e+000 5.0367e+005 1.0433e+000 
3.4000e-001 2.1305e+005 2.6860e-001 5.3160e+005 5.5928e+000 4.6954e+005 3.6272e-001 
3.2000e-001 2.0287e+005 2.3590e-002 5.9019e+005 5.4428e+000 4.3609e+005 5.3817e-001 
3.0000e-001 1.9225e+005 1.2736e-001 6.5534e+005 1.3154e+001 4.0339e+005 2.9818e-001 
2.8000e-001 1.8123e+005 6.4891e-002 7.2836e+005 8.0577e+000 3.7148e+005 4.5367e-001 
2.6000e-001 1.6983e+005 5.8149e-001 8.1098e+005 1.6949e-001 3.4040e+005 5.3397e-001 
2.4000e-001 1.5808e+005 5.2817e-001 9.0555e+005 5.4255e+000 3.1014e+005 5.1948e-001 
2.2000e-001 1.4602e+005 9.9459e-002 1.0152e+006 5.4710e+000 2.8073e+005 3.4875e-001 
2.0000e-001 1.3366e+005 1.7980e-002 1.1445e+006 5.2523e+000 2.5215e+005 8.8219e-001 
1.8000e-001 1.2104e+005 5.5869e-002 1.2998e+006 4.4618e+000 2.2436e+005 7.4691e-001 
1.6000e-001 1.0818e+005 4.2984e-001 1.4907e+006 1.4294e+001 1.9733e+005 2.9826e-001 
1.4000e-001 9.5116e+004 1.2297e+000 1.7326e+006 3.8713e+000 1.7100e+005 1.1666e+000 
1.2000e-001 8.1866e+004 6.5803e-001 2.0508e+006 2.9607e+001 1.4531e+005 1.5184e+000 
1.0000e-001 6.8459e+004 2.8469e-001 2.4910e+006 3.6704e+001 1.2018e+005 3.4523e+000 
8.0000e-002 5.4922e+004 2.9725e-003 3.1445e+006 3.2035e+001 9.5544e+004 2.5177e+000 
6.0000e-002 4.1282e+004 3.4967e-002 4.2247e+006 4.2313e+001 7.1303e+004 3.1979e-001 
4.0000e-002 2.7565e+004 5.6937e-001 6.3715e+006 1.1495e+002 4.7365e+004 6.2333e+000 
2.0000e-002 1.3795e+004 2.2775e+000 1.2784e+007 7.2880e+001 2.3631e+004 7.1921e+000 
