7.9600e+000 7.7649e+002 2.8091e+000 1.2826e+001 1.6129e+001 8.0985e+002 2.3928e+001 
7.9400e+000 2.8007e+002 2.5255e+000 3.3404e+001 1.6207e+001 4.7003e+002 1.0274e+001 
7.9200e+000 1.8223e+002 2.6555e+000 4.6990e+001 8.9413e+000 1.8364e+002 1.1976e+001 
7.9000e+000 5.3118e+002 1.7719e+000 5.1588e+001 2.5892e+000 1.3943e+001 2.8660e+001 
7.8800e+000 7.0378e+002 1.0450e+000 4.5918e+001 9.0500e+000 1.6513e+001 4.3359e+001 
7.8600e+000 7.2510e+002 1.0853e+000 3.1601e+001 1.6226e+001 2.5512e+001 5.2588e+001 
7.8400e+000 6.1556e+002 1.6049e+000 9.9225e+000 2.1421e+001 7.5852e+001 5.5793e+001 
7.8200e+000 4.2849e+002 2.3411e+000 1.3706e+001 2.2611e+001 7.5280e+001 4.9528e+001 
7.8000e+000 2.0628e+002 2.8348e+000 3.4548e+001 2.4174e+001 4.8230e+001 3.6066e+001 
7.7800e+000 4.0251e+001 3.0713e+000 4.9507e+001 1.9101e+001 2.1706e+002 1.8840e+001 
7.7600e+000 1.1720e+001 2.9373e+000 5.6325e+001 9.6572e+000 6.1051e+002 1.6293e+001 
7.7400e+000 5.2274e+001 2.6699e+000 5.1675e+001 7.2972e+000 1.0773e+003 3.6787e+001 
7.7200e+000 1.9086e+002 2.1434e+000 3.6453e+001 6.5760e+000 1.5107e+003 5.6531e+001 
7.7000e+000 3.4640e+002 1.9583e+000 1.4807e+001 1.2094e+001 1.7807e+003 6.9880e+001 
7.6800e+000 4.5334e+002 2.3921e+000 9.5037e+000 2.0073e+001 1.7583e+003 7.3859e+001 
7.6600e+000 4.9457e+002 2.1518e+000 3.1883e+001 2.7248e+001 1.4115e+003 6.8030e+001 
7.6400e+000 3.8197e+002 3.4154e+000 4.7584e+001 2.7642e+001 6.7245e+002 5.3723e+001 
7.6200e+000 8.9883e+001 3.8318e+000 5.7535e+001 2.8441e+001 8.3592e+002 3.6611e+001 
7.6000e+000 1.7500e+002 4.0674e+000 5.6141e+001 1.9954e+001 8.0487e+002 2.8010e+001 
7.5800e+000 7.0342e+002 3.7349e+000 3.4688e+001 1.0090e+001 1.6453e+003 4.4317e+001 
7.5600e+000 1.1658e+003 3.7433e+000 9.3782e+000 2.8317e+000 2.7992e+003 6.6735e+001 
7.5400e+000 1.5023e+003 3.5038e+000 2.1244e+001 4.3639e+000 3.5121e+003 8.3891e+001 
7.5200e+000 1.6645e+003 3.1611e+000 4.9161e+001 6.3035e+000 3.7172e+003 8.9948e+001 
7.5000e+000 1.5495e+003 2.9732e+000 7.0400e+001 1.9020e+001 3.2415e+003 8.3441e+001 
7.4800e+000 1.1171e+003 3.2408e+000 8.1434e+001 1.0254e+001 2.2032e+003 6.8255e+001 
7.4600e+000 4.4899e+002 3.5725e+000 7.5726e+001 1.8223e+001 7.6681e+002 4.3139e+001 
7.4400e+000 3.7223e+002 4.0022e+000 5.8836e+001 2.0945e+001 9.2069e+002 2.1481e+001 
7.4200e+000 1.2616e+003 4.6513e+000 3.6109e+001 1.7806e+001 2.6597e+003 3.4154e+001 
7.4000e+000 2.0779e+003 4.8552e+000 5.3805e+000 9.4354e+000 4.1674e+003 6.3239e+001 
7.3800e+000 2.7005e+003 5.0114e+000 3.4958e+001 4.6035e+000 5.2785e+003 8.7247e+001 
7.3600e+000 2.9862e+003 4.6756e+000 6.8735e+001 2.3004e+000 5.6991e+003 1.0171e+002 
7.3400e+000 2.7930e+003 4.1040e+000 9.2695e+001 5.5147e+000 5.0144e+003 9.8393e+001 
7.3200e+000 2.1476e+003 3.6140e+000 1.0138e+002 1.2774e+001 3.7184e+003 8.5602e+001 
7.3000e+000 1.1140e+003 3.4389e+000 9.1807e+001 2.0235e+001 1.7956e+003 6.2771e+001 
7.2800e+000 1.3959e+002 3.8732e+000 6.2306e+001 1.9460e+001 4.3071e+002 3.4155e+001 
7.2600e+000 1.4112e+003 4.5532e+000 4.2135e+001 1.9861e+001 2.6698e+003 2.0836e+001 
7.2400e+000 2.5989e+003 5.3965e+000 6.6314e+000 2.3647e+001 4.6883e+003 4.6838e+001 
7.2200e+000 3.5502e+003 6.0021e+000 4.7227e+001 2.2322e+001 6.2854e+003 7.6027e+001 
7.2000e+000 4.0991e+003 6.2958e+000 8.7307e+001 1.6415e+001 7.3118e+003 1.0160e+002 
7.1800e+000 3.9704e+003 6.1047e+000 1.1475e+002 1.3288e+001 6.5873e+003 1.0238e+002 
7.1600e+000 3.3696e+003 5.0813e+000 1.2471e+002 1.0541e+001 5.4818e+003 9.7582e+001 
7.1400e+000 2.2719e+003 4.4054e+000 1.1252e+002 1.3902e+001 3.5790e+003 8.0783e+001 
7.1200e+000 7.7352e+002 3.4632e+000 7.0559e+001 2.2993e+001 1.0609e+003 5.6330e+001 
7.1000e+000 8.5835e+002 3.4453e+000 4.9448e+001 1.7829e+001 1.5980e+003 2.5376e+001 
7.0800e+000 2.4104e+003 4.6422e+000 5.6794e+000 2.2688e+001 4.1167e+003 1.8602e+001 
7.0600e+000 3.7149e+003 6.0807e+000 5.0427e+001 2.5534e+001 6.2103e+003 4.9037e+001 
7.0400e+000 4.5843e+003 7.3951e+000 9.6262e+001 2.7937e+001 7.7283e+003 8.1491e+001 
7.0200e+000 4.8791e+003 7.8829e+000 1.2751e+002 2.5764e+001 7.8053e+003 9.5644e+001 
7.0000e+000 4.5201e+003 6.7909e+000 1.3968e+002 2.6189e+001 7.0388e+003 1.0019e+002 
6.9800e+000 3.5982e+003 5.9698e+000 1.3017e+002 1.6962e+001 5.4891e+003 9.4489e+001 
6.9600e+000 2.1955e+003 4.1657e+000 9.8190e+001 1.6232e+001 3.2250e+003 7.6951e+001 
6.9400e+000 4.3241e+002 3.1867e+000 6.0892e+001 1.4580e+001 4.7430e+002 5.0613e+001 
6.9200e+000 1.3842e+003 3.7754e+000 1.2405e+001 2.1526e+001 2.4068e+003 1.9349e+001 
6.9000e+000 2.9523e+003 5.4524e+000 4.4742e+001 3.0243e+001 4.8079e+003 1.2820e+001 
6.8800e+000 4.1629e+003 7.0067e+000 9.5744e+001 3.1723e+001 6.6742e+003 4.3931e+001 
6.8600e+000 4.8943e+003 8.9757e+000 1.3502e+002 4.1552e+001 7.5932e+003 6.9588e+001 
6.8400e+000 4.9942e+003 8.6152e+000 1.5324e+002 3.8439e+001 7.5317e+003 8.4883e+001 
6.8200e+000 4.4842e+003 8.1815e+000 1.4933e+002 4.4252e+001 6.5932e+003 8.8061e+001 
6.8000e+000 3.4379e+003 6.4251e+000 1.2581e+002 3.0936e+001 4.8952e+003 8.2101e+001 
6.7800e+000 2.0607e+003 5.7171e+000 8.4808e+001 1.7918e+001 2.8731e+003 6.8091e+001 
6.7600e+000 3.9432e+002 3.8490e+000 3.0949e+001 1.4674e+001 4.3781e+002 4.5555e+001 
6.7400e+000 1.2987e+003 3.7606e+000 3.0342e+001 2.1197e+001 2.2636e+003 2.3444e+001 
6.7200e+000 2.7496e+003 5.7439e+000 8.7226e+001 2.8808e+001 4.3394e+003 2.3617e+001 
6.7000e+000 3.8065e+003 6.8308e+000 1.3510e+002 4.2714e+001 5.6623e+003 4.3712e+001 
6.6800e+000 4.3395e+003 8.3671e+000 1.6692e+002 4.8095e+001 6.2194e+003 6.3313e+001 
6.6600e+000 4.3396e+003 9.2474e+000 1.7569e+002 4.7586e+001 6.0376e+003 7.3443e+001 
6.6400e+000 3.8416e+003 9.9496e+000 1.5971e+002 3.9024e+001 5.0860e+003 7.5993e+001 
6.6200e+000 2.9773e+003 9.2558e+000 1.2347e+002 4.9761e+001 3.8188e+003 6.9385e+001 
6.6000e+000 1.8123e+003 7.1646e+000 7.3196e+001 3.5346e+001 2.1846e+003 5.5610e+001 
6.5800e+000 5.8201e+002 5.1486e+000 8.1041e+000 2.2202e+001 5.3201e+002 4.1285e+001 
6.5600e+000 6.8930e+002 3.5342e+000 6.0923e+001 1.5076e+001 1.3231e+003 3.3315e+001 
6.5400e+000 1.8629e+003 4.0616e+000 1.2185e+002 3.0884e+001 2.7430e+003 4.5551e+001 
6.5200e+000 2.6628e+003 6.1687e+000 1.7209e+002 4.4045e+001 3.4274e+003 6.7034e+001 
6.5000e+000 3.1052e+003 7.9535e+000 1.9377e+002 5.0015e+001 3.8809e+003 8.2404e+001 
6.4800e+000 3.1090e+003 9.6255e+000 1.8581e+002 6.0525e+001 3.5866e+003 8.8029e+001 
6.4600e+000 2.7681e+003 1.0336e+001 1.5849e+002 5.4017e+001 2.8353e+003 8.3458e+001 
6.4400e+000 2.1025e+003 1.0038e+001 1.1312e+002 6.2293e+001 2.0550e+003 7.1057e+001 
6.4200e+000 1.2584e+003 1.0288e+001 2.3088e+001 2.4028e+001 1.6324e+003 5.1167e+001 
6.4000e+000 8.2293e+002 8.5405e+000 1.7076e+001 5.2487e+001 3.0500e+002 2.7143e+001 
6.3800e+000 1.0943e+002 5.8669e+000 7.0261e+001 2.7242e+001 7.0229e+002 2.8126e+001 
6.3600e+000 8.4783e+002 3.8344e+000 1.3490e+002 1.4813e+001 1.0415e+003 5.4481e+001 
6.3400e+000 1.2853e+003 3.8811e+000 1.8148e+002 2.6486e+001 1.3801e+003 8.6859e+001 
6.3200e+000 1.6380e+003 6.1054e+000 2.0676e+002 4.5459e+001 1.1692e+003 1.1415e+002 
6.3000e+000 1.6279e+003 8.2914e+000 2.0121e+002 5.3315e+001 4.7392e+002 1.3243e+002 
6.2800e+000 1.3835e+003 1.0097e+001 1.6894e+002 6.7388e+001 5.6127e+002 1.3440e+002 
6.2600e+000 9.7876e+002 1.0453e+001 1.1072e+002 6.3551e+001 1.1975e+003 1.2103e+002 
6.2400e+000 5.1357e+002 1.0726e+001 4.9628e+001 6.0961e+001 1.6385e+003 9.6411e+001 
6.2200e+000 8.6921e+001 1.1237e+001 2.0866e+001 5.5209e+001 1.7894e+003 5.9557e+001 
6.2000e+000 1.9887e+002 9.8315e+000 9.0308e+001 4.8064e+001 1.4957e+003 1.3660e+001 
6.1800e+000 2.2855e+002 7.8866e+000 1.6116e+002 3.1187e+001 7.8038e+002 3.4470e+001 
6.1600e+000 5.3135e+001 5.7119e+000 2.1633e+002 1.4721e+001 5.1233e+002 8.2092e+001 
6.1400e+000 1.5441e+002 4.6297e+000 2.4045e+002 7.3797e+000 1.3728e+003 1.2729e+002 
6.1200e+000 4.3431e+002 6.1561e+000 2.3791e+002 2.6077e+001 2.7811e+003 1.7005e+002 
6.1000e+000 9.2792e+002 7.5857e+000 2.0563e+002 5.7670e+001 4.1942e+003 1.9942e+002 
6.0800e+000 1.4912e+003 1.0034e+001 1.4068e+002 6.8212e+001 5.2165e+003 2.0655e+002 
6.0600e+000 1.7119e+003 1.1958e+001 6.1413e+001 6.9631e+001 5.7598e+003 1.8689e+002 
6.0400e+000 1.7113e+003 1.1835e+001 1.0071e+001 6.0321e+001 5.5434e+003 1.5012e+002 
6.0200e+000 1.5008e+003 1.2884e+001 8.9174e+001 6.1094e+001 4.5036e+003 1.0030e+002 
6.0000e+000 9.2724e+002 1.2214e+001 1.7579e+002 4.5404e+001 2.7314e+003 4.3687e+001 
5.9800e+000 1.5738e+002 1.0733e+001 2.3734e+002 2.9386e+001 6.7324e+002 4.3378e+001 
5.9600e+000 7.4145e+002 7.7908e+000 2.6999e+002 1.4094e+001 1.7415e+003 8.4809e+001 
5.9400e+000 1.4765e+003 5.9243e+000 2.7492e+002 1.3258e+001 3.6405e+003 1.4015e+002 
5.9200e+000 2.2600e+003 5.4450e+000 2.4978e+002 1.5339e+001 6.0166e+003 2.0009e+002 
5.9000e+000 3.1582e+003 5.8029e+000 1.9686e+002 3.2561e+001 7.9627e+003 2.3583e+002 
5.8800e+000 3.8187e+003 7.4131e+000 1.2027e+002 4.3864e+001 9.2909e+003 2.4907e+002 
5.8600e+000 4.1188e+003 8.6114e+000 2.3731e+001 5.1152e+001 9.7844e+003 2.4123e+002 
5.8400e+000 3.9244e+003 9.8342e+000 5.2347e+001 4.5265e+001 9.2581e+003 2.1347e+002 
5.8200e+000 3.2562e+003 1.1036e+001 1.3511e+002 5.6171e+001 7.6851e+003 1.6978e+002 
5.8000e+000 2.1830e+003 1.1796e+001 2.1175e+002 3.5655e+001 5.2404e+003 1.1071e+002 
5.7800e+000 9.8119e+002 1.1548e+001 2.7183e+002 4.1122e+001 2.2223e+003 4.5333e+001 
5.7600e+000 5.7915e+002 1.0931e+001 3.0235e+002 3.0375e+001 1.5096e+003 4.9768e+001 
5.7400e+000 2.0449e+003 9.5935e+000 2.9792e+002 1.2093e+001 4.1979e+003 1.0345e+002 
5.7200e+000 3.2731e+003 8.8255e+000 2.6921e+002 3.2372e+000 7.5988e+003 1.7321e+002 
5.7000e+000 4.6786e+003 7.1674e+000 2.1036e+002 5.9415e+000 1.0472e+004 2.2951e+002 
5.6800e+000 5.9081e+003 7.1052e+000 1.3186e+002 2.1237e+001 1.2590e+004 2.6775e+002 
5.6600e+000 6.6150e+003 7.4230e+000 3.7911e+001 2.5170e+001 1.3638e+004 2.8382e+002 
5.6400e+000 6.5402e+003 7.5428e+000 5.9347e+001 2.6863e+001 1.3434e+004 2.7326e+002 
5.6200e+000 5.8871e+003 9.4064e+000 1.4446e+002 2.8919e+001 1.2063e+004 2.4790e+002 
5.6000e+000 4.8079e+003 1.1015e+001 2.2547e+002 3.7792e+001 9.5889e+003 2.0249e+002 
5.5800e+000 3.1314e+003 1.2001e+001 2.8567e+002 3.4650e+001 6.1825e+003 1.4369e+002 
5.5600e+000 9.2936e+002 1.2720e+001 3.2269e+002 3.5896e+001 1.9984e+003 7.7133e+001 
5.5400e+000 1.3398e+003 1.1165e+001 3.2475e+002 2.9143e+001 2.5849e+003 5.4091e+001 
5.5200e+000 3.5129e+003 1.1781e+001 3.0129e+002 3.4553e+001 6.4541e+003 1.0879e+002 
5.5000e+000 5.3299e+003 1.1433e+001 2.4955e+002 2.3351e+001 1.0362e+004 1.7789e+002 
5.4800e+000 6.8559e+003 1.0262e+001 1.7531e+002 1.6380e+001 1.3534e+004 2.3554e+002 
5.4600e+000 7.6901e+003 9.9197e+000 7.7344e+001 9.4484e+000 1.5557e+004 2.7760e+002 
5.4400e+000 8.0789e+003 8.2844e+000 2.9608e+001 3.2344e+000 1.6439e+004 2.9684e+002 
5.4200e+000 8.4509e+003 8.3972e+000 1.1904e+002 6.7875e+000 1.6275e+004 2.9637e+002 
5.4000e+000 8.0199e+003 8.7272e+000 2.0283e+002 6.9143e+000 1.4780e+004 2.8165e+002 
5.3800e+000 6.7063e+003 9.7145e+000 2.7509e+002 8.0470e+000 1.2022e+004 2.4047e+002 
5.3600e+000 4.4939e+003 1.1119e+001 3.2333e+002 4.0780e+001 8.1405e+003 1.8464e+002 
5.3400e+000 1.4930e+003 1.1815e+001 3.4804e+002 3.0753e+001 3.3475e+003 1.1723e+002 
5.3200e+000 1.0837e+003 1.2998e+001 3.3797e+002 2.1071e+001 1.5924e+003 6.1347e+001 
5.3000e+000 3.7216e+003 1.3520e+001 3.0344e+002 3.1584e+001 6.5177e+003 7.6087e+001 
5.2800e+000 5.8117e+003 1.4252e+001 2.4679e+002 2.5898e+001 1.0741e+004 1.3740e+002 
5.2600e+000 7.2071e+003 1.3177e+001 1.7475e+002 3.7104e+001 1.4019e+004 2.0045e+002 
5.2400e+000 8.5497e+003 1.2419e+001 7.5219e+001 4.1308e+001 1.6549e+004 2.5551e+002 
5.2200e+000 9.4146e+003 1.1013e+001 6.3568e+001 4.3120e+001 1.7938e+004 2.9640e+002 
5.2000e+000 9.8046e+003 1.1248e+001 2.0585e+002 4.4740e+001 1.8036e+004 3.1336e+002 
5.1800e+000 1.0087e+004 1.0207e+001 2.4817e+002 1.8675e+001 1.7222e+004 2.9997e+002 
5.1600e+000 9.2207e+003 8.0159e+000 2.9646e+002 8.9441e+000 1.5070e+004 2.7652e+002 
5.1400e+000 7.4446e+003 7.6697e+000 3.3868e+002 8.9590e+000 1.1680e+004 2.3524e+002 
5.1200e+000 4.4550e+003 9.7033e+000 3.5923e+002 2.2660e+001 7.2288e+003 1.7901e+002 
5.1000e+000 1.0420e+003 1.1962e+001 3.5518e+002 4.4484e+001 2.5033e+003 1.2025e+002 
5.0800e+000 1.1082e+003 1.5033e+001 3.2737e+002 6.2162e+001 1.4313e+003 7.1472e+001 
5.0600e+000 4.5806e+003 1.5694e+001 2.8021e+002 5.0558e+001 7.0311e+003 4.6777e+001 
5.0400e+000 7.3768e+003 1.5373e+001 2.1856e+002 5.8840e+001 1.1966e+004 1.1199e+002 
5.0200e+000 9.2171e+003 1.5394e+001 1.1115e+002 6.5186e+001 1.5276e+004 1.9034e+002 
5.0000e+000 1.0420e+004 1.6349e+001 1.2370e+002 1.2452e+002 1.7015e+004 2.7096e+002 
4.9800e+000 1.0565e+004 5.8933e+001 1.6685e+003 9.0537e+002 4.6305e+004 5.0955e+002 
4.9600e+000 1.1377e+004 2.2517e+001 3.6093e+002 9.7042e+001 1.8709e+004 3.0326e+002 
4.9400e+000 1.0871e+004 2.0563e+001 4.4494e+002 1.0005e+002 1.6370e+004 2.9439e+002 
4.9200e+000 9.7070e+003 1.3958e+001 4.0658e+002 6.7498e+001 1.3363e+004 2.6072e+002 
4.9000e+000 7.9891e+003 6.1010e+000 4.0971e+002 4.0111e+001 1.0914e+004 2.4580e+002 
4.8800e+000 5.8705e+003 2.4063e+000 5.4005e+002 7.7691e+001 8.7395e+003 2.5175e+002 
4.8600e+000 2.9083e+003 1.0007e+001 7.5195e+002 1.1563e+002 5.2856e+003 2.4819e+002 
4.8400e+000 4.6634e+002 8.9817e+000 8.0953e+002 1.2513e+002 1.9534e+003 2.0462e+002 
4.8200e+000 3.9041e+003 4.2902e+000 6.3429e+002 7.7289e+001 5.2098e+003 1.2930e+002 
4.8000e+000 7.1983e+003 6.4385e+000 3.8341e+002 2.4189e+001 9.6592e+003 6.6354e+001 
4.7800e+000 9.5871e+003 1.3784e+001 1.8483e+002 5.0069e+001 1.2886e+004 7.8057e+001 
4.7600e+000 1.1565e+004 1.9489e+001 1.4684e+002 9.4482e+001 1.3246e+004 1.1367e+002 
4.7400e+000 1.1647e+004 2.3907e+001 2.2859e+002 1.2100e+002 1.2593e+004 1.1034e+002 
4.7200e+000 1.1044e+004 2.3769e+001 3.6635e+002 1.0642e+002 1.4044e+004 1.4639e+002 
4.7000e+000 1.0042e+004 2.4562e+001 4.8009e+002 1.2720e+002 1.3987e+004 1.8712e+002 
4.6800e+000 9.0727e+003 2.4909e+001 5.5919e+002 1.3524e+002 1.2641e+004 2.1304e+002 
4.6600e+000 9.4348e+003 2.4851e+001 6.2996e+002 1.4321e+002 1.0969e+004 2.2297e+002 
4.6400e+000 9.5085e+003 2.3905e+001 7.5891e+002 1.4117e+002 9.3678e+003 2.1606e+002 
4.6200e+000 6.9973e+003 2.1289e+001 6.7886e+002 1.3268e+002 6.5887e+003 1.7934e+002 
4.6000e+000 4.0681e+003 1.3663e+001 5.1316e+002 9.1318e+001 3.7825e+003 1.5144e+002 
4.5800e+000 1.4769e+003 8.0584e+000 4.2180e+002 4.8904e+001 3.7203e+003 1.3080e+002 
4.5600e+000 4.0517e+003 4.9179e+000 3.6227e+002 3.5325e+001 7.0096e+003 9.9251e+001 
4.5400e+000 7.6773e+003 6.2191e+000 3.0159e+002 3.0649e+001 1.0416e+004 6.2715e+001 
4.5200e+000 1.0212e+004 9.1448e+000 2.2797e+002 3.6193e+001 1.2603e+004 3.5739e+001 
4.5000e+000 1.0840e+004 1.2984e+001 1.5571e+002 4.8335e+001 1.4274e+004 4.4923e+001 
4.4800e+000 1.1112e+004 1.4616e+001 1.7007e+002 5.0805e+001 1.6598e+004 9.6247e+001 
4.4600e+000 1.1926e+004 2.0322e+001 2.6972e+002 8.7097e+001 1.5866e+004 1.2891e+002 
4.4400e+000 1.1958e+004 2.3334e+001 3.7337e+002 1.1661e+002 1.4469e+004 1.5400e+002 
4.4200e+000 1.1196e+004 2.5840e+001 4.6629e+002 1.3796e+002 1.2392e+004 1.7178e+002 
4.4000e+000 1.0245e+004 2.5262e+001 5.5215e+002 1.5005e+002 1.0074e+004 1.8217e+002 
4.3800e+000 9.1834e+003 2.5331e+001 6.4893e+002 1.5838e+002 7.8526e+003 1.8298e+002 
4.3600e+000 7.0623e+003 2.4709e+001 7.2153e+002 1.5520e+002 5.3653e+003 1.6706e+002 
4.3400e+000 3.9049e+003 2.0789e+001 4.3914e+002 1.3559e+002 3.2682e+003 1.3367e+002 
4.3200e+000 1.1149e+003 1.1905e+001 2.7721e+002 6.6865e+001 3.8181e+003 1.2423e+002 
4.3000e+000 1.2883e+003 7.1759e+000 3.0203e+002 4.8322e+001 5.4789e+003 1.0522e+002 
4.2800e+000 4.6734e+003 4.7838e+000 2.8092e+002 4.2973e+001 8.7319e+003 7.9991e+001 
4.2600e+000 9.7165e+003 4.3447e+000 2.3520e+002 2.2107e+001 1.3319e+004 4.9119e+001 
4.2400e+000 1.3776e+004 7.2713e+000 1.7758e+002 8.1565e+000 1.6469e+004 1.8731e+001 
4.2200e+000 1.4165e+004 1.0722e+001 1.2812e+002 3.6340e+001 1.5911e+004 3.0448e+001 
4.2000e+000 1.3835e+004 1.2959e+001 1.2986e+002 5.9127e+001 1.5973e+004 4.7747e+001 
4.1800e+000 8.6273e+003 1.3799e+001 1.9681e+002 4.6127e+001 1.3524e+004 9.3153e+001 
4.1600e+000 1.0010e+004 1.9025e+001 2.8870e+002 9.6251e+001 1.1686e+004 1.2279e+002 
4.1400e+000 9.6187e+003 2.2345e+001 3.6469e+002 9.8154e+001 9.5241e+003 1.4062e+002 
4.1200e+000 8.4082e+003 2.4329e+001 4.1938e+002 1.2421e+002 7.0655e+003 1.5437e+002 
4.1000e+000 6.8179e+003 2.2505e+001 4.7538e+002 1.2615e+002 4.6713e+003 1.6510e+002 
4.0800e+000 4.9471e+003 1.9354e+001 5.4381e+002 1.3438e+002 3.0635e+003 1.6702e+002 
4.0600e+000 2.8477e+003 1.6641e+001 6.0786e+002 1.2459e+002 3.6430e+003 1.5549e+002 
4.0400e+000 1.3554e+003 1.7842e+001 6.4851e+002 1.6470e+002 5.2977e+003 1.3778e+002 
4.0200e+000 1.5593e+003 1.2200e+001 1.2064e+002 7.8991e+001 6.2891e+003 1.0126e+002 
4.0000e+000 2.7442e+003 6.9327e+000 1.1647e+002 5.0980e+001 7.3488e+003 8.4594e+001 
3.9800e+000 6.5706e+003 4.3761e+000 1.4560e+002 3.7102e+001 1.0747e+004 6.4572e+001 
3.9600e+000 1.1368e+004 3.9162e+000 1.3533e+002 1.9469e+001 1.5055e+004 4.0228e+001 
3.9400e+000 1.4974e+004 7.6012e+000 1.1696e+002 7.7009e+000 1.7563e+004 1.6419e+001 
3.9200e+000 1.5837e+004 1.0057e+001 1.1057e+002 3.9492e+001 1.6622e+004 3.7751e+001 
3.9000e+000 1.2312e+004 1.4504e+001 1.2953e+002 5.6288e+001 1.1128e+004 8.3948e+001 
3.8800e+000 1.1297e+004 1.7508e+001 1.7118e+002 8.2928e+001 8.3561e+003 1.0753e+002 
3.8600e+000 4.5188e+003 1.0889e+001 2.2247e+002 6.1498e+001 2.9830e+003 1.3181e+002 
3.8400e+000 2.9958e+003 1.5816e+001 2.7630e+002 8.3787e+001 2.7631e+003 1.3650e+002 
3.8200e+000 4.5571e+003 1.9388e+001 3.1029e+002 1.2027e+002 2.1519e+003 1.4392e+002 
3.8000e+000 4.7060e+003 2.0098e+001 3.3588e+002 1.2582e+002 1.8546e+003 1.4891e+002 
3.7800e+000 4.5376e+003 1.8781e+001 3.6393e+002 1.2307e+002 3.2700e+003 1.5248e+002 
3.7600e+000 4.3612e+003 1.5220e+001 3.9653e+002 1.1971e+002 5.4657e+003 1.5095e+002 
3.7400e+000 4.3896e+003 1.3518e+001 4.2379e+002 1.0716e+002 7.6556e+003 1.4336e+002 
3.7200e+000 4.6775e+003 1.3467e+001 4.6811e+002 1.2843e+002 9.3002e+003 1.2943e+002 
3.7000e+000 5.0831e+003 1.3412e+001 5.4964e+002 1.4364e+002 1.0233e+004 1.1730e+002 
3.6800e+000 5.7061e+003 1.3201e+001 3.8274e+002 1.1772e+002 1.0712e+004 7.8883e+001 
3.6600e+000 7.1433e+003 6.0375e+000 1.3631e+002 5.6956e+001 1.1710e+004 4.9739e+001 
3.6400e+000 9.5783e+003 3.6628e+000 1.2563e+002 3.4006e+001 1.3692e+004 3.8243e+001 
3.6200e+000 1.1986e+004 4.2859e+000 1.2502e+002 1.9088e+001 1.5316e+004 3.7118e+001 
3.6000e+000 1.3367e+004 5.5559e+000 1.1278e+002 2.4537e+001 1.5133e+004 4.5876e+001 
3.5800e+000 1.3668e+004 9.5476e+000 1.0258e+002 4.7008e+001 1.3198e+004 7.0650e+001 
3.5600e+000 1.3658e+004 1.3183e+001 1.0796e+002 7.1308e+001 1.0867e+004 1.0310e+002 
3.5400e+000 1.5068e+004 1.6193e+001 1.2521e+002 9.7480e+001 1.0607e+004 1.2739e+002 
3.5200e+000 2.1066e+004 1.9980e+001 1.4437e+002 1.2061e+002 1.6281e+004 1.6105e+002 
3.5000e+000 2.5273e+004 1.1352e+001 1.6415e+002 6.8403e+001 2.4816e+004 2.3406e+002 
3.4800e+000 8.9243e+003 8.9346e+000 1.8377e+002 5.4590e+001 1.2750e+004 1.8545e+002 
3.4600e+000 1.8237e+003 1.1586e+001 1.9419e+002 6.5285e+001 7.5034e+003 1.5838e+002 
3.4400e+000 4.0562e+003 9.7470e+000 2.0671e+002 6.1600e+001 8.1947e+003 1.4468e+002 
3.4200e+000 6.7255e+003 7.3463e+000 2.2697e+002 4.5716e+001 1.0459e+004 1.3314e+002 
3.4000e+000 8.8517e+003 4.7595e+000 2.5511e+002 3.1203e+001 1.2693e+004 1.2144e+002 
3.3800e+000 1.0753e+004 3.5261e+000 2.8910e+002 5.1933e+001 1.4829e+004 1.0885e+002 
3.3600e+000 1.2552e+004 6.5431e+000 3.2931e+002 8.0641e+001 1.6964e+004 1.0113e+002 
3.3400e+000 1.4150e+004 1.0564e+001 3.9235e+002 1.0658e+002 1.8958e+004 9.7407e+001 
3.3200e+000 1.5354e+004 1.6866e+001 5.0347e+002 1.2344e+002 2.0456e+004 9.5921e+001 
3.3000e+000 1.6066e+004 1.2660e+001 5.5913e+002 1.0090e+002 2.1143e+004 6.0941e+001 
3.2800e+000 1.6411e+004 7.3491e+000 4.0841e+002 6.5681e+001 2.0992e+004 1.1085e+001 
3.2600e+000 1.6766e+004 1.1007e+001 2.9221e+002 6.7827e+001 2.0195e+004 4.3750e+001 
3.2400e+000 1.7624e+004 1.7006e+001 2.3153e+002 8.4979e+001 1.9067e+004 6.3117e+001 
3.2200e+000 1.9388e+004 2.0363e+001 1.9506e+002 1.0237e+002 1.8684e+004 7.8339e+001 
3.2000e+000 2.2624e+004 2.3771e+001 1.7140e+002 1.0487e+002 2.1717e+004 9.7070e+001 
3.1800e+000 2.7405e+004 2.5749e+001 1.5646e+002 1.1797e+002 2.9051e+004 1.2222e+002 
3.1600e+000 3.2041e+004 2.9877e+001 1.4806e+002 1.4510e+002 3.7651e+004 1.5182e+002 
3.1400e+000 3.5283e+004 3.3324e+001 1.4181e+002 1.8131e+002 4.4296e+004 1.8364e+002 
3.1200e+000 3.9892e+004 3.4338e+001 1.3463e+002 1.6967e+002 5.1121e+004 2.3411e+002 
3.1000e+000 4.8295e+004 3.1429e+001 1.2297e+002 1.5780e+002 6.1140e+004 3.0419e+002 
3.0800e+000 3.6498e+004 8.9447e+000 1.4045e+002 1.2852e+002 4.6213e+004 3.2181e+002 
3.0600e+000 1.3069e+004 1.1167e+001 1.6752e+002 1.5229e+002 2.2454e+004 2.1713e+002 
3.0400e+000 1.4526e+004 1.3699e+001 1.9250e+002 1.6263e+002 2.5937e+004 1.4847e+002 
3.0200e+000 1.9181e+004 1.3348e+001 2.1982e+002 1.6842e+002 3.1460e+004 1.0896e+002 
3.0000e+000 2.1894e+004 1.3972e+001 2.4728e+002 1.7766e+002 3.4802e+004 8.2038e+001 
2.9800e+000 2.2741e+004 1.7111e+001 2.7751e+002 1.8496e+002 3.5839e+004 6.2484e+001 
2.9600e+000 2.1983e+004 2.2725e+001 3.1775e+002 2.0419e+002 3.4700e+004 4.7637e+001 
2.9400e+000 2.0105e+004 3.0450e+001 3.8467e+002 2.3623e+002 3.1867e+004 3.6532e+001 
2.9200e+000 1.8129e+004 3.7561e+001 5.1199e+002 2.4074e+002 2.8582e+004 3.9409e+001 
2.9000e+000 1.7058e+004 4.2871e+001 7.7324e+002 1.4259e+002 2.6286e+004 4.3070e+001 
2.8800e+000 1.6054e+004 4.1294e+001 1.3765e+003 2.5344e+002 2.4107e+004 2.6757e+001 
2.8600e+000 1.3415e+004 2.8142e+001 1.9650e+003 1.1065e+003 1.9464e+004 1.7400e+002 
2.8400e+000 8.9184e+003 3.1934e+001 1.2025e+003 1.1880e+003 1.2143e+004 2.2243e+002 
2.8200e+000 4.3417e+003 4.2607e+001 7.7242e+002 1.1337e+003 3.1505e+003 2.2427e+002 
2.8000e+000 7.9822e+003 5.3347e+001 5.6839e+002 1.1691e+003 1.1113e+004 2.3039e+002 
2.7800e+000 1.7295e+004 6.3774e+001 4.4795e+002 1.2465e+003 2.6594e+004 2.4163e+002 
2.7600e+000 2.9740e+004 7.3687e+001 3.5615e+002 1.3476e+003 4.6765e+004 2.6774e+002 
2.7400e+000 4.6629e+004 8.5663e+001 2.7607e+002 1.4626e+003 7.4489e+004 3.3038e+002 
2.7200e+000 6.9522e+004 1.0009e+002 2.0280e+002 1.6122e+003 1.1313e+005 4.8345e+002 
2.7000e+000 8.9728e+004 1.1209e+002 1.4258e+002 1.7632e+003 1.4977e+005 7.4222e+002 
2.6800e+000 8.2136e+004 9.6102e+001 1.1133e+002 1.6848e+003 1.4167e+005 8.4119e+002 
2.6600e+000 6.9107e+004 7.0754e+001 1.4576e+002 1.4831e+003 1.2187e+005 7.5859e+002 
2.6400e+000 7.6024e+004 5.0681e+001 2.3888e+002 1.2475e+003 1.3263e+005 6.7346e+002 
2.6200e+000 9.9842e+004 8.3054e+001 3.7686e+002 6.6433e+002 1.7086e+005 1.1162e+003 
2.6000e+000 6.5134e+004 1.5673e+002 4.6270e+002 5.5276e+002 1.1136e+005 1.5701e+003 
2.5800e+000 2.6983e+004 1.5224e+002 5.4793e+002 9.0115e+002 4.9587e+004 1.3380e+003 
2.5600e+000 2.3299e+004 1.4405e+002 6.7172e+002 9.5879e+002 4.5232e+004 1.1880e+003 
2.5400e+000 2.8664e+004 1.3901e+002 8.1104e+002 1.0488e+003 5.4449e+004 1.1173e+003 
2.5200e+000 3.3150e+004 1.3836e+002 9.5268e+002 1.3135e+003 6.2263e+004 1.1006e+003 
2.5000e+000 3.5659e+004 1.4507e+002 1.0600e+003 1.8578e+003 6.6772e+004 1.1360e+003 
2.4800e+000 3.6168e+004 1.6265e+002 1.0431e+003 2.5585e+003 6.7704e+004 1.1994e+003 
2.4600e+000 3.4681e+004 1.7194e+002 9.5280e+002 2.8109e+003 6.4931e+004 1.1888e+003 
2.4400e+000 3.1179e+004 1.5646e+002 1.1457e+003 2.4307e+003 5.8335e+004 1.1094e+003 
2.4200e+000 2.5661e+004 1.2822e+002 1.5293e+003 1.9511e+003 4.7729e+004 1.0703e+003 
2.4000e+000 1.8143e+004 9.5710e+001 2.0003e+003 1.6925e+003 3.2942e+004 1.1122e+003 
2.3800e+000 8.8871e+003 6.5276e+001 2.6721e+003 2.0045e+003 1.4090e+004 1.2774e+003 
2.3600e+000 6.2345e+003 5.1439e+001 3.9647e+003 3.3433e+003 1.2596e+004 1.7804e+003 
2.3400e+000 1.9884e+004 3.4591e+002 4.7704e+003 5.0523e+003 4.1554e+004 2.5610e+003 
2.3200e+000 3.7188e+004 3.4390e+002 1.8709e+003 2.5151e+003 7.9555e+004 1.9357e+003 
2.3000e+000 5.7401e+004 3.0602e+002 7.6049e+002 1.1528e+003 1.2424e+005 1.9454e+003 
2.2800e+000 7.9437e+004 2.9360e+002 4.0302e+002 3.8888e+002 1.7440e+005 2.3110e+003 
2.2600e+000 1.0015e+005 2.8298e+002 3.7252e+002 1.7538e+002 2.2386e+005 2.8816e+003 
2.2400e+000 1.1330e+005 2.5497e+002 5.5242e+002 6.1258e+002 2.5897e+005 3.5676e+003 
2.2200e+000 1.1231e+005 2.0284e+002 8.3854e+002 8.8956e+002 2.6412e+005 4.2248e+003 
2.2000e+000 9.7230e+004 1.4631e+002 1.1508e+003 1.0117e+003 2.3777e+005 4.7315e+003 
2.1800e+000 7.5254e+004 1.2404e+002 1.4557e+003 1.0679e+003 1.9537e+005 5.1138e+003 
2.1600e+000 5.4453e+004 1.4115e+002 1.7621e+003 1.1542e+003 1.5558e+005 5.4896e+003 
2.1400e+000 4.2181e+004 1.6368e+002 2.0949e+003 1.3403e+003 1.3404e+005 6.0681e+003 
2.1200e+000 4.4973e+004 1.7009e+002 2.4850e+003 1.6644e+003 1.4167e+005 6.7928e+003 
2.1000e+000 6.1658e+004 1.4627e+002 2.9760e+003 2.2106e+003 1.8006e+005 6.0951e+003 
2.0800e+000 9.1379e+004 5.6211e+001 3.6533e+003 3.3027e+003 2.5467e+005 5.1444e+003 
2.0600e+000 1.4987e+005 2.7006e+002 4.6736e+003 6.6297e+003 4.0894e+005 6.0533e+003 
2.0400e+000 1.9920e+005 1.1333e+003 4.0365e+003 1.4332e+004 5.3611e+005 1.4255e+004 
2.0200e+000 8.3320e+004 1.0862e+003 2.5202e+003 1.1686e+004 2.1952e+005 1.2349e+004 
2.0000e+000 4.0119e+004 9.8642e+002 3.4138e+003 1.0324e+004 1.0625e+005 1.0141e+004 
1.9800e+000 3.0833e+004 9.6141e+002 4.0207e+003 1.0088e+004 9.2496e+004 8.7983e+003 
1.9600e+000 3.1817e+004 9.4616e+002 4.3013e+003 1.0003e+004 1.0728e+005 7.6931e+003 
1.9400e+000 3.4675e+004 9.1116e+002 4.2925e+003 9.7156e+003 1.2635e+005 6.6705e+003 
1.9200e+000 3.8053e+004 8.5207e+002 4.0763e+003 9.1853e+003 1.4652e+005 5.7439e+003 
1.9000e+000 4.2518e+004 7.7513e+002 3.7760e+003 8.4871e+003 1.6903e+005 4.9605e+003 
1.8800e+000 4.8844e+004 6.9274e+002 3.5351e+003 7.7296e+003 1.9561e+005 4.3637e+003 
1.8600e+000 5.7414e+004 6.2038e+002 3.5054e+003 7.0553e+003 2.2750e+005 3.9955e+003 
1.8400e+000 6.8073e+004 5.7881e+002 3.8151e+003 6.6451e+003 2.6506e+005 3.9018e+003 
1.8200e+000 8.0224e+004 5.7546e+002 4.5487e+003 6.7369e+003 3.0769e+005 4.0812e+003 
1.8000e+000 9.2988e+004 5.6760e+002 5.7822e+003 7.4723e+003 3.5387e+005 4.4285e+003 
1.7800e+000 1.0532e+005 5.0899e+002 7.7119e+003 8.9351e+003 4.0141e+005 4.7047e+003 
1.7600e+000 1.1616e+005 4.0663e+002 1.0866e+004 1.1730e+004 4.4779e+005 4.4722e+003 
1.7400e+000 1.2452e+005 2.5005e+002 1.6772e+004 1.7661e+004 4.9091e+005 2.6935e+003 
1.7200e+000 1.2964e+005 1.7385e+002 3.0691e+004 3.2756e+004 5.3042e+005 4.6588e+003 
1.7000e+000 1.3085e+005 1.1286e+003 5.3349e+004 5.9765e+004 5.5131e+005 2.7166e+004 
1.6800e+000 1.3004e+005 1.1217e+003 3.0612e+004 3.7288e+004 5.5210e+005 2.8133e+004 
1.6600e+000 1.2657e+005 9.3490e+002 1.7967e+004 2.4720e+004 5.6238e+005 2.4919e+004 
1.6400e+000 1.2165e+005 8.3085e+002 1.2265e+004 1.9843e+004 5.6689e+005 2.3768e+004 
1.6200e+000 1.1687e+005 7.5633e+002 8.9418e+003 1.7750e+004 5.6713e+005 2.3519e+004 
1.6000e+000 1.1389e+005 6.8760e+002 6.6117e+003 1.6919e+004 5.6549e+005 2.3749e+004 
1.5800e+000 1.1433e+005 6.1443e+002 4.7506e+003 1.6760e+004 5.6408e+005 2.4356e+004 
1.5600e+000 1.1937e+005 5.3179e+002 3.1626e+003 1.6988e+004 5.6454e+005 2.5407e+004 
1.5400e+000 1.2947e+005 4.3743e+002 1.9803e+003 1.7443e+004 5.6787e+005 2.7043e+004 
1.5200e+000 1.4448e+005 3.3026e+002 2.0820e+003 1.8044e+004 5.7447e+005 2.9344e+004 
1.5000e+000 1.6402e+005 2.1808e+002 3.5540e+003 1.8723e+004 5.8413e+005 3.2031e+004 
1.4800e+000 1.8783e+005 1.5602e+002 5.6087e+003 1.9452e+004 5.9610e+005 3.4287e+004 
1.4600e+000 2.1605e+005 2.6758e+002 8.0482e+003 2.0212e+004 6.0920e+005 3.5189e+004 
1.4400e+000 2.4938e+005 5.0364e+002 1.0867e+004 2.1013e+004 6.2176e+005 3.4805e+004 
1.4200e+000 2.8934e+005 8.3909e+002 1.4093e+004 2.1902e+004 6.3152e+005 3.4863e+004 
1.4000e+000 3.3859e+005 1.3111e+003 1.7749e+004 2.2945e+004 6.3527e+005 3.8517e+004 
1.3800e+000 4.0157e+005 1.9983e+003 2.1826e+004 2.4280e+004 6.2811e+005 4.9163e+004 
1.3600e+000 4.8459e+005 3.0364e+003 2.6217e+004 2.6017e+004 6.0269e+005 6.9606e+004 
1.3400e+000 5.9086e+005 4.6205e+003 3.0616e+004 2.8093e+004 5.5474e+005 1.0253e+005 
1.3200e+000 6.8838e+005 6.7196e+003 3.4847e+004 2.9007e+004 5.3437e+005 1.4476e+005 
1.3000e+000 6.6161e+005 8.1218e+003 4.1203e+004 2.5055e+004 6.7242e+005 1.6826e+005 
1.2800e+000 4.9614e+005 7.7788e+003 5.1718e+004 1.7857e+004 8.3792e+005 1.5273e+005 
1.2600e+000 3.3352e+005 6.8397e+003 6.3733e+004 1.3700e+004 9.1744e+005 1.2524e+005 
1.2400e+000 2.1910e+005 6.0845e+003 7.6453e+004 1.4036e+004 9.5066e+005 1.0215e+005 
1.2200e+000 1.4167e+005 5.5922e+003 9.0306e+004 1.7508e+004 9.6739e+005 8.4689e+004 
1.2000e+000 8.8416e+004 5.3011e+003 1.0573e+005 2.3025e+004 9.7900e+005 7.1365e+004 
1.1800e+000 5.3020e+004 5.1519e+003 1.2307e+005 3.0235e+004 9.9009e+005 6.0956e+004 
1.1600e+000 3.7042e+004 5.1063e+003 1.4264e+005 3.9194e+004 1.0031e+006 5.2733e+004 
1.1400e+000 4.2632e+004 5.1351e+003 1.6472e+005 5.0044e+004 1.0197e+006 4.6334e+004 
1.1200e+000 5.7917e+004 5.2213e+003 1.8958e+005 6.3015e+004 1.0414e+006 4.1630e+004 
1.1000e+000 7.4935e+004 5.3512e+003 2.1743e+005 7.8324e+004 1.0694e+006 3.8652e+004 
1.0800e+000 9.1920e+004 5.5138e+003 2.4837e+005 9.6200e+004 1.1046e+006 3.7472e+004 
1.0600e+000 1.0873e+005 5.6986e+003 2.8225e+005 1.1677e+005 1.1479e+006 3.8122e+004 
1.0400e+000 1.2554e+005 5.8942e+003 3.1858e+005 1.3998e+005 1.1998e+006 4.0534e+004 
1.0200e+000 1.4257e+005 6.0858e+003 3.5630e+005 1.6547e+005 1.2604e+006 4.4576e+004 
1.0000e+000 1.5998e+005 6.2555e+003 3.9364e+005 1.9241e+005 1.3299e+006 5.0073e+004 
9.8000e-001 1.7784e+005 6.3826e+003 4.2818e+005 2.1945e+005 1.4079e+006 5.6843e+004 
9.6000e-001 1.9616e+005 6.4474e+003 4.5714e+005 2.4483e+005 1.4933e+006 6.4629e+004 
9.4000e-001 2.1485e+005 6.4373e+003 4.7808e+005 2.6669e+005 1.5846e+006 7.3098e+004 
9.2000e-001 2.3375e+005 6.3525e+003 4.8964e+005 2.8366e+005 1.6795e+006 8.1850e+004 
9.0000e-001 2.5265e+005 6.2048e+003 4.9195e+005 2.9512e+005 1.7751e+006 9.0496e+004 
8.8000e-001 2.7129e+005 6.0134e+003 4.8644e+005 3.0133e+005 1.8688e+006 9.8747e+004 
8.6000e-001 2.8940e+005 5.7997e+003 4.7516e+005 3.0310e+005 1.9582e+006 1.0643e+005 
8.4000e-001 3.0671e+005 5.5804e+003 4.6024e+005 3.0152e+005 2.0415e+006 1.1344e+005 
8.2000e-001 3.2297e+005 5.3674e+003 4.4341e+005 2.9758e+005 2.1170e+006 1.1978e+005 
8.0000e-001 3.3793e+005 5.1679e+003 4.2599e+005 2.9210e+005 2.1835e+006 1.2545e+005 
7.8000e-001 3.5139e+005 4.9847e+003 4.0880e+005 2.8572e+005 2.2402e+006 1.3045e+005 
7.6000e-001 3.6317e+005 4.8187e+003 3.9235e+005 2.7885e+005 2.2862e+006 1.3481e+005 
7.4000e-001 3.7312e+005 4.6697e+003 3.7689e+005 2.7179e+005 2.3213e+006 1.3852e+005 
7.2000e-001 3.8117e+005 4.5363e+003 3.6253e+005 2.6472e+005 2.3452e+006 1.4160e+005 
7.0000e-001 3.8725e+005 4.4171e+003 3.4927e+005 2.5773e+005 2.3579e+006 1.4406e+005 
6.8000e-001 3.9136e+005 4.3104e+003 3.3704e+005 2.5090e+005 2.3599e+006 1.4590e+005 
6.6000e-001 3.9355e+005 4.2145e+003 3.2575e+005 2.4425e+005 2.3515e+006 1.4715e+005 
6.4000e-001 3.9390e+005 4.1272e+003 3.1529e+005 2.3778e+005 2.3334e+006 1.4781e+005 
6.2000e-001 3.9249e+005 4.0471e+003 3.0554e+005 2.3148e+005 2.3064e+006 1.4792e+005 
6.0000e-001 3.8947e+005 3.9721e+003 2.9638e+005 2.2532e+005 2.2713e+006 1.4749e+005 
5.8000e-001 3.8495e+005 3.9007e+003 2.8768e+005 2.1929e+005 2.2289e+006 1.4655e+005 
5.6000e-001 3.7908e+005 3.8310e+003 2.7935e+005 2.1334e+005 2.1801e+006 1.4513e+005 
5.4000e-001 3.7201e+005 3.7617e+003 2.7128e+005 2.0744e+005 2.1258e+006 1.4327e+005 
5.2000e-001 3.6386e+005 3.6913e+003 2.6337e+005 2.0156e+005 2.0666e+006 1.4098e+005 
5.0000e-001 3.5477e+005 3.6185e+003 2.5555e+005 1.9566e+005 2.0034e+006 1.3831e+005 
4.8000e-001 3.4485e+005 3.5420e+003 2.4773e+005 1.8972e+005 1.9366e+006 1.3526e+005 
4.6000e-001 3.3420e+005 3.4611e+003 2.3985e+005 1.8369e+005 1.8670e+006 1.3187e+005 
4.4000e-001 3.2291e+005 3.3747e+003 2.3186e+005 1.7756e+005 1.7948e+006 1.2817e+005 
4.2000e-001 3.1107e+005 3.2824e+003 2.2371e+005 1.7130e+005 1.7206e+006 1.2417e+005 
4.0000e-001 2.9873e+005 3.1835e+003 2.1536e+005 1.6488e+005 1.6447e+006 1.1989e+005 
3.8000e-001 2.8597e+005 3.0778e+003 2.0678e+005 1.5829e+005 1.5674e+006 1.1536e+005 
3.6000e-001 2.7282e+005 2.9651e+003 1.9795e+005 1.5153e+005 1.4889e+006 1.1059e+005 
3.4000e-001 2.5933e+005 2.8454e+003 1.8885e+005 1.4456e+005 1.4094e+006 1.0560e+005 
3.2000e-001 2.4553e+005 2.7186e+003 1.7948e+005 1.3740e+005 1.3291e+006 1.0040e+005 
3.0000e-001 2.3145e+005 2.5849e+003 1.6982e+005 1.3003e+005 1.2482e+006 9.5017e+004 
2.8000e-001 2.1712e+005 2.4445e+003 1.5988e+005 1.2246e+005 1.1666e+006 8.9451e+004 
2.6000e-001 2.0256e+005 2.2977e+003 1.4966e+005 1.1468e+005 1.0846e+006 8.3722e+004 
2.4000e-001 1.8778e+005 2.1449e+003 1.3918e+005 1.0671e+005 1.0022e+006 7.7843e+004 
2.2000e-001 1.7281e+005 1.9864e+003 1.2845e+005 9.8547e+004 9.1948e+005 7.1827e+004 
2.0000e-001 1.5767e+005 1.8227e+003 1.1749e+005 9.0203e+004 8.3650e+005 6.5685e+004 
1.8000e-001 1.4236e+005 1.6542e+003 1.0632e+005 8.1690e+004 7.5330e+005 5.9432e+004 
1.6000e-001 1.2691e+005 1.4814e+003 9.4958e+004 7.3021e+004 6.6993e+005 5.3078e+004 
1.4000e-001 1.1132e+005 1.3047e+003 8.3427e+004 6.4211e+004 5.8642e+005 4.6635e+004 
1.2000e-001 9.5631e+004 1.1246e+003 7.1752e+004 5.5275e+004 5.0281e+005 4.0115e+004 
1.0000e-001 7.9840e+004 9.4159e+002 5.9957e+004 4.6231e+004 4.1911e+005 3.3529e+004 
8.0000e-002 6.3969e+004 7.5617e+002 4.8067e+004 3.7095e+004 3.3535e+005 2.6888e+004 
6.0000e-002 4.8033e+004 5.6883e+002 3.6106e+004 2.7886e+004 2.5155e+005 2.0204e+004 
4.0000e-002 3.2049e+004 3.8002e+002 2.4094e+004 1.8622e+004 1.6771e+005 1.3487e+004 
2.0000e-002 1.6032e+004 1.9025e+002 1.2053e+004 9.3200e+003 8.3861e+004 6.7491e+003 
